  2.000000000000000E-003  2.000000000000000E-003 -0.232865327664143     
  2.000000000000000E-003  0.307153750000000      -0.238774423835330     
  2.000000000000000E-003  0.612307500000000      -0.214667503526410     
  2.000000000000000E-003  0.917461250000000      -0.174784848908084     
  2.000000000000000E-003   1.22261500000000      -0.141067429157492     
  2.000000000000000E-003   1.52776875000000      -0.116984130741368     
  2.000000000000000E-003   1.83292250000000      -0.101187958407673     
  2.000000000000000E-003   2.13807625000000      -9.162802479947357E-002
  2.000000000000000E-003   2.44323000000000      -8.619765838746364E-002
  2.000000000000000E-003   2.74838375000000      -8.430573852940192E-002
  2.000000000000000E-003   3.05353750000000      -8.243807011336252E-002
  2.000000000000000E-003   3.35869125000000      -7.393601707689425E-002
  2.000000000000000E-003   3.66384500000000      -6.269335042017703E-002
  2.000000000000000E-003   3.96899875000000      -5.980174502281017E-002
  2.000000000000000E-003   4.27415250000000      -5.703032644471348E-002
  2.000000000000000E-003   4.57930625000000      -5.542128550583152E-002
  2.000000000000000E-003   4.88446000000000      -5.368134112528818E-002
  2.000000000000000E-003   5.18961375000000      -5.155967732351419E-002
  2.000000000000000E-003   5.49476750000000      -4.950204987809257E-002
  2.000000000000000E-003   5.79992125000000      -4.696907660149288E-002
  2.000000000000000E-003   6.10507500000000      -4.400947243141116E-002
  2.000000000000000E-003   6.41022875000000      -4.095367057733550E-002
  2.000000000000000E-003   6.71538250000000      -3.854398699334104E-002
  2.000000000000000E-003   7.02053625000000      -3.824856864870260E-002
  2.000000000000000E-003   7.32569000000000      -3.739193427381131E-002
  0.307153750000000       2.000000000000000E-003 -0.257971111497059     
  0.307153750000000       0.307153750000000      -0.221881159531849     
  0.307153750000000       0.612307500000000      -0.200550864848581     
  0.307153750000000       0.917461250000000      -0.171543916378949     
  0.307153750000000        1.22261500000000      -0.142227083568287     
  0.307153750000000        1.52776875000000      -0.119367975446342     
  0.307153750000000        1.83292250000000      -0.103472966859064     
  0.307153750000000        2.13807625000000      -9.313222325865725E-002
  0.307153750000000        2.44323000000000      -8.626275964698359E-002
  0.307153750000000        2.74838375000000      -8.220626217237384E-002
  0.307153750000000        3.05353750000000      -7.785180520619957E-002
  0.307153750000000        3.35869125000000      -6.871199479664894E-002
  0.307153750000000        3.66384500000000      -5.849305347820746E-002
  0.307153750000000        3.96899875000000      -5.529806902197821E-002
  0.307153750000000        4.27415250000000      -5.477151526540962E-002
  0.307153750000000        4.57930625000000      -5.453165817953030E-002
  0.307153750000000        4.88446000000000      -5.349360974717311E-002
  0.307153750000000        5.18961375000000      -5.175310105266779E-002
  0.307153750000000        5.49476750000000      -4.982932802089982E-002
  0.307153750000000        5.79992125000000      -4.738110888043019E-002
  0.307153750000000        6.10507500000000      -4.460439559906869E-002
  0.307153750000000        6.41022875000000      -4.207368857955538E-002
  0.307153750000000        6.71538250000000      -4.094316158303785E-002
  0.307153750000000        7.02053625000000      -4.173302722827520E-002
  0.307153750000000        7.32569000000000      -3.938411092287131E-002
  0.612307500000000       2.000000000000000E-003 -0.244564725948726     
  0.612307500000000       0.307153750000000      -0.221327053913013     
  0.612307500000000       0.612307500000000      -0.192472796724091     
  0.612307500000000       0.917461250000000      -0.167063127758167     
  0.612307500000000        1.22261500000000      -0.142375413822881     
  0.612307500000000        1.52776875000000      -0.121555255286448     
  0.612307500000000        1.83292250000000      -0.105903141770613     
  0.612307500000000        2.13807625000000      -9.460387730568531E-002
  0.612307500000000        2.44323000000000      -8.614140720271866E-002
  0.612307500000000        2.74838375000000      -7.965129602004131E-002
  0.612307500000000        3.05353750000000      -7.310465248345258E-002
  0.612307500000000        3.35869125000000      -6.448039279505070E-002
  0.612307500000000        3.66384500000000      -5.634558707707339E-002
  0.612307500000000        3.96899875000000      -5.318408996836332E-002
  0.612307500000000        4.27415250000000      -5.340027649453564E-002
  0.612307500000000        4.57930625000000      -5.380175321844812E-002
  0.612307500000000        4.88446000000000      -5.312102365845258E-002
  0.612307500000000        5.18961375000000      -5.163554164654850E-002
  0.612307500000000        5.49476750000000      -4.972087798438082E-002
  0.612307500000000        5.79992125000000      -4.735301821361992E-002
  0.612307500000000        6.10507500000000      -4.477064478412756E-002
  0.612307500000000        6.41022875000000      -4.261551427445372E-002
  0.612307500000000        6.71538250000000      -4.167494601149911E-002
  0.612307500000000        7.02053625000000      -4.151531962549443E-002
  0.612307500000000        7.32569000000000      -3.925823603144679E-002
  0.917461250000000       2.000000000000000E-003 -0.234956066097547     
  0.917461250000000       0.307153750000000      -0.220993624669279     
  0.917461250000000       0.612307500000000      -0.193792235176462     
  0.917461250000000       0.917461250000000      -0.167239004837026     
  0.917461250000000        1.22261500000000      -0.143726318313770     
  0.917461250000000        1.52776875000000      -0.123977809656634     
  0.917461250000000        1.83292250000000      -0.108404592704248     
  0.917461250000000        2.13807625000000      -9.629808399648174E-002
  0.917461250000000        2.44323000000000      -8.677499454374304E-002
  0.917461250000000        2.74838375000000      -7.894586896378303E-002
  0.917461250000000        3.05353750000000      -7.165017824704924E-002
  0.917461250000000        3.35869125000000      -6.430827230689742E-002
  0.917461250000000        3.66384500000000      -5.818515665653325E-002
  0.917461250000000        3.96899875000000      -5.504098325518015E-002
  0.917461250000000        4.27415250000000      -5.427679171824056E-002
  0.917461250000000        4.57930625000000      -5.395461576228285E-002
  0.917461250000000        4.88446000000000      -5.298537626563209E-002
  0.917461250000000        5.18961375000000      -5.138610338908142E-002
  0.917461250000000        5.49476750000000      -4.932509757055748E-002
  0.917461250000000        5.79992125000000      -4.695746545315622E-002
  0.917461250000000        6.10507500000000      -4.446562053389587E-002
  0.917461250000000        6.41022875000000      -4.231055812299896E-002
  0.917461250000000        6.71538250000000      -4.081978877054129E-002
  0.917461250000000        7.02053625000000      -3.962707364435132E-002
  0.917461250000000        7.32569000000000      -3.782098246826700E-002
   1.22261500000000       2.000000000000000E-003 -0.218469329227460     
   1.22261500000000       0.307153750000000      -0.209744182324573     
   1.22261500000000       0.612307500000000      -0.189151399699165     
   1.22261500000000       0.917461250000000      -0.165921645834342     
   1.22261500000000        1.22261500000000      -0.144354090278297     
   1.22261500000000        1.52776875000000      -0.125769777277233     
   1.22261500000000        1.83292250000000      -0.110504750048603     
   1.22261500000000        2.13807625000000      -9.814694120027120E-002
   1.22261500000000        2.44323000000000      -8.814317001427249E-002
   1.22261500000000        2.74838375000000      -7.991305517642827E-002
   1.22261500000000        3.05353750000000      -7.277336640966547E-002
   1.22261500000000        3.35869125000000      -6.638826823247515E-002
   1.22261500000000        3.66384500000000      -6.125666801844854E-002
   1.22261500000000        3.96899875000000      -5.792376003439380E-002
   1.22261500000000        4.27415250000000      -5.601270082371364E-002
   1.22261500000000        4.57930625000000      -5.456050678463430E-002
   1.22261500000000        4.88446000000000      -5.297642953460689E-002
   1.22261500000000        5.18961375000000      -5.104199056899785E-002
   1.22261500000000        5.49476750000000      -4.876873822042788E-002
   1.22261500000000        5.79992125000000      -4.632317904947540E-002
   1.22261500000000        6.10507500000000      -4.387231400809871E-002
   1.22261500000000        6.41022875000000      -4.168111125218099E-002
   1.22261500000000        6.71538250000000      -3.989108685830899E-002
   1.22261500000000        7.02053625000000      -3.834915994747155E-002
   1.22261500000000        7.32569000000000      -3.677227479437402E-002
   1.52776875000000       2.000000000000000E-003 -0.199064088596258     
   1.52776875000000       0.307153750000000      -0.193415658594458     
   1.52776875000000       0.612307500000000      -0.179106524899746     
   1.52776875000000       0.917461250000000      -0.160977598930710     
   1.52776875000000        1.22261500000000      -0.142718775703810     
   1.52776875000000        1.52776875000000      -0.126156244930211     
   1.52776875000000        1.83292250000000      -0.111942661733626     
   1.52776875000000        2.13807625000000      -9.986524978090211E-002
   1.52776875000000        2.44323000000000      -8.978764221476210E-002
   1.52776875000000        2.74838375000000      -8.144365609942211E-002
   1.52776875000000        3.05353750000000      -7.445613266066556E-002
   1.52776875000000        3.35869125000000      -6.856008903355164E-002
   1.52776875000000        3.66384500000000      -6.374714916427886E-002
   1.52776875000000        3.96899875000000      -6.006392881653970E-002
   1.52776875000000        4.27415250000000      -5.730451910463675E-002
   1.52776875000000        4.57930625000000      -5.504362892164021E-002
   1.52776875000000        4.88446000000000      -5.287678318220509E-002
   1.52776875000000        5.18961375000000      -5.056775230345211E-002
   1.52776875000000        5.49476750000000      -4.808378665501645E-002
   1.52776875000000        5.79992125000000      -4.555196320665604E-002
   1.52776875000000        6.10507500000000      -4.315173067638537E-002
   1.52776875000000        6.41022875000000      -4.101832542788529E-002
   1.52776875000000        6.71538250000000      -3.921377417856945E-002
   1.52776875000000        7.02053625000000      -3.766042764360848E-002
   1.52776875000000        7.32569000000000      -3.622173780971118E-002
   1.83292250000000       2.000000000000000E-003 -0.181336258829438     
   1.83292250000000       0.307153750000000      -0.177570425771135     
   1.83292250000000       0.612307500000000      -0.167451798535704     
   1.83292250000000       0.917461250000000      -0.153808176150018     
   1.83292250000000        1.22261500000000      -0.139356857667839     
   1.83292250000000        1.52776875000000      -0.125421505065828     
   1.83292250000000        1.83292250000000      -0.112546437839697     
   1.83292250000000        2.13807625000000      -0.101073503039285     
   1.83292250000000        2.44323000000000      -9.118647034691134E-002
   1.83292250000000        2.74838375000000      -8.285318894515160E-002
   1.83292250000000        3.05353750000000      -7.587451324945706E-002
   1.83292250000000        3.35869125000000      -7.003043037671432E-002
   1.83292250000000        3.66384500000000      -6.518137746596250E-002
   1.83292250000000        3.96899875000000      -6.122547063429234E-002
   1.83292250000000        4.27415250000000      -5.798872631915413E-002
   1.83292250000000        4.57930625000000      -5.520054810214567E-002
   1.83292250000000        4.88446000000000      -5.258032947344334E-002
   1.83292250000000        5.18961375000000      -4.994930421619295E-002
   1.83292250000000        5.49476750000000      -4.728888914654229E-002
   1.83292250000000        5.79992125000000      -4.471316930503424E-002
   1.83292250000000        6.10507500000000      -4.237529403916349E-002
   1.83292250000000        6.41022875000000      -4.037102514995320E-002
   1.83292250000000        6.71538250000000      -3.869936924795439E-002
   1.83292250000000        7.02053625000000      -3.728272976458645E-002
   1.83292250000000        7.32569000000000      -3.600849917032802E-002
   2.13807625000000       2.000000000000000E-003 -0.167862810672404     
   2.13807625000000       0.307153750000000      -0.165016854367246     
   2.13807625000000       0.612307500000000      -0.157485816323633     
   2.13807625000000       0.917461250000000      -0.147142858456877     
   2.13807625000000        1.22261500000000      -0.135541796135111     
   2.13807625000000        1.52776875000000      -0.123646990478832     
   2.13807625000000        1.83292250000000      -0.112104527191154     
   2.13807625000000        2.13807625000000      -0.101412908435867     
   2.13807625000000        2.44323000000000      -9.190406820911484E-002
   2.13807625000000        2.74838375000000      -8.369385778012720E-002
   2.13807625000000        3.05353750000000      -7.671463556771836E-002
   2.13807625000000        3.35869125000000      -7.081677547798784E-002
   2.13807625000000        3.66384500000000      -6.585334363488202E-002
   2.13807625000000        3.96899875000000      -6.168715811665895E-002
   2.13807625000000        4.27415250000000      -5.814773562543948E-002
   2.13807625000000        4.57930625000000      -5.501692977617538E-002
   2.13807625000000        4.88446000000000      -5.208207353407258E-002
   2.13807625000000        5.18961375000000      -4.921916195940016E-002
   2.13807625000000        5.49476750000000      -4.643682431340720E-002
   2.13807625000000        5.79992125000000      -4.384666638817412E-002
   2.13807625000000        6.10507500000000      -4.158078815012863E-002
   2.13807625000000        6.41022875000000      -3.971376209700865E-002
   2.13807625000000        6.71538250000000      -3.823308138687889E-002
   2.13807625000000        7.02053625000000      -3.704994305616095E-002
   2.13807625000000        7.32569000000000      -3.601979866368221E-002
   2.44323000000000       2.000000000000000E-003 -0.161224204170078     
   2.44323000000000       0.307153750000000      -0.158083080536838     
   2.44323000000000       0.612307500000000      -0.150448402347197     
   2.44323000000000       0.917461250000000      -0.141059332641635     
   2.44323000000000        1.22261500000000      -0.131046268381034     
   2.44323000000000        1.52776875000000      -0.120747353273089     
   2.44323000000000        1.83292250000000      -0.110491615834490     
   2.44323000000000        2.13807625000000      -0.100688392187198     
   2.44323000000000        2.44323000000000      -9.169671541802807E-002
   2.44323000000000        2.74838375000000      -8.372240416796925E-002
   2.44323000000000        3.05353750000000      -7.680805368704047E-002
   2.44323000000000        3.35869125000000      -7.088901066801270E-002
   2.44323000000000        3.66384500000000      -6.585476393511289E-002
   2.44323000000000        3.96899875000000      -6.157023413303568E-002
   2.44323000000000        4.27415250000000      -5.786589943729987E-002
   2.44323000000000        4.57930625000000      -5.454388516111779E-002
   2.44323000000000        4.88446000000000      -5.142911670618557E-002
   2.44323000000000        5.18961375000000      -4.843617245762619E-002
   2.44323000000000        5.49476750000000      -4.559460250935910E-002
   2.44323000000000        5.79992125000000      -4.301180793810039E-002
   2.44323000000000        6.10507500000000      -4.080088098789513E-002
   2.44323000000000        6.41022875000000      -3.902901687290816E-002
   2.44323000000000        6.71538250000000      -3.771837069701599E-002
   2.44323000000000        7.02053625000000      -3.683965328699774E-002
   2.44323000000000        7.32569000000000      -3.619673737931899E-002
   2.74838375000000       2.000000000000000E-003 -0.159281813206762     
   2.74838375000000       0.307153750000000      -0.154531215512199     
   2.74838375000000       0.612307500000000      -0.144515118131440     
   2.74838375000000       0.917461250000000      -0.134582115969504     
   2.74838375000000        1.22261500000000      -0.125662838016645     
   2.74838375000000        1.52776875000000      -0.116822390406190     
   2.74838375000000        1.83292250000000      -0.107838215931301     
   2.74838375000000        2.13807625000000      -9.896899655876937E-002
   2.74838375000000        2.44323000000000      -9.056949644221833E-002
   2.74838375000000        2.74838375000000      -8.291454542571954E-002
   2.74838375000000        3.05353750000000      -7.614651826027184E-002
   2.74838375000000        3.35869125000000      -7.028806252775012E-002
   2.74838375000000        3.66384500000000      -6.527547833193828E-002
   2.74838375000000        3.96899875000000      -6.098372826824201E-002
   2.74838375000000        4.27415250000000      -5.724128601887438E-002
   2.74838375000000        4.57930625000000      -5.385874399136634E-002
   2.74838375000000        4.88446000000000      -5.068418355535564E-002
   2.74838375000000        5.18961375000000      -4.765657617730033E-002
   2.74838375000000        5.49476750000000      -4.481394853303467E-002
   2.74838375000000        5.79992125000000      -4.224831332109480E-002
   2.74838375000000        6.10507500000000      -4.004032500403055E-002
   2.74838375000000        6.41022875000000      -3.823956467220654E-002
   2.74838375000000        6.71538250000000      -3.703976849751834E-002
   2.74838375000000        7.02053625000000      -3.658271390925763E-002
   2.74838375000000        7.32569000000000      -3.648952575370896E-002
   3.05353750000000       2.000000000000000E-003 -0.159221644664574     
   3.05353750000000       0.307153750000000      -0.150802546918670     
   3.05353750000000       0.612307500000000      -0.136803951040600     
   3.05353750000000       0.917461250000000      -0.126762029328706     
   3.05353750000000        1.22261500000000      -0.119552270560559     
   3.05353750000000        1.52776875000000      -0.112320677904649     
   3.05353750000000        1.83292250000000      -0.104550956008933     
   3.05353750000000        2.13807625000000      -9.655258354440173E-002
   3.05353750000000        2.44323000000000      -8.872669759463432E-002
   3.05353750000000        2.74838375000000      -8.141906590704999E-002
   3.05353750000000        3.05353750000000      -7.485977541297784E-002
   3.05353750000000        3.35869125000000      -6.914581861465252E-002
   3.05353750000000        3.66384500000000      -6.425123912652450E-002
   3.05353750000000        3.96899875000000      -6.005536097138189E-002
   3.05353750000000        4.27415250000000      -5.638033848505979E-002
   3.05353750000000        4.57930625000000      -5.304037366935287E-002
   3.05353750000000        4.88446000000000      -4.990008069142268E-002
   3.05353750000000        5.18961375000000      -4.691354002975302E-002
   3.05353750000000        5.49476750000000      -4.411641099846635E-002
   3.05353750000000        5.79992125000000      -4.157074875456856E-002
   3.05353750000000        6.10507500000000      -3.928946688628342E-002
   3.05353750000000        6.41022875000000      -3.733464303446898E-002
   3.05353750000000        6.71538250000000      -3.621073658494749E-002
   3.05353750000000        7.02053625000000      -3.613009667058377E-002
   3.05353750000000        7.32569000000000      -3.665327122200041E-002
   3.35869125000000       2.000000000000000E-003 -0.155390259527389     
   3.35869125000000       0.307153750000000      -0.142053210512361     
   3.35869125000000       0.612307500000000      -0.126418205367424     
   3.35869125000000       0.917461250000000      -0.118576447981095     
   3.35869125000000        1.22261500000000      -0.113626821242016     
   3.35869125000000        1.52776875000000      -0.107963351253062     
   3.35869125000000        1.83292250000000      -0.101134254987536     
   3.35869125000000        2.13807625000000      -9.379352569591701E-002
   3.35869125000000        2.44323000000000      -8.642839567573610E-002
   3.35869125000000        2.74838375000000      -7.944476075568102E-002
   3.35869125000000        3.05353750000000      -7.313239385727251E-002
   3.35869125000000        3.35869125000000      -6.763187297022281E-002
   3.35869125000000        3.66384500000000      -6.293293263338610E-002
   3.35869125000000        3.96899875000000      -5.890893757674481E-002
   3.35869125000000        4.27415250000000      -5.537391595955966E-002
   3.35869125000000        4.57930625000000      -5.214521873869584E-002
   3.35869125000000        4.88446000000000      -4.910113989108768E-002
   3.35869125000000        5.18961375000000      -4.620701428463653E-002
   3.35869125000000        5.49476750000000      -4.349310659824591E-002
   3.35869125000000        5.79992125000000      -4.098785244959046E-002
   3.35869125000000        6.10507500000000      -3.861435283415183E-002
   3.35869125000000        6.41022875000000      -3.656211795685000E-002
   3.35869125000000        6.71538250000000      -3.536186227673940E-002
   3.35869125000000        7.02053625000000      -3.539591937428894E-002
   3.35869125000000        7.32569000000000      -3.626272126229653E-002
   3.66384500000000       2.000000000000000E-003 -0.141019277795330     
   3.66384500000000       0.307153750000000      -0.133114228144364     
   3.66384500000000       0.612307500000000      -0.120554616380578     
   3.66384500000000       0.917461250000000      -0.114040059780521     
   3.66384500000000        1.22261500000000      -0.109618103294276     
   3.66384500000000        1.52776875000000      -0.104357261898387     
   3.66384500000000        1.83292250000000      -9.789009675216752E-002
   3.66384500000000        2.13807625000000      -9.089357721129297E-002
   3.66384500000000        2.44323000000000      -8.384157236636867E-002
   3.66384500000000        2.74838375000000      -7.714723156237496E-002
   3.66384500000000        3.05353750000000      -7.111315638256066E-002
   3.66384500000000        3.35869125000000      -6.588246501038351E-002
   3.66384500000000        3.66384500000000      -6.143484732371227E-002
   3.66384500000000        3.96899875000000      -5.762877695060645E-002
   3.66384500000000        4.27415250000000      -5.427199313398354E-002
   3.66384500000000        4.57930625000000      -5.118867928084665E-002
   3.66384500000000        4.88446000000000      -4.827236838330300E-002
   3.66384500000000        5.18961375000000      -4.550115077209090E-002
   3.66384500000000        5.49476750000000      -4.290595053007872E-002
   3.66384500000000        5.79992125000000      -4.050035839290168E-002
   3.66384500000000        6.10507500000000      -3.818142463788922E-002
   3.66384500000000        6.41022875000000      -3.618572156989985E-002
   3.66384500000000        6.71538250000000      -3.498649143612399E-002
   3.66384500000000        7.02053625000000      -3.502942952150505E-002
   3.66384500000000        7.32569000000000      -3.571533875873970E-002
   3.96899875000000       2.000000000000000E-003 -0.156454835656371     
   3.96899875000000       0.307153750000000      -0.143510173932665     
   3.96899875000000       0.612307500000000      -0.125573016428066     
   3.96899875000000       0.917461250000000      -0.114657366337417     
   3.96899875000000        1.22261500000000      -0.107672271764599     
   3.96899875000000        1.52776875000000      -0.101341951913097     
   3.96899875000000        1.83292250000000      -9.468182927149658E-002
   3.96899875000000        2.13807625000000      -8.779004102028326E-002
   3.96899875000000        2.44323000000000      -8.097040720069303E-002
   3.96899875000000        2.74838375000000      -7.457464418170692E-002
   3.96899875000000        3.05353750000000      -6.886847718699704E-002
   3.96899875000000        3.35869125000000      -6.396127346001373E-002
   3.96899875000000        3.66384500000000      -5.980407475787753E-002
   3.96899875000000        3.96899875000000      -5.623888397087592E-002
   3.96899875000000        4.27415250000000      -5.307235972774169E-002
   3.96899875000000        4.57930625000000      -5.014278333611372E-002
   3.96899875000000        4.88446000000000      -4.736440516467100E-002
   3.96899875000000        5.18961375000000      -4.473256022780266E-002
   3.96899875000000        5.49476750000000      -4.228812087952014E-002
   3.96899875000000        5.79992125000000      -4.005667147707186E-002
   3.96899875000000        6.10507500000000      -3.797939140203361E-002
   3.96899875000000        6.41022875000000      -3.622741504513771E-002
   3.96899875000000        6.71538250000000      -3.522475157685491E-002
   3.96899875000000        7.02053625000000      -3.521874410861602E-002
   3.96899875000000        7.32569000000000      -3.553405271663982E-002
   4.27415250000000       2.000000000000000E-003 -0.156081259518430     
   4.27415250000000       0.307153750000000      -0.146263475474243     
   4.27415250000000       0.612307500000000      -0.128598988281915     
   4.27415250000000       0.917461250000000      -0.114790645001725     
   4.27415250000000        1.22261500000000      -0.105308028891102     
   4.27415250000000        1.52776875000000      -9.791190243903446E-002
   4.27415250000000        1.83292250000000      -9.101158290039921E-002
   4.27415250000000        2.13807625000000      -8.423077550320703E-002
   4.27415250000000        2.44323000000000      -7.770341512767338E-002
   4.27415250000000        2.74838375000000      -7.169109212770369E-002
   4.27415250000000        3.05353750000000      -6.639311890583323E-002
   4.27415250000000        3.35869125000000      -6.186698182778455E-002
   4.27415250000000        3.66384500000000      -5.803043895092100E-002
   4.27415250000000        3.96899875000000      -5.471483543243737E-002
   4.27415250000000        4.27415250000000      -5.173659813425029E-002
   4.27415250000000        4.57930625000000      -4.895729114087903E-002
   4.27415250000000        4.88446000000000      -4.631719657176249E-002
   4.27415250000000        5.18961375000000      -4.383264456360787E-002
   4.27415250000000        5.49476750000000      -4.155976296479234E-002
   4.27415250000000        5.79992125000000      -3.954516593932107E-002
   4.27415250000000        6.10507500000000      -3.779281858022366E-002
   4.27415250000000        6.41022875000000      -3.636001117297279E-002
   4.27415250000000        6.71538250000000      -3.552973399053892E-002
   4.27415250000000        7.02053625000000      -3.531496325385156E-002
   4.27415250000000        7.32569000000000      -3.527507849847182E-002
   4.57930625000000       2.000000000000000E-003 -0.139410028551513     
   4.57930625000000       0.307153750000000      -0.133678765463385     
   4.57930625000000       0.612307500000000      -0.121393374590919     
   4.57930625000000       0.917461250000000      -0.109458225874630     
   4.57930625000000        1.22261500000000      -0.100418972718858     
   4.57930625000000        1.52776875000000      -9.312215820109507E-002
   4.57930625000000        1.83292250000000      -8.641552922317036E-002
   4.57930625000000        2.13807625000000      -7.999316418956202E-002
   4.57930625000000        2.44323000000000      -7.394175395873843E-002
   4.57930625000000        2.74838375000000      -6.845234287079471E-002
   4.57930625000000        3.05353750000000      -6.365800480143002E-002
   4.57930625000000        3.35869125000000      -5.956848784716275E-002
   4.57930625000000        3.66384500000000      -5.607791226137898E-002
   4.57930625000000        3.96899875000000      -5.301842902350851E-002
   4.57930625000000        4.27415250000000      -5.022705729134255E-002
   4.57930625000000        4.57930625000000      -4.759542722303167E-002
   4.57930625000000        4.88446000000000      -4.509289512571701E-002
   4.57930625000000        5.18961375000000      -4.275834960394599E-002
   4.57930625000000        5.49476750000000      -4.066298865717555E-002
   4.57930625000000        5.79992125000000      -3.886605718354333E-002
   4.57930625000000        6.10507500000000      -3.739179744942702E-002
   4.57930625000000        6.41022875000000      -3.625328005942980E-002
   4.57930625000000        6.71538250000000      -3.551521003559859E-002
   4.57930625000000        7.02053625000000      -3.513018729334752E-002
   4.57930625000000        7.32569000000000      -3.483009591717398E-002
   4.88446000000000       2.000000000000000E-003 -0.117942313548308     
   4.88446000000000       0.307153750000000      -0.114815003445435     
   4.88446000000000       0.612307500000000      -0.107613751685859     
   4.88446000000000       0.917461250000000      -9.997624908171075E-002
   4.88446000000000        1.22261500000000      -9.310430856973501E-002
   4.88446000000000        1.52776875000000      -8.681357295638820E-002
   4.88446000000000        1.83292250000000      -8.082027742137020E-002
   4.88446000000000        2.13807625000000      -7.507791796235123E-002
   4.88446000000000        2.44323000000000      -6.970938692650921E-002
   4.88446000000000        2.74838375000000      -6.487125693107616E-002
   4.88446000000000        3.05353750000000      -6.065426551750581E-002
   4.88446000000000        3.35869125000000      -5.704195610490861E-002
   4.88446000000000        3.66384500000000      -5.392209356229602E-002
   4.88446000000000        3.96899875000000      -5.113683897023639E-002
   4.88446000000000        4.27415250000000      -4.854539190731059E-002
   4.88446000000000        4.57930625000000      -4.606868417637838E-002
   4.88446000000000        4.88446000000000      -4.370568939424577E-002
   4.88446000000000        5.18961375000000      -4.151878506130871E-002
   4.88446000000000        5.49476750000000      -3.959271013862666E-002
   4.88446000000000        5.79992125000000      -3.799032787628046E-002
   4.88446000000000        6.10507500000000      -3.672903165324215E-002
   4.88446000000000        6.41022875000000      -3.578691828975836E-002
   4.88446000000000        6.71538250000000      -3.511988767928374E-002
   4.88446000000000        7.02053625000000      -3.464141542261936E-002
   4.88446000000000        7.32569000000000      -3.417617312092511E-002
   5.18961375000000       2.000000000000000E-003 -9.828946648596101E-002
   5.18961375000000       0.307153750000000      -9.695877598980709E-002
   5.18961375000000       0.612307500000000      -9.358797468202162E-002
   5.18961375000000       0.917461250000000      -8.920304629990793E-002
   5.18961375000000        1.22261500000000      -8.444433887988809E-002
   5.18961375000000        1.52776875000000      -7.953856458457750E-002
   5.18961375000000        1.83292250000000      -7.459183369015553E-002
   5.18961375000000        2.13807625000000      -6.974388844093433E-002
   5.18961375000000        2.44323000000000      -6.517020335066367E-002
   5.18961375000000        2.74838375000000      -6.102768391147848E-002
   5.18961375000000        3.05353750000000      -5.740291596373039E-002
   5.18961375000000        3.35869125000000      -5.428474602236762E-002
   5.18961375000000        3.66384500000000      -5.156941361466288E-002
   5.18961375000000        3.96899875000000      -4.910361914951092E-002
   5.18961375000000        4.27415250000000      -4.675212718268477E-002
   5.18961375000000        4.57930625000000      -4.445304291064728E-002
   5.18961375000000        4.88446000000000      -4.223329326523843E-002
   5.18961375000000        5.18961375000000      -4.018208548255776E-002
   5.18961375000000        5.49476750000000      -3.840024611509883E-002
   5.18961375000000        5.79992125000000      -3.695364879491945E-002
   5.18961375000000        6.10507500000000      -3.585110377298362E-002
   5.18961375000000        6.41022875000000      -3.504804788341125E-002
   5.18961375000000        6.71538250000000      -3.445852390984731E-002
   5.18961375000000        7.02053625000000      -3.396025713964330E-002
   5.18961375000000        7.32569000000000      -3.341167886392825E-002
   5.49476750000000       2.000000000000000E-003 -8.227688964200514E-002
   5.49476750000000       0.307153750000000      -8.182907003039569E-002
   5.49476750000000       0.612307500000000      -8.053843066767497E-002
   5.49476750000000       0.917461250000000      -7.847423568491446E-002
   5.49476750000000        1.22261500000000      -7.563007216288173E-002
   5.49476750000000        1.52776875000000      -7.216953730658635E-002
   5.49476750000000        1.83292250000000      -6.834045762439771E-002
   5.49476750000000        2.13807625000000      -6.439317956679994E-002
   5.49476750000000        2.44323000000000      -6.055801513000296E-002
   5.49476750000000        2.74838375000000      -5.702684992769154E-002
   5.49476750000000        3.05353750000000      -5.392942090848216E-002
   5.49476750000000        3.35869125000000      -5.130048944240305E-002
   5.49476750000000        3.66384500000000      -4.905224471765162E-002
   5.49476750000000        3.96899875000000      -4.700043177945144E-002
   5.49476750000000        4.27415250000000      -4.496654048473969E-002
   5.49476750000000        4.57930625000000      -4.288084723075101E-002
   5.49476750000000        4.88446000000000      -4.080075940220394E-002
   5.49476750000000        5.18961375000000      -3.885433388820257E-002
   5.49476750000000        5.49476750000000      -3.716764439089273E-002
   5.49476750000000        5.79992125000000      -3.581592273827174E-002
   5.49476750000000        6.10507500000000      -3.481148580528220E-002
   5.49476750000000        6.41022875000000      -3.411688463616172E-002
   5.49476750000000        6.71538250000000      -3.364807565852573E-002
   5.49476750000000        7.02053625000000      -3.323798142058625E-002
   5.49476750000000        7.32569000000000      -3.268959047253166E-002
   5.79992125000000       2.000000000000000E-003 -6.883285184280927E-002
   5.79992125000000       0.307153750000000      -6.907338619562750E-002
   5.79992125000000       0.612307500000000      -6.935074752448836E-002
   5.79992125000000       0.917461250000000      -6.900014396684914E-002
   5.79992125000000        1.22261500000000      -6.773451965043702E-002
   5.79992125000000        1.52776875000000      -6.556721003578674E-002
   5.79992125000000        1.83292250000000      -6.267151786847794E-002
   5.79992125000000        2.13807625000000      -5.941206254399656E-002
   5.79992125000000        2.44323000000000      -5.608311692220594E-002
   5.79992125000000        2.74838375000000      -5.293762199043348E-002
   5.79992125000000        3.05353750000000      -5.020447351914394E-002
   5.79992125000000        3.35869125000000      -4.804048880502419E-002
   5.79992125000000        3.66384500000000      -4.639465208453161E-002
   5.79992125000000        3.96899875000000      -4.495183809565621E-002
   5.79992125000000        4.27415250000000      -4.336311878832669E-002
   5.79992125000000        4.57930625000000      -4.151895108304342E-002
   5.79992125000000        4.88446000000000      -3.954365340254366E-002
   5.79992125000000        5.18961375000000      -3.763813362647155E-002
   5.79992125000000        5.49476750000000      -3.596610911953931E-002
   5.79992125000000        5.79992125000000      -3.461487352618729E-002
   5.79992125000000        6.10507500000000      -3.361452693456200E-002
   5.79992125000000        6.41022875000000      -3.303580887833409E-002
   5.79992125000000        6.71538250000000      -3.276175692114424E-002
   5.79992125000000        7.02053625000000      -3.251021117741051E-002
   5.79992125000000        7.32569000000000      -3.199401396361459E-002
   6.10507500000000       2.000000000000000E-003 -5.755280003951655E-002
   6.10507500000000       0.307153750000000      -5.878687748485160E-002
   6.10507500000000       0.612307500000000      -6.100842604043221E-002
   6.10507500000000       0.917461250000000      -6.218935484530436E-002
   6.10507500000000        1.22261500000000      -6.188561019987245E-002
   6.10507500000000        1.52776875000000      -6.039701243687353E-002
   6.10507500000000        1.83292250000000      -5.801679502254561E-002
   6.10507500000000        2.13807625000000      -5.506819324431399E-002
   6.10507500000000        2.44323000000000      -5.187903576066327E-002
   6.10507500000000        2.74838375000000      -4.873345338468436E-002
   6.10507500000000        3.05353750000000      -4.601028326035831E-002
   6.10507500000000        3.35869125000000      -4.421528399045918E-002
   6.10507500000000        3.66384500000000      -4.352167536012132E-002
   6.10507500000000        3.96899875000000      -4.315014725705790E-002
   6.10507500000000        4.27415250000000      -4.220405085027957E-002
   6.10507500000000        4.57930625000000      -4.055196998215638E-002
   6.10507500000000        4.88446000000000      -3.856486247802488E-002
   6.10507500000000        5.18961375000000      -3.658886624511425E-002
   6.10507500000000        5.49476750000000      -3.482099479336652E-002
   6.10507500000000        5.79992125000000      -3.333703045041310E-002
   6.10507500000000        6.10507500000000      -3.233899143676944E-002
   6.10507500000000        6.41022875000000      -3.191729850821089E-002
   6.10507500000000        6.71538250000000      -3.190781036013600E-002
   6.10507500000000        7.02053625000000      -3.189506310818382E-002
   6.10507500000000        7.32569000000000      -3.140928367551958E-002
   6.41022875000000       2.000000000000000E-003 -4.816266411998905E-002
   6.41022875000000       0.307153750000000      -5.147464452935870E-002
   6.41022875000000       0.612307500000000      -5.647055866808003E-002
   6.41022875000000       0.917461250000000      -5.873748906496552E-002
   6.41022875000000        1.22261500000000      -5.859813744298059E-002
   6.41022875000000        1.52776875000000      -5.704680084371760E-002
   6.41022875000000        1.83292250000000      -5.457620611550786E-002
   6.41022875000000        2.13807625000000      -5.150104063939209E-002
   6.41022875000000        2.44323000000000      -4.803132024765081E-002
   6.41022875000000        2.74838375000000      -4.427315979814817E-002
   6.41022875000000        3.05353750000000      -4.101427177753481E-002
   6.41022875000000        3.35869125000000      -3.978859386025173E-002
   6.41022875000000        3.66384500000000      -4.075091267418815E-002
   6.41022875000000        3.96899875000000      -4.206476691735116E-002
   6.41022875000000        4.27415250000000      -4.189494725012791E-002
   6.41022875000000        4.57930625000000      -4.017284387098222E-002
   6.41022875000000        4.88446000000000      -3.788713365458780E-002
   6.41022875000000        5.18961375000000      -3.568497590028791E-002
   6.41022875000000        5.49476750000000      -3.370725404361206E-002
   6.41022875000000        5.79992125000000      -3.206643521251581E-002
   6.41022875000000        6.10507500000000      -3.107173986198568E-002
   6.41022875000000        6.41022875000000      -3.081736818667838E-002
   6.41022875000000        6.71538250000000      -3.116917740797161E-002
   6.41022875000000        7.02053625000000      -3.151564792841029E-002
   6.41022875000000        7.32569000000000      -3.103315021791546E-002
   6.71538250000000       2.000000000000000E-003 -4.161626943973003E-002
   6.71538250000000       0.307153750000000      -4.916868788525991E-002
   6.71538250000000       0.612307500000000      -5.673394535215366E-002
   6.71538250000000       0.917461250000000      -5.848021823701824E-002
   6.71538250000000        1.22261500000000      -5.749064086696865E-002
   6.71538250000000        1.52776875000000      -5.527803004248752E-002
   6.71538250000000        1.83292250000000      -5.229889749923020E-002
   6.71538250000000        2.13807625000000      -4.877373175790180E-002
   6.71538250000000        2.44323000000000      -4.472030050009974E-002
   6.71538250000000        2.74838375000000      -3.999262928717504E-002
   6.71538250000000        3.05353750000000      -3.625357937262070E-002
   6.71538250000000        3.35869125000000      -3.564033009589994E-002
   6.71538250000000        3.66384500000000      -3.887758157384343E-002
   6.71538250000000        3.96899875000000      -4.217216312779989E-002
   6.71538250000000        4.27415250000000      -4.235691969413029E-002
   6.71538250000000        4.57930625000000      -4.023266926762649E-002
   6.71538250000000        4.88446000000000      -3.737154115532849E-002
   6.71538250000000        5.18961375000000      -3.481985758786378E-002
   6.71538250000000        5.49476750000000      -3.259550464171216E-002
   6.71538250000000        5.79992125000000      -3.085073182530211E-002
   6.71538250000000        6.10507500000000      -2.983502037296510E-002
   6.71538250000000        6.41022875000000      -2.971086298439270E-002
   6.71538250000000        6.71538250000000      -3.047317061128166E-002
   6.71538250000000        7.02053625000000      -3.134718877179284E-002
   6.71538250000000        7.32569000000000      -3.082078297265985E-002
   7.02053625000000       2.000000000000000E-003 -4.481326379033587E-002
   7.02053625000000       0.307153750000000      -5.546676094141522E-002
   7.02053625000000       0.612307500000000      -5.952182200158623E-002
   7.02053625000000       0.917461250000000      -5.921340312071926E-002
   7.02053625000000        1.22261500000000      -5.729139539692039E-002
   7.02053625000000        1.52776875000000      -5.436566444152183E-002
   7.02053625000000        1.83292250000000      -5.084568632833703E-002
   7.02053625000000        2.13807625000000      -4.690055162783537E-002
   7.02053625000000        2.44323000000000      -4.240534229266732E-002
   7.02053625000000        2.74838375000000      -3.743169068908613E-002
   7.02053625000000        3.05353750000000      -3.365035839191009E-002
   7.02053625000000        3.35869125000000      -3.381228239558221E-002
   7.02053625000000        3.66384500000000      -3.888633164727946E-002
   7.02053625000000        3.96899875000000      -4.268173553924244E-002
   7.02053625000000        4.27415250000000      -4.239902415234036E-002
   7.02053625000000        4.57930625000000      -3.979834039038517E-002
   7.02053625000000        4.88446000000000      -3.663046296896058E-002
   7.02053625000000        5.18961375000000      -3.383398860845589E-002
   7.02053625000000        5.49476750000000      -3.148655660092355E-002
   7.02053625000000        5.79992125000000      -2.970946772014212E-002
   7.02053625000000        6.10507500000000      -2.865116783118410E-002
   7.02053625000000        6.41022875000000      -2.850031562156603E-002
   7.02053625000000        6.71538250000000      -2.934952397183513E-002
   7.02053625000000        7.02053625000000      -3.051024668671149E-002
   7.02053625000000        7.32569000000000      -3.009521517991536E-002
   7.32569000000000       2.000000000000000E-003 -5.465585818340057E-002
   7.32569000000000       0.307153750000000      -5.855597922385263E-002
   7.32569000000000       0.612307500000000      -5.804023167296898E-002
   7.32569000000000       0.917461250000000      -5.828380713378446E-002
   7.32569000000000        1.22261500000000      -5.658578253937578E-002
   7.32569000000000        1.52776875000000      -5.347816845384713E-002
   7.32569000000000        1.83292250000000      -4.973902058676256E-002
   7.32569000000000        2.13807625000000      -4.576075572058482E-002
   7.32569000000000        2.44323000000000      -4.156407897056785E-002
   7.32569000000000        2.74838375000000      -3.746587997609745E-002
   7.32569000000000        3.05353750000000      -3.505555527592025E-002
   7.32569000000000        3.35869125000000      -3.664182468497880E-002
   7.32569000000000        3.66384500000000      -3.951170348671627E-002
   7.32569000000000        3.96899875000000      -4.046670689331150E-002
   7.32569000000000        4.27415250000000      -4.035656852858156E-002
   7.32569000000000        4.57930625000000      -3.813719504927848E-002
   7.32569000000000        4.88446000000000      -3.526654632356407E-002
   7.32569000000000        5.18961375000000      -3.262088972072666E-002
   7.32569000000000        5.49476750000000      -3.037003424679190E-002
   7.32569000000000        5.79992125000000      -2.867005045952641E-002
   7.32569000000000        6.10507500000000      -2.761372675583212E-002
   7.32569000000000        6.41022875000000      -2.725356559034202E-002
   7.32569000000000        6.71538250000000      -2.748471330791837E-002
   7.32569000000000        7.02053625000000      -2.760651698275999E-002
   7.32569000000000        7.32569000000000      -2.741485385752202E-002
