  2.000000000000000E-003  2.000000000000000E-003  -1.99134502687086     
  2.000000000000000E-003  0.307153750000000       -1.73750376104986     
  2.000000000000000E-003  0.612307500000000       -1.33298041147611     
  2.000000000000000E-003  0.917461250000000      -0.992381535784165     
  2.000000000000000E-003   1.22261500000000      -0.759837970755650     
  2.000000000000000E-003   1.52776875000000      -0.601437638216708     
  2.000000000000000E-003   1.83292250000000      -0.486845701434103     
  2.000000000000000E-003   2.13807625000000      -0.399340789339702     
  2.000000000000000E-003   2.44323000000000      -0.329031693089704     
  2.000000000000000E-003   2.74838375000000      -0.270920433434680     
  2.000000000000000E-003   3.05353750000000      -0.231154380096653     
  2.000000000000000E-003   3.35869125000000      -0.224167728759154     
  2.000000000000000E-003   3.66384500000000      -0.232651859091387     
  2.000000000000000E-003   3.96899875000000      -0.206112505601439     
  2.000000000000000E-003   4.27415250000000      -0.183620892592670     
  2.000000000000000E-003   4.57930625000000      -0.162039929951692     
  2.000000000000000E-003   4.88446000000000      -0.143003956797244     
  2.000000000000000E-003   5.18961375000000      -0.126430045331320     
  2.000000000000000E-003   5.49476750000000      -0.110853541759580     
  2.000000000000000E-003   5.79992125000000      -9.774504621401811E-002
  2.000000000000000E-003   6.10507500000000      -8.708352402247406E-002
  2.000000000000000E-003   6.41022875000000      -7.843567602383447E-002
  2.000000000000000E-003   6.71538250000000      -7.100312384879945E-002
  2.000000000000000E-003   7.02053625000000      -6.336112471972899E-002
  2.000000000000000E-003   7.32569000000000      -6.323992084532017E-002
  0.307153750000000       2.000000000000000E-003  -1.73743302306240     
  0.307153750000000       0.307153750000000       -1.65456274343126     
  0.307153750000000       0.612307500000000       -1.29688615426989     
  0.307153750000000       0.917461250000000      -0.968665111119018     
  0.307153750000000        1.22261500000000      -0.744127365651287     
  0.307153750000000        1.52776875000000      -0.590854612537665     
  0.307153750000000        1.83292250000000      -0.479944477098292     
  0.307153750000000        2.13807625000000      -0.395604245088724     
  0.307153750000000        2.44323000000000      -0.328785275331664     
  0.307153750000000        2.74838375000000      -0.274386441884097     
  0.307153750000000        3.05353750000000      -0.238450385065546     
  0.307153750000000        3.35869125000000      -0.230682288441431     
  0.307153750000000        3.66384500000000      -0.234390074717105     
  0.307153750000000        3.96899875000000      -0.213193059842259     
  0.307153750000000        4.27415250000000      -0.186543620298549     
  0.307153750000000        4.57930625000000      -0.163035760929510     
  0.307153750000000        4.88446000000000      -0.143503098547844     
  0.307153750000000        5.18961375000000      -0.126911284161629     
  0.307153750000000        5.49476750000000      -0.111729747559800     
  0.307153750000000        5.79992125000000      -9.918721501171722E-002
  0.307153750000000        6.10507500000000      -8.932293781385590E-002
  0.307153750000000        6.41022875000000      -8.199649226235160E-002
  0.307153750000000        6.71538250000000      -7.672147573657270E-002
  0.307153750000000        7.02053625000000      -7.219095997163527E-002
  0.307153750000000        7.32569000000000      -6.793240648816068E-002
  0.612307500000000       2.000000000000000E-003  -1.33289842840989     
  0.612307500000000       0.307153750000000       -1.29683422209068     
  0.612307500000000       0.612307500000000       -1.11055851649572     
  0.612307500000000       0.917461250000000      -0.878795665675471     
  0.612307500000000        1.22261500000000      -0.694162465205260     
  0.612307500000000        1.52776875000000      -0.559801458495356     
  0.612307500000000        1.83292250000000      -0.460126046600692     
  0.612307500000000        2.13807625000000      -0.384554364000743     
  0.612307500000000        2.44323000000000      -0.326033223628948     
  0.612307500000000        2.74838375000000      -0.279682899912319     
  0.612307500000000        3.05353750000000      -0.249440698935020     
  0.612307500000000        3.35869125000000      -0.237710192414494     
  0.612307500000000        3.66384500000000      -0.232050604826823     
  0.612307500000000        3.96899875000000      -0.213905710156102     
  0.612307500000000        4.27415250000000      -0.187914270634967     
  0.612307500000000        4.57930625000000      -0.163812957431525     
  0.612307500000000        4.88446000000000      -0.144224954914959     
  0.612307500000000        5.18961375000000      -0.128016682012883     
  0.612307500000000        5.49476750000000      -0.114033707357435     
  0.612307500000000        5.79992125000000      -0.102725995493106     
  0.612307500000000        6.10507500000000      -9.446917884211067E-002
  0.612307500000000        6.41022875000000      -8.897188851416039E-002
  0.612307500000000        6.71538250000000      -8.503274973550413E-002
  0.612307500000000        7.02053625000000      -7.937373687581428E-002
  0.612307500000000        7.32569000000000      -7.350812890669575E-002
  0.917461250000000       2.000000000000000E-003 -0.992289459103301     
  0.917461250000000       0.307153750000000      -0.968592525706844     
  0.917461250000000       0.612307500000000      -0.878764078019674     
  0.917461250000000       0.917461250000000      -0.745588277944203     
  0.917461250000000        1.22261500000000      -0.617435430900738     
  0.917461250000000        1.52776875000000      -0.512519061566428     
  0.917461250000000        1.83292250000000      -0.430278846332551     
  0.917461250000000        2.13807625000000      -0.366959698193965     
  0.917461250000000        2.44323000000000      -0.317791242340740     
  0.917461250000000        2.74838375000000      -0.279662999747164     
  0.917461250000000        3.05353750000000      -0.252708420561948     
  0.917461250000000        3.35869125000000      -0.236484035465127     
  0.917461250000000        3.66384500000000      -0.223628964447811     
  0.917461250000000        3.96899875000000      -0.205865688050532     
  0.917461250000000        4.27415250000000      -0.183691417258326     
  0.917461250000000        4.57930625000000      -0.162222719489307     
  0.917461250000000        4.88446000000000      -0.144075504475904     
  0.917461250000000        5.18961375000000      -0.129127470349852     
  0.917461250000000        5.49476750000000      -0.116808084902826     
  0.917461250000000        5.79992125000000      -0.106896915795437     
  0.917461250000000        6.10507500000000      -9.986145282910415E-002
  0.917461250000000        6.41022875000000      -9.521787268086999E-002
  0.917461250000000        6.71538250000000      -9.164296003111708E-002
  0.917461250000000        7.02053625000000      -8.720322678257088E-002
  0.917461250000000        7.32569000000000      -8.259119584100537E-002
   1.22261500000000       2.000000000000000E-003 -0.759761632945325     
   1.22261500000000       0.307153750000000      -0.744063882010360     
   1.22261500000000       0.612307500000000      -0.694127019304617     
   1.22261500000000       0.917461250000000      -0.617424139895837     
   1.22261500000000        1.22261500000000      -0.534034824178992     
   1.22261500000000        1.52776875000000      -0.458345371338283     
   1.22261500000000        1.83292250000000      -0.395377301945620     
   1.22261500000000        2.13807625000000      -0.344852199909234     
   1.22261500000000        2.44323000000000      -0.304475571272815     
   1.22261500000000        2.74838375000000      -0.272592563439785     
   1.22261500000000        3.05353750000000      -0.248139841687827     
   1.22261500000000        3.35869125000000      -0.229583859458741     
   1.22261500000000        3.66384500000000      -0.213393729866923     
   1.22261500000000        3.96899875000000      -0.195979087570587     
   1.22261500000000        4.27415250000000      -0.177163052447416     
   1.22261500000000        4.57930625000000      -0.159078631782710     
   1.22261500000000        4.88446000000000      -0.143181170956710     
   1.22261500000000        5.18961375000000      -0.129925554575917     
   1.22261500000000        5.49476750000000      -0.119174984886363     
   1.22261500000000        5.79992125000000      -0.110554917183062     
   1.22261500000000        6.10507500000000      -0.104149765864719     
   1.22261500000000        6.41022875000000      -9.960716445487740E-002
   1.22261500000000        6.71538250000000      -9.598034170188334E-002
   1.22261500000000        7.02053625000000      -9.221686580227370E-002
   1.22261500000000        7.32569000000000      -8.810462326696342E-002
   1.52776875000000       2.000000000000000E-003 -0.601380211653704     
   1.52776875000000       0.307153750000000      -0.590805860703114     
   1.52776875000000       0.612307500000000      -0.559770998395806     
   1.52776875000000       0.917461250000000      -0.512505786006003     
   1.52776875000000        1.22261500000000      -0.458341643738711     
   1.52776875000000        1.52776875000000      -0.405971989500978     
   1.52776875000000        1.83292250000000      -0.359886291285291     
   1.52776875000000        2.13807625000000      -0.320762278782595     
   1.52776875000000        2.44323000000000      -0.288154660696202     
   1.52776875000000        2.74838375000000      -0.261299116569149     
   1.52776875000000        3.05353750000000      -0.239264227284583     
   1.52776875000000        3.35869125000000      -0.220737687408675     
   1.52776875000000        3.66384500000000      -0.203973338339176     
   1.52776875000000        3.96899875000000      -0.187536196881226     
   1.52776875000000        4.27415250000000      -0.171205173907218     
   1.52776875000000        4.57930625000000      -0.155738444526502     
   1.52776875000000        4.88446000000000      -0.141983185607359     
   1.52776875000000        5.18961375000000      -0.130371860907370     
   1.52776875000000        5.49476750000000      -0.120876508484201     
   1.52776875000000        5.79992125000000      -0.113200343411004     
   1.52776875000000        6.10507500000000      -0.107057076935147     
   1.52776875000000        6.41022875000000      -0.102249152144122     
   1.52776875000000        6.71538250000000      -9.823918504180947E-002
   1.52776875000000        7.02053625000000      -9.439063672751528E-002
   1.52776875000000        7.32569000000000      -9.035097284530569E-002
   1.83292250000000       2.000000000000000E-003 -0.486785399671361     
   1.83292250000000       0.307153750000000      -0.479890897670364     
   1.83292250000000       0.612307500000000      -0.460086518688244     
   1.83292250000000       0.917461250000000      -0.430254735979943     
   1.83292250000000        1.22261500000000      -0.395365142779762     
   1.83292250000000        1.52776875000000      -0.359881160472843     
   1.83292250000000        1.83292250000000      -0.326588081838843     
   1.83292250000000        2.13807625000000      -0.296769004498292     
   1.83292250000000        2.44323000000000      -0.270739723887189     
   1.83292250000000        2.74838375000000      -0.248278894698680     
   1.83292250000000        3.05353750000000      -0.228833677806156     
   1.83292250000000        3.35869125000000      -0.211607044881554     
   1.83292250000000        3.66384500000000      -0.195724336630778     
   1.83292250000000        3.96899875000000      -0.180573732867442     
   1.83292250000000        4.27415250000000      -0.166084494364806     
   1.83292250000000        4.57930625000000      -0.152634917378197     
   1.83292250000000        4.88446000000000      -0.140687356085297     
   1.83292250000000        5.18961375000000      -0.130479224498127     
   1.83292250000000        5.49476750000000      -0.121936472954447     
   1.83292250000000        5.79992125000000      -0.114783010074957     
   1.83292250000000        6.10507500000000      -0.108723660268271     
   1.83292250000000        6.41022875000000      -0.103544782978164     
   1.83292250000000        6.71538250000000      -9.903699753467961E-002
   1.83292250000000        7.02053625000000      -9.487073074858891E-002
   1.83292250000000        7.32569000000000      -9.074050983504088E-002
   2.13807625000000       2.000000000000000E-003 -0.399240897940365     
   2.13807625000000       0.307153750000000      -0.395510665100803     
   2.13807625000000       0.612307500000000      -0.384475890540571     
   2.13807625000000       0.917461250000000      -0.366901889051157     
   2.13807625000000        1.22261500000000      -0.344815000016569     
   2.13807625000000        1.52776875000000      -0.320741217314715     
   2.13807625000000        1.83292250000000      -0.296759143488601     
   2.13807625000000        2.13807625000000      -0.274148519319899     
   2.13807625000000        2.44323000000000      -0.253483177922603     
   2.13807625000000        2.74838375000000      -0.234841896202769     
   2.13807625000000        3.05353750000000      -0.217989135710861     
   2.13807625000000        3.35869125000000      -0.202526394727552     
   2.13807625000000        3.66384500000000      -0.188058386006321     
   2.13807625000000        3.96899875000000      -0.174369934111570     
   2.13807625000000        4.27415250000000      -0.161516236938297     
   2.13807625000000        4.57930625000000      -0.149741837631098     
   2.13807625000000        4.88446000000000      -0.139283903075222     
   2.13807625000000        5.18961375000000      -0.130207203821545     
   2.13807625000000        5.49476750000000      -0.122370484469408     
   2.13807625000000        5.79992125000000      -0.115520619101030     
   2.13807625000000        6.10507500000000      -0.109426684641532     
   2.13807625000000        6.41022875000000      -0.103950201850210     
   2.13807625000000        6.71538250000000      -9.900989191372926E-002
   2.13807625000000        7.02053625000000      -9.449784749644173E-002
   2.13807625000000        7.32569000000000      -9.024866593974581E-002
   2.44323000000000       2.000000000000000E-003 -0.328844899110352     
   2.44323000000000       0.307153750000000      -0.328603887875336     
   2.44323000000000       0.612307500000000      -0.325871655320081     
   2.44323000000000       0.917461250000000      -0.317663476043973     
   2.44323000000000        1.22261500000000      -0.304385692470920     
   2.44323000000000        1.52776875000000      -0.288097894869160     
   2.44323000000000        1.83292250000000      -0.270707787427716     
   2.44323000000000        2.13807625000000      -0.253468798026982     
   2.44323000000000        2.44323000000000      -0.237035798981053     
   2.44323000000000        2.74838375000000      -0.221634366574649     
   2.44323000000000        3.05353750000000      -0.207224972046164     
   2.44323000000000        3.35869125000000      -0.193653577312665     
   2.44323000000000        3.66384500000000      -0.180787535606790     
   2.44323000000000        3.96899875000000      -0.168615337803219     
   2.44323000000000        4.27415250000000      -0.157263911971085     
   2.44323000000000        4.57930625000000      -0.146912341779003     
   2.44323000000000        4.88446000000000      -0.137664753882336     
   2.44323000000000        5.18961375000000      -0.129472992171897     
   2.44323000000000        5.49476750000000      -0.122156262181677     
   2.44323000000000        5.79992125000000      -0.115497596443942     
   2.44323000000000        6.10507500000000      -0.109346477918145     
   2.44323000000000        6.41022875000000      -0.103657822279926     
   2.44323000000000        6.71538250000000      -9.845338259973770E-002
   2.44323000000000        7.02053625000000      -9.374350901442624E-002
   2.44323000000000        7.32569000000000      -8.944848753279040E-002
   2.74838375000000       2.000000000000000E-003 -0.270597684974028     
   2.74838375000000       0.307153750000000      -0.274058227461707     
   2.74838375000000       0.612307500000000      -0.279370462888196     
   2.74838375000000       0.917461250000000      -0.279411585221390     
   2.74838375000000        1.22261500000000      -0.272415024137416     
   2.74838375000000        1.52776875000000      -0.261182323361474     
   2.74838375000000        1.83292250000000      -0.248207955541103     
   2.74838375000000        2.13807625000000      -0.234803290505719     
   2.74838375000000        2.44323000000000      -0.221617663851319     
   2.74838375000000        2.74838375000000      -0.208913125291233     
   2.74838375000000        3.05353750000000      -0.196731781961120     
   2.74838375000000        3.35869125000000      -0.185032089756850     
   2.74838375000000        3.66384500000000      -0.173799966294482     
   2.74838375000000        3.96899875000000      -0.163112555813245     
   2.74838375000000        4.27415250000000      -0.153124338445398     
   2.74838375000000        4.57930625000000      -0.143976221894216     
   2.74838375000000        4.88446000000000      -0.135700621504000     
   2.74838375000000        5.18961375000000      -0.128194577053921     
   2.74838375000000        5.49476750000000      -0.121272480650490     
   2.74838375000000        5.79992125000000      -0.114759960363271     
   2.74838375000000        6.10507500000000      -0.108567690864357     
   2.74838375000000        6.41022875000000      -0.102702017775474     
   2.74838375000000        6.71538250000000      -9.729540133785761E-002
   2.74838375000000        7.02053625000000      -9.258215178439198E-002
   2.74838375000000        7.32569000000000      -8.843853971137035E-002
   3.05353750000000       2.000000000000000E-003 -0.230689117435790     
   3.05353750000000       0.307153750000000      -0.237939209723788     
   3.05353750000000       0.612307500000000      -0.248920257628800     
   3.05353750000000       0.917461250000000      -0.252278980167848     
   3.05353750000000        1.22261500000000      -0.247842330371280     
   3.05353750000000        1.52776875000000      -0.239067315259107     
   3.05353750000000        1.83292250000000      -0.228708061153354     
   3.05353750000000        2.13807625000000      -0.217914386708584     
   3.05353750000000        2.44323000000000      -0.207184522014385     
   3.05353750000000        2.74838375000000      -0.196713845459886     
   3.05353750000000        3.05353750000000      -0.186533343921184     
   3.05353750000000        3.35869125000000      -0.176616273494449     
   3.05353750000000        3.66384500000000      -0.166968504415388     
   3.05353750000000        3.96899875000000      -0.157680548320891     
   3.05353750000000        4.27415250000000      -0.148908080891544     
   3.05353750000000        4.57930625000000      -0.140773577586927     
   3.05353750000000        4.88446000000000      -0.133282062385818     
   3.05353750000000        5.18961375000000      -0.126321138524232     
   3.05353750000000        5.49476750000000      -0.119727693404866     
   3.05353750000000        5.79992125000000      -0.113368218659213     
   3.05353750000000        6.10507500000000      -0.107174834207142     
   3.05353750000000        6.41022875000000      -0.101156024999462     
   3.05353750000000        6.71538250000000      -9.570226102163075E-002
   3.05353750000000        7.02053625000000      -9.132278307364386E-002
   3.05353750000000        7.32569000000000      -8.767071117160968E-002
   3.35869125000000       2.000000000000000E-003 -0.223658174305834     
   3.35869125000000       0.307153750000000      -0.230006222299869     
   3.35869125000000       0.612307500000000      -0.236976579302513     
   3.35869125000000       0.917461250000000      -0.235880430355815     
   3.35869125000000        1.22261500000000      -0.229160563365032     
   3.35869125000000        1.52776875000000      -0.220456398826421     
   3.35869125000000        1.83292250000000      -0.211419278943515     
   3.35869125000000        2.13807625000000      -0.202406183612116     
   3.35869125000000        2.44323000000000      -0.193580479745147     
   3.35869125000000        2.74838375000000      -0.184989704660929     
   3.35869125000000        3.05353750000000      -0.176595326010578     
   3.35869125000000        3.35869125000000      -0.168330873302395     
   3.35869125000000        3.66384500000000      -0.160165529729898     
   3.35869125000000        3.96899875000000      -0.152159115267231     
   3.35869125000000        4.27415250000000      -0.144459083711698     
   3.35869125000000        4.57930625000000      -0.137185765013247     
   3.35869125000000        4.88446000000000      -0.130345390797059     
   3.35869125000000        5.18961375000000      -0.123845778263617     
   3.35869125000000        5.49476750000000      -0.117564178735810     
   3.35869125000000        5.79992125000000      -0.111407416381053     
   3.35869125000000        6.10507500000000      -0.105299659692712     
   3.35869125000000        6.41022875000000      -9.930294077441745E-002
   3.35869125000000        6.71538250000000      -9.399297290249418E-002
   3.35869125000000        7.02053625000000      -9.041920182989512E-002
   3.35869125000000        7.32569000000000      -8.783753853842895E-002
   3.66384500000000       2.000000000000000E-003 -0.232227412971316     
   3.66384500000000       0.307153750000000      -0.233662363557699     
   3.66384500000000       0.612307500000000      -0.231240571477810     
   3.66384500000000       0.917461250000000      -0.222946033302471     
   3.66384500000000        1.22261500000000      -0.212893649721439     
   3.66384500000000        1.52776875000000      -0.203626223956983     
   3.66384500000000        1.83292250000000      -0.195479241479903     
   3.66384500000000        2.13807625000000      -0.187889946456258     
   3.66384500000000        2.44323000000000      -0.180674977280432     
   3.66384500000000        2.74838375000000      -0.173724957194912     
   3.66384500000000        3.05353750000000      -0.166919009209875     
   3.66384500000000        3.35869125000000      -0.160138520214253     
   3.66384500000000        3.66384500000000      -0.153307375591337     
   3.66384500000000        3.96899875000000      -0.146447539046832     
   3.66384500000000        4.27415250000000      -0.139693471006645     
   3.66384500000000        4.57930625000000      -0.133167210433395     
   3.66384500000000        4.88446000000000      -0.126890592857124     
   3.66384500000000        5.18961375000000      -0.120807962926438     
   3.66384500000000        5.49476750000000      -0.114848277346709     
   3.66384500000000        5.79992125000000      -0.108969005618941     
   3.66384500000000        6.10507500000000      -0.103125390435090     
   3.66384500000000        6.41022875000000      -9.747485591014399E-002
   3.66384500000000        6.71538250000000      -9.265982717660454E-002
   3.66384500000000        7.02053625000000      -8.985402278437932E-002
   3.66384500000000        7.32569000000000      -8.831204297069735E-002
   3.96899875000000       2.000000000000000E-003 -0.205758940730530     
   3.96899875000000       0.307153750000000      -0.212669039945813     
   3.96899875000000       0.612307500000000      -0.213241213708065     
   3.96899875000000       0.917461250000000      -0.205238259119321     
   3.96899875000000        1.22261500000000      -0.195477354474090     
   3.96899875000000        1.52776875000000      -0.187156561880883     
   3.96899875000000        1.83292250000000      -0.180286710001490     
   3.96899875000000        2.13807625000000      -0.174158592986407     
   3.96899875000000        2.44323000000000      -0.168462132932228     
   3.96899875000000        2.74838375000000      -0.162999863629173     
   3.96899875000000        3.05353750000000      -0.157595716942629     
   3.96899875000000        3.35869125000000      -0.152098003707879     
   3.96899875000000        3.66384500000000      -0.146413728302191     
   3.96899875000000        3.96899875000000      -0.140552371779883     
   3.96899875000000        4.27415250000000      -0.134627352561966     
   3.96899875000000        4.57930625000000      -0.128755304094763     
   3.96899875000000        4.88446000000000      -0.122979652549939     
   3.96899875000000        5.18961375000000      -0.117286796667735     
   3.96899875000000        5.49476750000000      -0.111659929444485     
   3.96899875000000        5.79992125000000      -0.106118184645412     
   3.96899875000000        6.10507500000000      -0.100708210084279     
   3.96899875000000        6.41022875000000      -9.569255437816440E-002
   3.96899875000000        6.71538250000000      -9.177113744781282E-002
   3.96899875000000        7.02053625000000      -8.961076830441281E-002
   3.96899875000000        7.32569000000000      -8.798968697450821E-002
   4.27415250000000       2.000000000000000E-003 -0.183415963570129     
   4.27415250000000       0.307153750000000      -0.186225837269718     
   4.27415250000000       0.612307500000000      -0.187444135689418     
   4.27415250000000       0.917461250000000      -0.183181092286828     
   4.27415250000000        1.22261500000000      -0.176707888620002     
   4.27415250000000        1.52776875000000      -0.170823682964583     
   4.27415250000000        1.83292250000000      -0.165775856131449     
   4.27415250000000        2.13807625000000      -0.161274465012690     
   4.27415250000000        2.44323000000000      -0.157076459827416     
   4.27415250000000        2.74838375000000      -0.152976098360829     
   4.27415250000000        3.05353750000000      -0.148787493817134     
   4.27415250000000        3.35869125000000      -0.144362153972482     
   4.27415250000000        3.66384500000000      -0.139623436007522     
   4.27415250000000        3.96899875000000      -0.134590517646381     
   4.27415250000000        4.27415250000000      -0.129361878905296     
   4.27415250000000        4.57930625000000      -0.124048625744922     
   4.27415250000000        4.88446000000000      -0.118716498852649     
   4.27415250000000        5.18961375000000      -0.113388999154644     
   4.27415250000000        5.49476750000000      -0.108091505052046     
   4.27415250000000        5.79992125000000      -0.102894536096795     
   4.27415250000000        6.10507500000000      -9.793939640673213E-002
   4.27415250000000        6.41022875000000      -9.351541696624986E-002
   4.27415250000000        6.71538250000000      -9.024747717675938E-002
   4.27415250000000        7.02053625000000      -8.838520967328800E-002
   4.27415250000000        7.32569000000000      -8.674657539068610E-002
   4.57930625000000       2.000000000000000E-003 -0.161840068553649     
   4.57930625000000       0.307153750000000      -0.162775189238281     
   4.57930625000000       0.612307500000000      -0.163450253040050     
   4.57930625000000       0.917461250000000      -0.161810193564995     
   4.57930625000000        1.22261500000000      -0.158676169465342     
   4.57930625000000        1.52776875000000      -0.155375430569828     
   4.57930625000000        1.83292250000000      -0.152325146623796     
   4.57930625000000        2.13807625000000      -0.149486936708547     
   4.57930625000000        2.44323000000000      -0.146704486006840     
   4.57930625000000        2.74838375000000      -0.143803596204153     
   4.57930625000000        3.05353750000000      -0.140626656336443     
   4.57930625000000        3.35869125000000      -0.137061281692009     
   4.57930625000000        3.66384500000000      -0.133068097886405     
   4.57930625000000        3.96899875000000      -0.128687326276885     
   4.57930625000000        4.27415250000000      -0.124015695762203     
   4.57930625000000        4.57930625000000      -0.119165479539562     
   4.57930625000000        4.88446000000000      -0.114222138369583     
   4.57930625000000        5.18961375000000      -0.109234895493622     
   4.57930625000000        5.49476750000000      -0.104251456365760     
   4.57930625000000        5.79992125000000      -9.936483477554817E-002
   4.57930625000000        6.10507500000000      -9.474602073224210E-002
   4.57930625000000        6.41022875000000      -9.065609758193667E-002
   4.57930625000000        6.71538250000000      -8.746012625015806E-002
   4.57930625000000        7.02053625000000      -8.519282969662427E-002
   4.57930625000000        7.32569000000000      -8.302251012168689E-002
   4.88446000000000       2.000000000000000E-003 -0.142771429656390     
   4.88446000000000       0.307153750000000      -0.143242034983960     
   4.88446000000000       0.612307500000000      -0.143910944803103     
   4.88446000000000       0.917461250000000      -0.143726491489974     
   4.88446000000000        1.22261500000000      -0.142828016740455     
   4.88446000000000        1.52776875000000      -0.141652252412283     
   4.88446000000000        1.83292250000000      -0.140394989969462     
   4.88446000000000        2.13807625000000      -0.139035164000429     
   4.88446000000000        2.44323000000000      -0.137455546481199     
   4.88446000000000        2.74838375000000      -0.135522600381257     
   4.88446000000000        3.05353750000000      -0.133127996787167     
   4.88446000000000        3.35869125000000      -0.130212493898668     
   4.88446000000000        3.66384500000000      -0.126780670333798     
   4.88446000000000        3.96899875000000      -0.122896859354371     
   4.88446000000000        4.27415250000000      -0.118664122013515     
   4.88446000000000        4.57930625000000      -0.114199387612714     
   4.88446000000000        4.88446000000000      -0.109601254255332     
   4.88446000000000        5.18961375000000      -0.104933827376394     
   4.88446000000000        5.49476750000000      -0.100251645405536     
   4.88446000000000        5.79992125000000      -9.564361311938498E-002
   4.88446000000000        6.10507500000000      -9.125998832133861E-002
   4.88446000000000        6.41022875000000      -8.729878454607880E-002
   4.88446000000000        6.71538250000000      -8.393627789082048E-002
   4.88446000000000        7.02053625000000      -8.116488253856263E-002
   4.88446000000000        7.32569000000000      -7.857868186883990E-002
   5.18961375000000       2.000000000000000E-003 -0.126197126405856     
   5.18961375000000       0.307153750000000      -0.126665526937183     
   5.18961375000000       0.612307500000000      -0.127743265863144     
   5.18961375000000       0.917461250000000      -0.128830893126055     
   5.18961375000000        1.22261500000000      -0.129623184166362     
   5.18961375000000        1.52776875000000      -0.130083476896780     
   5.18961375000000        1.83292250000000      -0.130219502811914     
   5.18961375000000        2.13807625000000      -0.129982593487156     
   5.18961375000000        2.44323000000000      -0.129282665014805     
   5.18961375000000        2.74838375000000      -0.128033867235881     
   5.18961375000000        3.05353750000000      -0.126185148884631     
   5.18961375000000        3.35869125000000      -0.123731424213228     
   5.18961375000000        3.66384500000000      -0.120714248069882     
   5.18961375000000        3.96899875000000      -0.117214244436211     
   5.18961375000000        4.27415250000000      -0.113338645357308     
   5.18961375000000        4.57930625000000      -0.109206459549796     
   5.18961375000000        4.88446000000000      -0.104923579476439     
   5.18961375000000        5.18961375000000      -0.100563839578181     
   5.18961375000000        5.49476750000000      -9.618164935156914E-002
   5.18961375000000        5.79992125000000      -9.184596081510465E-002
   5.18961375000000        6.10507500000000      -8.766431548872283E-002
   5.18961375000000        6.41022875000000      -8.377058273528722E-002
   5.18961375000000        6.71538250000000      -8.027287629025771E-002
   5.18961375000000        7.02053625000000      -7.718118420809582E-002
   5.18961375000000        7.32569000000000      -7.437102464207629E-002
   5.49476750000000       2.000000000000000E-003 -0.110662340307712     
   5.49476750000000       0.307153750000000      -0.111529320822921     
   5.49476750000000       0.612307500000000      -0.113812132805261     
   5.49476750000000       0.917461250000000      -0.116567419432133     
   5.49476750000000        1.22261500000000      -0.118927534628741     
   5.49476750000000        1.52776875000000      -0.120637803620953     
   5.49476750000000        1.83292250000000      -0.121719511715335     
   5.49476750000000        2.13807625000000      -0.122183024008443     
   5.49476750000000        2.44323000000000      -0.122001229688196     
   5.49476750000000        2.74838375000000      -0.121149826956289     
   5.49476750000000        3.05353750000000      -0.119635581068308     
   5.49476750000000        3.35869125000000      -0.117498609972657     
   5.49476750000000        3.66384500000000      -0.114802774385064     
   5.49476750000000        3.96899875000000      -0.111627634481256     
   5.49476750000000        4.27415250000000      -0.108068482321385     
   5.49476750000000        4.57930625000000      -0.104237168016664     
   5.49476750000000        4.88446000000000      -0.100245928193283     
   5.49476750000000        5.18961375000000      -9.618164248592237E-002
   5.49476750000000        5.49476750000000      -9.209903670952027E-002
   5.49476750000000        5.79992125000000      -8.804041329875309E-002
   5.49476750000000        6.10507500000000      -8.405847772972617E-002
   5.49476750000000        6.41022875000000      -8.021795642062576E-002
   5.49476750000000        6.71538250000000      -7.660043093540697E-002
   5.49476750000000        7.02053625000000      -7.331163830019435E-002
   5.49476750000000        7.32569000000000      -7.039111762295830E-002
   5.79992125000000       2.000000000000000E-003 -9.763007015581975E-002
   5.79992125000000       0.307153750000000      -9.906100988968203E-002
   5.79992125000000       0.612307500000000      -0.102573663789298     
   5.79992125000000       0.917461250000000      -0.106718978939267     
   5.79992125000000        1.22261500000000      -0.110364448336979     
   5.79992125000000        1.52776875000000      -0.113013598842249     
   5.79992125000000        1.83292250000000      -0.114612169586061     
   5.79992125000000        2.13807625000000      -0.115375344738136     
   5.79992125000000        2.44323000000000      -0.115385902890838     
   5.79992125000000        2.74838375000000      -0.114689032104932     
   5.79992125000000        3.05353750000000      -0.113342662189493     
   5.79992125000000        3.35869125000000      -0.111423401614159     
   5.79992125000000        3.66384500000000      -0.109009559802401     
   5.79992125000000        3.96899875000000      -0.106160235934906     
   5.79992125000000        4.27415250000000      -0.102924014581907     
   5.79992125000000        4.57930625000000      -9.938166373636081E-002
   5.79992125000000        4.88446000000000      -9.565403559556357E-002
   5.79992125000000        5.18961375000000      -9.185420504939236E-002
   5.79992125000000        5.49476750000000      -8.804607766698809E-002
   5.79992125000000        5.79992125000000      -8.424621424696782E-002
   5.79992125000000        6.10507500000000      -8.044514837076894E-002
   5.79992125000000        6.41022875000000      -7.670533785895613E-002
   5.79992125000000        6.71538250000000      -7.308139356513352E-002
   5.79992125000000        7.02053625000000      -6.966575941792078E-002
   5.79992125000000        7.32569000000000      -6.659037071121149E-002
   6.10507500000000       2.000000000000000E-003 -8.705634476275326E-002
   6.10507500000000       0.307153750000000      -8.928198929474290E-002
   6.10507500000000       0.612307500000000      -9.439596799445682E-002
   6.10507500000000       0.917461250000000      -9.975333822513167E-002
   6.10507500000000        1.22261500000000      -0.104018076283285     
   6.10507500000000        1.52776875000000      -0.106919518403994     
   6.10507500000000        1.83292250000000      -0.108595467624596     
   6.10507500000000        2.13807625000000      -0.109319378912361     
   6.10507500000000        2.44323000000000      -0.109274806791094     
   6.10507500000000        2.74838375000000      -0.108551532676188     
   6.10507500000000        3.05353750000000      -0.107236326482510     
   6.10507500000000        3.35869125000000      -0.105444307820906     
   6.10507500000000        3.66384500000000      -0.103312635787759     
   6.10507500000000        3.96899875000000      -0.100873520185487     
   6.10507500000000        4.27415250000000      -9.804555933717236E-002
   6.10507500000000        4.57930625000000      -9.480219441303668E-002
   6.10507500000000        4.88446000000000      -9.128906447111156E-002
   6.10507500000000        5.18961375000000      -8.768231255235362E-002
   6.10507500000000        5.49476750000000      -8.407165300009097E-002
   6.10507500000000        5.79992125000000      -8.045344332453300E-002
   6.10507500000000        6.10507500000000      -7.687671892343484E-002
   6.10507500000000        6.41022875000000      -7.329112548728101E-002
   6.10507500000000        6.71538250000000      -6.964065492117896E-002
   6.10507500000000        7.02053625000000      -6.601852198022042E-002
   6.10507500000000        7.32569000000000      -6.269649746023087E-002
   6.41022875000000       2.000000000000000E-003 -7.847128921694584E-002
   6.41022875000000       0.307153750000000      -8.202557139130905E-002
   6.41022875000000       0.612307500000000      -8.897913934654041E-002
   6.41022875000000       0.917461250000000      -9.518688062153292E-002
   6.41022875000000        1.22261500000000      -9.953883934185638E-002
   6.41022875000000        1.52776875000000      -0.102158998776811     
   6.41022875000000        1.83292250000000      -0.103451394362814     
   6.41022875000000        2.13807625000000      -0.103868692253361     
   6.41022875000000        2.44323000000000      -0.103609972084392     
   6.41022875000000        2.74838375000000      -0.102727759072619     
   6.41022875000000        3.05353750000000      -0.101308336741956     
   6.41022875000000        3.35869125000000      -9.959669806363232E-002
   6.41022875000000        3.66384500000000      -9.783993784069439E-002
   6.41022875000000        3.96899875000000      -9.600427751662527E-002
   6.41022875000000        4.27415250000000      -9.370551199755722E-002
   6.41022875000000        4.57930625000000      -9.074288364905955E-002
   6.41022875000000        4.88446000000000      -8.733501964898095E-002
   6.41022875000000        5.18961375000000      -8.379040354291066E-002
   6.41022875000000        5.49476750000000      -8.023455785800797E-002
   6.41022875000000        5.79992125000000      -7.672017797795060E-002
   6.41022875000000        6.10507500000000      -7.329929399371052E-002
   6.41022875000000        6.41022875000000      -6.974155756965907E-002
   6.41022875000000        6.71538250000000      -6.584760029641556E-002
   6.41022875000000        7.02053625000000      -6.179770142865572E-002
   6.41022875000000        7.32569000000000      -5.816740686926432E-002
   6.71538250000000       2.000000000000000E-003 -7.106027657104361E-002
   6.71538250000000       0.307153750000000      -7.680768064178624E-002
   6.71538250000000       0.612307500000000      -8.514183396976059E-002
   6.71538250000000       0.917461250000000      -9.171028092706301E-002
   6.71538250000000        1.22261500000000      -9.598632529757425E-002
   6.71538250000000        1.52776875000000      -9.819848167713766E-002
   6.71538250000000        1.83292250000000      -9.897113791255546E-002
   6.71538250000000        2.13807625000000      -9.893833424478413E-002
   6.71538250000000        2.44323000000000      -9.840066217584802E-002
   6.71538250000000        2.74838375000000      -9.731025826809264E-002
   6.71538250000000        3.05353750000000      -9.585425640525108E-002
   6.71538250000000        3.35869125000000      -9.433708477217848E-002
   6.71538250000000        3.66384500000000      -9.311576021948668E-002
   6.71538250000000        3.96899875000000      -9.213529505524574E-002
   6.71538250000000        4.27415250000000      -9.043609666981219E-002
   6.71538250000000        4.57930625000000      -8.752813516043081E-002
   6.71538250000000        4.88446000000000      -8.395271323899198E-002
   6.71538250000000        5.18961375000000      -8.027914594818605E-002
   6.71538250000000        5.49476750000000      -7.661124389503848E-002
   6.71538250000000        5.79992125000000      -7.309577579449578E-002
   6.71538250000000        6.10507500000000      -6.965189677058228E-002
   6.71538250000000        6.41022875000000      -6.585147583760022E-002
   6.71538250000000        6.71538250000000      -6.121512124626588E-002
   6.71538250000000        7.02053625000000      -5.620647877045720E-002
   6.71538250000000        7.32569000000000      -5.236352406939612E-002
   7.02053625000000       2.000000000000000E-003 -6.354559546725295E-002
   7.02053625000000       0.307153750000000      -7.244448824740608E-002
   7.02053625000000       0.612307500000000      -7.965868070509388E-002
   7.02053625000000       0.917461250000000      -8.739553733080428E-002
   7.02053625000000        1.22261500000000      -9.230540454963530E-002
   7.02053625000000        1.52776875000000      -9.440105436923271E-002
   7.02053625000000        1.83292250000000      -9.482890772755458E-002
   7.02053625000000        2.13807625000000      -9.442422664994739E-002
   7.02053625000000        2.44323000000000      -9.365524764099029E-002
   7.02053625000000        2.74838375000000      -9.250964383520059E-002
   7.02053625000000        3.05353750000000      -9.132557294236889E-002
   7.02053625000000        3.35869125000000      -9.057526981836929E-002
   7.02053625000000        3.66384500000000      -9.013106780954827E-002
   7.02053625000000        3.96899875000000      -8.979019983582565E-002
   7.02053625000000        4.27415250000000      -8.842402772843599E-002
   7.02053625000000        4.57930625000000      -8.516698066185840E-002
   7.02053625000000        4.88446000000000      -8.113027010632244E-002
   7.02053625000000        5.18961375000000      -7.715950599855656E-002
   7.02053625000000        5.49476750000000      -7.330675802434426E-002
   7.02053625000000        5.79992125000000      -6.967200527266064E-002
   7.02053625000000        6.10507500000000      -6.602670122503861E-002
   7.02053625000000        6.41022875000000      -6.179895733042230E-002
   7.02053625000000        6.71538250000000      -5.620035132874831E-002
   7.02053625000000        7.02053625000000      -5.001002380695522E-002
   7.02053625000000        7.32569000000000      -4.587339377749579E-002
   7.32569000000000       2.000000000000000E-003 -6.361843587784889E-002
   7.32569000000000       0.307153750000000      -6.841787223848050E-002
   7.32569000000000       0.612307500000000      -7.392104723199783E-002
   7.32569000000000       0.917461250000000      -8.286661781403551E-002
   7.32569000000000        1.22261500000000      -8.825532836599195E-002
   7.32569000000000        1.52776875000000      -9.040430320459601E-002
   7.32569000000000        1.83292250000000      -9.072053336820554E-002
   7.32569000000000        2.13807625000000      -9.017266530399973E-002
   7.32569000000000        2.44323000000000      -8.932259069608769E-002
   7.32569000000000        2.74838375000000      -8.827300141926490E-002
   7.32569000000000        3.05353750000000      -8.749790121974464E-002
   7.32569000000000        3.35869125000000      -8.772248565932177E-002
   7.32569000000000        3.66384500000000      -8.829294133753070E-002
   7.32569000000000        3.96899875000000      -8.788773099828154E-002
   7.32569000000000        4.27415250000000      -8.659926481435669E-002
   7.32569000000000        4.57930625000000      -8.289246718964632E-002
   7.32569000000000        4.88446000000000      -7.848927803948039E-002
   7.32569000000000        5.18961375000000      -7.431966491677573E-002
   7.32569000000000        5.49476750000000      -7.036764898763880E-002
   7.32569000000000        5.79992125000000      -6.658594389176775E-002
   7.32569000000000        6.10507500000000      -6.270034088845788E-002
   7.32569000000000        6.41022875000000      -5.816845273590035E-002
   7.32569000000000        6.71538250000000      -5.236023363312338E-002
   7.32569000000000        7.02053625000000      -4.589184929685890E-002
   7.32569000000000        7.32569000000000      -4.177834263937805E-002
