  2.000000000000000E-003  2.000000000000000E-003  -1.87692133118120     
  2.000000000000000E-003  0.307153750000000       -1.60395849206102     
  2.000000000000000E-003  0.612307500000000       -1.20844369295789     
  2.000000000000000E-003  0.917461250000000      -0.884149086861498     
  2.000000000000000E-003   1.22261500000000      -0.673329953779634     
  2.000000000000000E-003   1.52776875000000      -0.536591633510054     
  2.000000000000000E-003   1.83292250000000      -0.440193271363408     
  2.000000000000000E-003   2.13807625000000      -0.366506289704213     
  2.000000000000000E-003   2.44323000000000      -0.307270874054483     
  2.000000000000000E-003   2.74838375000000      -0.256906499579925     
  2.000000000000000E-003   3.05353750000000      -0.219430141916722     
  2.000000000000000E-003   3.35869125000000      -0.207653481229511     
  2.000000000000000E-003   3.66384500000000      -0.207643130335785     
  2.000000000000000E-003   3.96899875000000      -0.198001094858191     
  2.000000000000000E-003   4.27415250000000      -0.186048328815470     
  2.000000000000000E-003   4.57930625000000      -0.162730945534151     
  2.000000000000000E-003   4.88446000000000      -0.137741540770390     
  2.000000000000000E-003   5.18961375000000      -0.115946153074751     
  2.000000000000000E-003   5.49476750000000      -9.690889771793189E-002
  2.000000000000000E-003   5.79992125000000      -8.258511337461863E-002
  2.000000000000000E-003   6.10507500000000      -7.359756019650111E-002
  2.000000000000000E-003   6.41022875000000      -6.975419127783994E-002
  2.000000000000000E-003   6.71538250000000      -6.885639323817518E-002
  2.000000000000000E-003   7.02053625000000      -6.403964160378521E-002
  2.000000000000000E-003   7.32569000000000      -6.396412069025378E-002
  0.307153750000000       2.000000000000000E-003  -1.60386566346436     
  0.307153750000000       0.307153750000000       -1.55093322746394     
  0.307153750000000       0.612307500000000       -1.19407730036045     
  0.307153750000000       0.917461250000000      -0.871073507753965     
  0.307153750000000        1.22261500000000      -0.662856685929638     
  0.307153750000000        1.52776875000000      -0.528558870411635     
  0.307153750000000        1.83292250000000      -0.434288407300247     
  0.307153750000000        2.13807625000000      -0.362723911217188     
  0.307153750000000        2.44323000000000      -0.305837377245715     
  0.307153750000000        2.74838375000000      -0.258251335749049     
  0.307153750000000        3.05353750000000      -0.223422477122427     
  0.307153750000000        3.35869125000000      -0.210327543970331     
  0.307153750000000        3.66384500000000      -0.210157205259174     
  0.307153750000000        3.96899875000000      -0.201700216218209     
  0.307153750000000        4.27415250000000      -0.185040389888593     
  0.307153750000000        4.57930625000000      -0.161243980756937     
  0.307153750000000        4.88446000000000      -0.136953663330477     
  0.307153750000000        5.18961375000000      -0.116022171353766     
  0.307153750000000        5.49476750000000      -9.774472413741646E-002
  0.307153750000000        5.79992125000000      -8.413014632272123E-002
  0.307153750000000        6.10507500000000      -7.595162240088872E-002
  0.307153750000000        6.41022875000000      -7.335025711592440E-002
  0.307153750000000        6.71538250000000      -7.447142187948942E-002
  0.307153750000000        7.02053625000000      -7.314485537030116E-002
  0.307153750000000        7.32569000000000      -6.718377676412485E-002
  0.612307500000000       2.000000000000000E-003  -1.20834492780046     
  0.612307500000000       0.307153750000000       -1.19402493304964     
  0.612307500000000       0.612307500000000       -1.02270069426886     
  0.612307500000000       0.917461250000000      -0.796873675384385     
  0.612307500000000        1.22261500000000      -0.623361183444578     
  0.612307500000000        1.52776875000000      -0.503140535183441     
  0.612307500000000        1.83292250000000      -0.416805273690328     
  0.612307500000000        2.13807625000000      -0.351603653957151     
  0.612307500000000        2.44323000000000      -0.300521823081945     
  0.612307500000000        2.74838375000000      -0.259096059974726     
  0.612307500000000        3.05353750000000      -0.228943435583972     
  0.612307500000000        3.35869125000000      -0.213750812573798     
  0.612307500000000        3.66384500000000      -0.207862950252028     
  0.612307500000000        3.96899875000000      -0.197664464080356     
  0.612307500000000        4.27415250000000      -0.179286399732738     
  0.612307500000000        4.57930625000000      -0.156756756392371     
  0.612307500000000        4.88446000000000      -0.134855795188072     
  0.612307500000000        5.18961375000000      -0.116227191004389     
  0.612307500000000        5.49476750000000      -0.100121759625723     
  0.612307500000000        5.79992125000000      -8.807519183248384E-002
  0.612307500000000        6.10507500000000      -8.150042545781248E-002
  0.612307500000000        6.41022875000000      -8.007062334314645E-002
  0.612307500000000        6.71538250000000      -8.080090441110969E-002
  0.612307500000000        7.02053625000000      -7.611351176483847E-002
  0.612307500000000        7.32569000000000      -6.890603678107292E-002
  0.917461250000000       2.000000000000000E-003 -0.884097777321241     
  0.917461250000000       0.307153750000000      -0.871035733449959     
  0.917461250000000       0.612307500000000      -0.796857909910245     
  0.917461250000000       0.917461250000000      -0.674467666210005     
  0.917461250000000        1.22261500000000      -0.556298516036467     
  0.917461250000000        1.52776875000000      -0.462023466752550     
  0.917461250000000        1.83292250000000      -0.389785940371588     
  0.917461250000000        2.13807625000000      -0.334185890509180     
  0.917461250000000        2.44323000000000      -0.290330863646440     
  0.917461250000000        2.74838375000000      -0.255342676865099     
  0.917461250000000        3.05353750000000      -0.228920362883225     
  0.917461250000000        3.35869125000000      -0.211710657796952     
  0.917461250000000        3.66384500000000      -0.200055829807046     
  0.917461250000000        3.96899875000000      -0.187154225289389     
  0.917461250000000        4.27415250000000      -0.170005539575692     
  0.917461250000000        4.57930625000000      -0.150568520625790     
  0.917461250000000        4.88446000000000      -0.132264518768478     
  0.917461250000000        5.18961375000000      -0.116459488514607     
  0.917461250000000        5.49476750000000      -0.103145894576476     
  0.917461250000000        5.79992125000000      -9.288781251469594E-002
  0.917461250000000        6.10507500000000      -8.733915211241924E-002
  0.917461250000000        6.41022875000000      -8.577332069238336E-002
  0.917461250000000        6.71538250000000      -8.536119760296068E-002
  0.917461250000000        7.02053625000000      -8.205324967945779E-002
  0.917461250000000        7.32569000000000      -7.739534499881619E-002
   1.22261500000000       2.000000000000000E-003 -0.673298036735176     
   1.22261500000000       0.307153750000000      -0.662826281678815     
   1.22261500000000       0.612307500000000      -0.623335467361810     
   1.22261500000000       0.917461250000000      -0.556281599905694     
   1.22261500000000        1.22261500000000      -0.481312689106947     
   1.22261500000000        1.52776875000000      -0.413552980712798     
   1.22261500000000        1.83292250000000      -0.357655457273964     
   1.22261500000000        2.13807625000000      -0.312614437251069     
   1.22261500000000        2.44323000000000      -0.276083030226506     
   1.22261500000000        2.74838375000000      -0.246469347010234     
   1.22261500000000        3.05353750000000      -0.223022237012179     
   1.22261500000000        3.35869125000000      -0.205081141502912     
   1.22261500000000        3.66384500000000      -0.190596456988198     
   1.22261500000000        3.96899875000000      -0.176418079456616     
   1.22261500000000        4.27415250000000      -0.160926427776733     
   1.22261500000000        4.57930625000000      -0.144972161055141     
   1.22261500000000        4.88446000000000      -0.129926963101470     
   1.22261500000000        5.18961375000000      -0.116737882077292     
   1.22261500000000        5.49476750000000      -0.105857997623863     
   1.22261500000000        5.79992125000000      -9.741359738279422E-002
   1.22261500000000        6.10507500000000      -9.226575962697758E-002
   1.22261500000000        6.41022875000000      -8.998834309042325E-002
   1.22261500000000        6.71538250000000      -8.864824668253286E-002
   1.22261500000000        7.02053625000000      -8.615937917582747E-002
   1.22261500000000        7.32569000000000      -8.240870836153966E-002
   1.52776875000000       2.000000000000000E-003 -0.536557215465375     
   1.52776875000000       0.307153750000000      -0.528521374544869     
   1.52776875000000       0.612307500000000      -0.503099704746424     
   1.52776875000000       0.917461250000000      -0.461985126383080     
   1.52776875000000        1.22261500000000      -0.413528354636347     
   1.52776875000000        1.52776875000000      -0.366392129452747     
   1.52776875000000        1.83292250000000      -0.324816853885112     
   1.52776875000000        2.13807625000000      -0.289404645155372     
   1.52776875000000        2.44323000000000      -0.259572986471040     
   1.52776875000000        2.74838375000000      -0.234585708603759     
   1.52776875000000        3.05353750000000      -0.213829433314077     
   1.52776875000000        3.35869125000000      -0.196585708102760     
   1.52776875000000        3.66384500000000      -0.181702832964116     
   1.52776875000000        3.96899875000000      -0.167815200008574     
   1.52776875000000        4.27415250000000      -0.154113768111397     
   1.52776875000000        4.57930625000000      -0.140687738238413     
   1.52776875000000        4.88446000000000      -0.128147430729344     
   1.52776875000000        5.18961375000000      -0.117141567417645     
   1.52776875000000        5.49476750000000      -0.108084788471125     
   1.52776875000000        5.79992125000000      -0.101100589439828     
   1.52776875000000        6.10507500000000      -9.613662638094768E-002
   1.52776875000000        6.41022875000000      -9.304843168613632E-002
   1.52776875000000        6.71538250000000      -9.074854980049354E-002
   1.52776875000000        7.02053625000000      -8.800293107887448E-002
   1.52776875000000        7.32569000000000      -8.434837192367245E-002
   1.83292250000000       2.000000000000000E-003 -0.440156974537820     
   1.83292250000000       0.307153750000000      -0.434245846535204     
   1.83292250000000       0.612307500000000      -0.416753537891837     
   1.83292250000000       0.917461250000000      -0.389729833001130     
   1.83292250000000        1.22261500000000      -0.357606676396744     
   1.83292250000000        1.52776875000000      -0.324788741514796     
   1.83292250000000        1.83292250000000      -0.294053817766679     
   1.83292250000000        2.13807625000000      -0.266556681583309     
   1.83292250000000        2.44323000000000      -0.242467519102595     
   1.83292250000000        2.74838375000000      -0.221555124877995     
   1.83292250000000        3.05353750000000      -0.203467448790027     
   1.83292250000000        3.35869125000000      -0.187749006248122     
   1.83292250000000        3.66384500000000      -0.173795271556559     
   1.83292250000000        3.96899875000000      -0.160965861780243     
   1.83292250000000        4.27415250000000      -0.148846104269075     
   1.83292250000000        4.57930625000000      -0.137402838735364     
   1.83292250000000        4.88446000000000      -0.126898520955336     
   1.83292250000000        5.18961375000000      -0.117674630315112     
   1.83292250000000        5.49476750000000      -0.109959226777376     
   1.83292250000000        5.79992125000000      -0.103779211481847     
   1.83292250000000        6.10507500000000      -9.897700652531502E-002
   1.83292250000000        6.41022875000000      -9.524541364709085E-002
   1.83292250000000        6.71538250000000      -9.208664049212759E-002
   1.83292250000000        7.02053625000000      -8.883294255511227E-002
   1.83292250000000        7.32569000000000      -8.504758232095369E-002
   2.13807625000000       2.000000000000000E-003 -0.366485766191374     
   2.13807625000000       0.307153750000000      -0.362693570183479     
   2.13807625000000       0.612307500000000      -0.351557690051851     
   2.13807625000000       0.917461250000000      -0.334126750126322     
   2.13807625000000        1.22261500000000      -0.312553434659858     
   2.13807625000000        1.52776875000000      -0.289357002387921     
   2.13807625000000        1.83292250000000      -0.266533161647991     
   2.13807625000000        2.13807625000000      -0.245224534279309     
   2.13807625000000        2.44323000000000      -0.225871044869157     
   2.13807625000000        2.74838375000000      -0.208507143008435     
   2.13807625000000        3.05353750000000      -0.192988930408631     
   2.13807625000000        3.35869125000000      -0.179094148423689     
   2.13807625000000        3.66384500000000      -0.166550555954642     
   2.13807625000000        3.96899875000000      -0.155085400386033     
   2.13807625000000        4.27415250000000      -0.144512710131518     
   2.13807625000000        4.57930625000000      -0.134788798521624     
   2.13807625000000        4.88446000000000      -0.125983880873316     
   2.13807625000000        5.18961375000000      -0.118195688782143     
   2.13807625000000        5.49476750000000      -0.111467095680400     
   2.13807625000000        5.79992125000000      -0.105750104815852     
   2.13807625000000        6.10507500000000      -0.100916200525506     
   2.13807625000000        6.41022875000000      -9.677531621179505E-002
   2.13807625000000        6.71538250000000      -9.306728399215525E-002
   2.13807625000000        7.02053625000000      -8.945335602052121E-002
   2.13807625000000        7.32569000000000      -8.559538600000696E-002
   2.44323000000000       2.000000000000000E-003 -0.307285554057261     
   2.44323000000000       0.307153750000000      -0.305838456767932     
   2.44323000000000       0.612307500000000      -0.300504361226828     
   2.44323000000000       0.917461250000000      -0.290292889028986     
   2.44323000000000        1.22261500000000      -0.276033078387316     
   2.44323000000000        1.52776875000000      -0.259526775946723     
   2.44323000000000        1.83292250000000      -0.242438177350195     
   2.44323000000000        2.13807625000000      -0.225861326909794     
   2.44323000000000        2.44323000000000      -0.210335150981531     
   2.44323000000000        2.74838375000000      -0.196023187409952     
   2.44323000000000        3.05353750000000      -0.182902957710734     
   2.44323000000000        3.35869125000000      -0.170894817802933     
   2.44323000000000        3.66384500000000      -0.159915720141993     
   2.44323000000000        3.96899875000000      -0.149895305361593     
   2.44323000000000        4.27415250000000      -0.140783248341376     
   2.44323000000000        4.57930625000000      -0.132541069847997     
   2.44323000000000        4.88446000000000      -0.125119965767759     
   2.44323000000000        5.18961375000000      -0.118444493708679     
   2.44323000000000        5.49476750000000      -0.112422127449537     
   2.44323000000000        5.79992125000000      -0.106973321468731     
   2.44323000000000        6.10507500000000      -0.102060905318883     
   2.44323000000000        6.41022875000000      -9.769066263199949E-002
   2.44323000000000        6.71538250000000      -9.384760103726418E-002
   2.44323000000000        7.02053625000000      -9.032863932952827E-002
   2.44323000000000        7.32569000000000      -8.661193957133989E-002
   2.74838375000000       2.000000000000000E-003 -0.256985478970735     
   2.74838375000000       0.307153750000000      -0.258313257243518     
   2.74838375000000       0.612307500000000      -0.259136190994504     
   2.74838375000000       0.917461250000000      -0.255354341520674     
   2.74838375000000        1.22261500000000      -0.246458724463391     
   2.74838375000000        1.52776875000000      -0.234568391763864     
   2.74838375000000        1.83292250000000      -0.221545851011005     
   2.74838375000000        2.13807625000000      -0.208510784334595     
   2.74838375000000        2.44323000000000      -0.196032840074757     
   2.74838375000000        2.74838375000000      -0.184319758597200     
   2.74838375000000        3.05353750000000      -0.173391236279755     
   2.74838375000000        3.35869125000000      -0.163220724929384     
   2.74838375000000        3.66384500000000      -0.153808554082370     
   2.74838375000000        3.96899875000000      -0.145186283260393     
   2.74838375000000        4.27415250000000      -0.137379742627580     
   2.74838375000000        4.57930625000000      -0.130357218954116     
   2.74838375000000        4.88446000000000      -0.124001414972608     
   2.74838375000000        5.18961375000000      -0.118133975703039     
   2.74838375000000        5.49476750000000      -0.112587499082811     
   2.74838375000000        5.79992125000000      -0.107286260897280     
   2.74838375000000        6.10507500000000      -0.102297987121449     
   2.74838375000000        6.41022875000000      -9.784857291427322E-002
   2.74838375000000        6.71538250000000      -9.414796857152401E-002
   2.74838375000000        7.02053625000000      -9.108275843835661E-002
   2.74838375000000        7.32569000000000      -8.784280969465101E-002
   3.05353750000000       2.000000000000000E-003 -0.219566208732544     
   3.05353750000000       0.307153750000000      -0.223558860097713     
   3.05353750000000       0.612307500000000      -0.229072956617503     
   3.05353750000000       0.917461250000000      -0.229007690872503     
   3.05353750000000        1.22261500000000      -0.223072777790340     
   3.05353750000000        1.52776875000000      -0.213864715811765     
   3.05353750000000        1.83292250000000      -0.203503523531110     
   3.05353750000000        2.13807625000000      -0.193030713885299     
   3.05353750000000        2.44323000000000      -0.182944629124568     
   3.05353750000000        2.74838375000000      -0.173419787700511     
   3.05353750000000        3.05353750000000      -0.164453024455634     
   3.05353750000000        3.35869125000000      -0.156001914713301     
   3.05353750000000        3.66384500000000      -0.148073661270762     
   3.05353750000000        3.96899875000000      -0.140731469694367     
   3.05353750000000        4.27415250000000      -0.134036366612382     
   3.05353750000000        4.57930625000000      -0.127965707079544     
   3.05353750000000        4.88446000000000      -0.122376884217492     
   3.05353750000000        5.18961375000000      -0.117053415822591     
   3.05353750000000        5.49476750000000      -0.111808679755947     
   3.05353750000000        5.79992125000000      -0.106588340286952     
   3.05353750000000        6.10507500000000      -0.101525274062593     
   3.05353750000000        6.41022875000000      -9.691002235905677E-002
   3.05353750000000        6.71538250000000      -9.315864897958376E-002
   3.05353750000000        7.02053625000000      -9.079326087118425E-002
   3.05353750000000        7.32569000000000      -8.853408052621878E-002
   3.35869125000000       2.000000000000000E-003 -0.207756450781330     
   3.35869125000000       0.307153750000000      -0.210507576424652     
   3.35869125000000       0.612307500000000      -0.213951510222328     
   3.35869125000000       0.917461250000000      -0.211862917254970     
   3.35869125000000        1.22261500000000      -0.205193175768869     
   3.35869125000000        1.52776875000000      -0.196683237763690     
   3.35869125000000        1.83292250000000      -0.187846542154605     
   3.35869125000000        2.13807625000000      -0.179192918573629     
   3.35869125000000        2.44323000000000      -0.170987228545317     
   3.35869125000000        2.74838375000000      -0.163294543816122     
   3.35869125000000        3.05353750000000      -0.156044242847045     
   3.35869125000000        3.35869125000000      -0.149141344860930     
   3.35869125000000        3.66384500000000      -0.142554855307118     
   3.35869125000000        3.96899875000000      -0.136333039933871     
   3.35869125000000        4.27415250000000      -0.130545014916627     
   3.35869125000000        4.57930625000000      -0.125181734289771     
   3.35869125000000        4.88446000000000      -0.120111460691501     
   3.35869125000000        5.18961375000000      -0.115133041413686     
   3.35869125000000        5.49476750000000      -0.110085168574545     
   3.35869125000000        5.79992125000000      -0.104940961562409     
   3.35869125000000        6.10507500000000      -9.981860213874597E-002
   3.35869125000000        6.41022875000000      -9.488540544334942E-002
   3.35869125000000        6.71538250000000      -9.073302217197138E-002
   3.35869125000000        7.02053625000000      -8.859813456481468E-002
   3.35869125000000        7.32569000000000      -8.742425032089214E-002
   3.66384500000000       2.000000000000000E-003 -0.207696784582985     
   3.66384500000000       0.307153750000000      -0.210258878703620     
   3.66384500000000       0.612307500000000      -0.207990844476348     
   3.66384500000000       0.917461250000000      -0.200192417285151     
   3.66384500000000        1.22261500000000      -0.190738868381869     
   3.66384500000000        1.52776875000000      -0.181854654327175     
   3.66384500000000        1.83292250000000      -0.173957163936212     
   3.66384500000000        2.13807625000000      -0.166714577904883     
   3.66384500000000        2.44323000000000      -0.160069473988564     
   3.66384500000000        2.74838375000000      -0.153938526368599     
   3.66384500000000        3.05353750000000      -0.148168007171890     
   3.66384500000000        3.35869125000000      -0.142604838522864     
   3.66384500000000        3.66384500000000      -0.137170562721365     
   3.66384500000000        3.96899875000000      -0.131881888002110     
   3.66384500000000        4.27415250000000      -0.126802799617548     
   3.66384500000000        4.57930625000000      -0.121942037070739     
   3.66384500000000        4.88446000000000      -0.117205093292528     
   3.66384500000000        5.18961375000000      -0.112444141657675     
   3.66384500000000        5.49476750000000      -0.107555974168962     
   3.66384500000000        5.79992125000000      -0.102556022266665     
   3.66384500000000        6.10507500000000      -9.754859334280837E-002
   3.66384500000000        6.41022875000000      -9.268224019428399E-002
   3.66384500000000        6.71538250000000      -8.853435518209199E-002
   3.66384500000000        7.02053625000000      -8.623782828649576E-002
   3.66384500000000        7.32569000000000      -8.475992233926233E-002
   3.96899875000000       2.000000000000000E-003 -0.197515095583794     
   3.96899875000000       0.307153750000000      -0.201336060759784     
   3.96899875000000       0.612307500000000      -0.197525022476194     
   3.96899875000000       0.917461250000000      -0.187187690760791     
   3.96899875000000        1.22261500000000      -0.176552650106066     
   3.96899875000000        1.52776875000000      -0.168004276831888     
   3.96899875000000        1.83292250000000      -0.161183868975421     
   3.96899875000000        2.13807625000000      -0.155311667972440     
   3.96899875000000        2.44323000000000      -0.150111134292283     
   3.96899875000000        2.74838375000000      -0.145375650833787     
   3.96899875000000        3.05353750000000      -0.140882192970263     
   3.96899875000000        3.35869125000000      -0.136437081627415     
   3.96899875000000        3.66384500000000      -0.131934728410439     
   3.96899875000000        3.96899875000000      -0.127374602816834     
   3.96899875000000        4.27415250000000      -0.122816290821057     
   3.96899875000000        4.57930625000000      -0.118291295242348     
   3.96899875000000        4.88446000000000      -0.113758769947218     
   3.96899875000000        5.18961375000000      -0.109144339632523     
   3.96899875000000        5.49476750000000      -0.104419459791330     
   3.96899875000000        5.79992125000000      -9.966070041931382E-002
   3.96899875000000        6.10507500000000      -9.504542535405736E-002
   3.96899875000000        6.41022875000000      -9.087348920030557E-002
   3.96899875000000        6.71538250000000      -8.783987843893329E-002
   3.96899875000000        7.02053625000000      -8.659793825276486E-002
   3.96899875000000        7.32569000000000      -8.449491625579372E-002
   4.27415250000000       2.000000000000000E-003 -0.185205544537417     
   4.27415250000000       0.307153750000000      -0.184370712690596     
   4.27415250000000       0.612307500000000      -0.178954010121674     
   4.27415250000000       0.917461250000000      -0.169954177838296     
   4.27415250000000        1.22261500000000      -0.161047986701673     
   4.27415250000000        1.52776875000000      -0.154326908419929     
   4.27415250000000        1.83292250000000      -0.149106083764111     
   4.27415250000000        2.13807625000000      -0.144789021491904     
   4.27415250000000        2.44323000000000      -0.141052370638648     
   4.27415250000000        2.74838375000000      -0.137623550340394     
   4.27415250000000        3.05353750000000      -0.134241648520325     
   4.27415250000000        3.35869125000000      -0.130702902897446     
   4.27415250000000        3.66384500000000      -0.126908209793942     
   4.27415250000000        3.96899875000000      -0.122867766899607     
   4.27415250000000        4.27415250000000      -0.118653432659225     
   4.27415250000000        4.57930625000000      -0.114329122947426     
   4.27415250000000        4.88446000000000      -0.109914394458724     
   4.27415250000000        5.18961375000000      -0.105409537297889     
   4.27415250000000        5.49476750000000      -0.100854607896995     
   4.27415250000000        5.79992125000000      -9.637736662147647E-002
   4.27415250000000        6.10507500000000      -9.221880958469078E-002
   4.27415250000000        6.41022875000000      -8.877452507113680E-002
   4.27415250000000        6.71538250000000      -8.652442026714791E-002
   4.27415250000000        7.02053625000000      -8.530445731247421E-002
   4.27415250000000        7.32569000000000      -8.272199761767192E-002
   4.57930625000000       2.000000000000000E-003 -0.162029924372852     
   4.57930625000000       0.307153750000000      -0.160668644544583     
   4.57930625000000       0.612307500000000      -0.156454402118872     
   4.57930625000000       0.917461250000000      -0.150526624438638     
   4.57930625000000        1.22261500000000      -0.145101882671684     
   4.57930625000000        1.52776875000000      -0.140918399150507     
   4.57930625000000        1.83292250000000      -0.137688608543894     
   4.57930625000000        2.13807625000000      -0.135096876455324     
   4.57930625000000        2.44323000000000      -0.132847098276070     
   4.57930625000000        2.74838375000000      -0.130642934788818     
   4.57930625000000        3.05353750000000      -0.128217119893314     
   4.57930625000000        3.35869125000000      -0.125387997885938     
   4.57930625000000        3.66384500000000      -0.122095647149277     
   4.57930625000000        3.96899875000000      -0.118389234917146     
   4.57930625000000        4.27415250000000      -0.114373937027246     
   4.57930625000000        4.57930625000000      -0.110154715099249     
   4.57930625000000        4.88446000000000      -0.105807700864163     
   4.57930625000000        5.18961375000000      -0.101393668862982     
   4.57930625000000        5.49476750000000      -9.699870062841763E-002
   4.57930625000000        5.79992125000000      -9.276692386812589E-002
   4.57930625000000        6.10507500000000      -8.891251631100808E-002
   4.57930625000000        6.41022875000000      -8.573233180192810E-002
   4.57930625000000        6.71538250000000      -8.344242966843868E-002
   4.57930625000000        7.02053625000000      -8.153470318076431E-002
   4.57930625000000        7.32569000000000      -7.863712852508302E-002
   4.88446000000000       2.000000000000000E-003 -0.137342966838011     
   4.88446000000000       0.307153750000000      -0.136631816409199     
   4.88446000000000       0.612307500000000      -0.134705719566581     
   4.88446000000000       0.917461250000000      -0.132286401911974     
   4.88446000000000        1.22261500000000      -0.130081100045918     
   4.88446000000000        1.52776875000000      -0.128390364780992     
   4.88446000000000        1.83292250000000      -0.127193502116115     
   4.88446000000000        2.13807625000000      -0.126302725560027     
   4.88446000000000        2.44323000000000      -0.125442071646525     
   4.88446000000000        2.74838375000000      -0.124311091149804     
   4.88446000000000        3.05353750000000      -0.122660374193647     
   4.88446000000000        3.35869125000000      -0.120355539148308     
   4.88446000000000        3.66384500000000      -0.117398400598789     
   4.88446000000000        3.96899875000000      -0.113894838913808     
   4.88446000000000        4.27415250000000      -0.109994234569579     
   4.88446000000000        4.57930625000000      -0.105840394423697     
   4.88446000000000        4.88446000000000      -0.101550302781365     
   4.88446000000000        5.18961375000000      -9.722285935531499E-002
   4.88446000000000        5.49476750000000      -9.296560849030555E-002
   4.88446000000000        5.79992125000000      -8.891159851600634E-002
   4.88446000000000        6.10507500000000      -8.521025917193023E-002
   4.88446000000000        6.41022875000000      -8.199198477761405E-002
   4.88446000000000        6.71538250000000      -7.928286174729392E-002
   4.88446000000000        7.02053625000000      -7.680136804512941E-002
   4.88446000000000        7.32569000000000      -7.385239610014434E-002
   5.18961375000000       2.000000000000000E-003 -0.115796438813927     
   5.18961375000000       0.307153750000000      -0.115911691001523     
   5.18961375000000       0.612307500000000      -0.116209167049160     
   5.18961375000000       0.917461250000000      -0.116548556929872     
   5.18961375000000        1.22261500000000      -0.116919669455395     
   5.18961375000000        1.52776875000000      -0.117389788460164     
   5.18961375000000        1.83292250000000      -0.117963412493939     
   5.18961375000000        2.13807625000000      -0.118505402374388     
   5.18961375000000        2.44323000000000      -0.118761867496008     
   5.18961375000000        2.74838375000000      -0.118448432009001     
   5.18961375000000        3.05353750000000      -0.117352821824871     
   5.18961375000000        3.35869125000000      -0.115402121211663     
   5.18961375000000        3.66384500000000      -0.112667004135657     
   5.18961375000000        3.96899875000000      -0.109309617274345     
   5.18961375000000        4.27415250000000      -0.105515022112024     
   5.18961375000000        4.57930625000000      -0.101447802806131     
   5.18961375000000        4.88446000000000      -9.724163131706698E-002
   5.18961375000000        5.18961375000000      -9.301046850945835E-002
   5.18961375000000        5.49476750000000      -8.886593760547983E-002
   5.18961375000000        5.79992125000000      -8.492112720828034E-002
   5.18961375000000        6.10507500000000      -8.127269848048627E-002
   5.18961375000000        6.41022875000000      -7.796773154212176E-002
   5.18961375000000        6.71538250000000      -7.496688307289777E-002
   5.18961375000000        7.02053625000000      -7.212146668579109E-002
   5.18961375000000        7.32569000000000      -6.922844942125700E-002
   5.49476750000000       2.000000000000000E-003 -9.690675224370343E-002
   5.49476750000000       0.307153750000000      -9.776756245763886E-002
   5.49476750000000       0.612307500000000      -0.100202668955401     
   5.49476750000000       0.917461250000000      -0.103293185332085     
   5.49476750000000        1.22261500000000      -0.106062973223892     
   5.49476750000000        1.52776875000000      -0.108330733594987     
   5.49476750000000        1.83292250000000      -0.110230141116081     
   5.49476750000000        2.13807625000000      -0.111753228418345     
   5.49476750000000        2.44323000000000      -0.112719319555215     
   5.49476750000000        2.74838375000000      -0.112891890011938     
   5.49476750000000        3.05353750000000      -0.112111008937676     
   5.49476750000000        3.35869125000000      -0.110368912075275     
   5.49476750000000        3.66384500000000      -0.107800925670212     
   5.49476750000000        3.96899875000000      -0.104608811811701     
   5.49476750000000        4.27415250000000      -0.100981645996163     
   5.49476750000000        4.57930625000000      -9.706958277190460E-002
   5.49476750000000        4.88446000000000      -9.299644299601849E-002
   5.49476750000000        5.18961375000000      -8.887519946024292E-002
   5.49476750000000        5.49476750000000      -8.481393985295313E-002
   5.49476750000000        5.79992125000000      -8.090892440461608E-002
   5.49476750000000        6.10507500000000      -7.722467864061706E-002
   5.49476750000000        6.41022875000000      -7.377511547628934E-002
   5.49476750000000        6.71538250000000      -7.053946353640700E-002
   5.49476750000000        7.02053625000000      -6.752324086259076E-002
   5.49476750000000        7.32569000000000      -6.477190165145716E-002
   5.79992125000000       2.000000000000000E-003 -8.265750007377076E-002
   5.79992125000000       0.307153750000000      -8.422275323277642E-002
   5.79992125000000       0.612307500000000      -8.821420016269066E-002
   5.79992125000000       0.917461250000000      -9.307533369673505E-002
   5.79992125000000        1.22261500000000      -9.763429565682943E-002
   5.79992125000000        1.52776875000000      -0.101338507159665     
   5.79992125000000        1.83292250000000      -0.104027040768670     
   5.79992125000000        2.13807625000000      -0.106007359449328     
   5.79992125000000        2.44323000000000      -0.107244655757540     
   5.79992125000000        2.74838375000000      -0.107574602504624     
   5.79992125000000        3.05353750000000      -0.106887826524970     
   5.79992125000000        3.35869125000000      -0.105234863665052     
   5.79992125000000        3.66384500000000      -0.102821239244193     
   5.79992125000000        3.96899875000000      -9.987589406119560E-002
   5.79992125000000        4.27415250000000      -9.653065086938914E-002
   5.79992125000000        4.57930625000000      -9.286024647276743E-002
   5.79992125000000        4.88446000000000      -8.895918779333382E-002
   5.79992125000000        5.18961375000000      -8.494192381704593E-002
   5.79992125000000        5.49476750000000      -8.091730165687426E-002
   5.79992125000000        5.79992125000000      -7.697111421784192E-002
   5.79992125000000        6.10507500000000      -7.314829043884824E-002
   5.79992125000000        6.41022875000000      -6.946665572156203E-002
   5.79992125000000        6.71538250000000      -6.591087158231171E-002
   5.79992125000000        7.02053625000000      -6.263311077579702E-002
   5.79992125000000        7.32569000000000      -6.000450000956667E-002
   6.10507500000000       2.000000000000000E-003 -7.369662986235143E-002
   6.10507500000000       0.307153750000000      -7.607058810816923E-002
   6.10507500000000       0.612307500000000      -8.166393162784874E-002
   6.10507500000000       0.917461250000000      -8.754319276288741E-002
   6.10507500000000        1.22261500000000      -9.249019941743425E-002
   6.10507500000000        1.52776875000000      -9.636409790843546E-002
   6.10507500000000        1.83292250000000      -9.920437781953854E-002
   6.10507500000000        2.13807625000000      -0.101149689357431     
   6.10507500000000        2.44323000000000      -0.102311580068133     
   6.10507500000000        2.74838375000000      -0.102573713148944     
   6.10507500000000        3.05353750000000      -0.101822433427474     
   6.10507500000000        3.35869125000000      -0.100120863851968     
   6.10507500000000        3.66384500000000      -9.783441920799757E-002
   6.10507500000000        3.96899875000000      -9.529289122046755E-002
   6.10507500000000        4.27415250000000      -9.241136702021241E-002
   6.10507500000000        4.57930625000000      -8.904409838894599E-002
   6.10507500000000        4.88446000000000      -8.529005437699483E-002
   6.10507500000000        5.18961375000000      -8.131845779202346E-002
   6.10507500000000        5.49476750000000      -7.725169680860645E-002
   6.10507500000000        5.79992125000000      -7.316271137382260E-002
   6.10507500000000        6.10507500000000      -6.912040345536392E-002
   6.10507500000000        6.41022875000000      -6.506818011526536E-002
   6.10507500000000        6.71538250000000      -6.091978770801110E-002
   6.10507500000000        7.02053625000000      -5.699095635140306E-002
   6.10507500000000        7.32569000000000      -5.437148584984430E-002
   6.41022875000000       2.000000000000000E-003 -6.986164525876527E-002
   6.41022875000000       0.307153750000000      -7.347964428842156E-002
   6.41022875000000       0.612307500000000      -8.024658235414231E-002
   6.41022875000000       0.917461250000000      -8.598633985188049E-002
   6.41022875000000        1.22261500000000      -9.021410313544712E-002
   6.41022875000000        1.52776875000000      -9.326938026150006E-002
   6.41022875000000        1.83292250000000      -9.546209124593709E-002
   6.41022875000000        2.13807625000000      -9.699825205005666E-002
   6.41022875000000        2.44323000000000      -9.793320044136135E-002
   6.41022875000000        2.74838375000000      -9.811925784614924E-002
   6.41022875000000        3.05353750000000      -9.720880231918987E-002
   6.41022875000000        3.35869125000000      -9.520126524495133E-002
   6.41022875000000        3.66384500000000      -9.299718261108970E-002
   6.41022875000000        3.96899875000000      -9.117058490195044E-002
   6.41022875000000        4.27415250000000      -8.902780843339793E-002
   6.41022875000000        4.57930625000000      -8.592361124072426E-002
   6.41022875000000        4.88446000000000      -8.212430304088360E-002
   6.41022875000000        5.18961375000000      -7.805709575696076E-002
   6.41022875000000        5.49476750000000      -7.383722641684461E-002
   6.41022875000000        5.79992125000000      -6.950917298747057E-002
   6.41022875000000        6.10507500000000      -6.509178031946637E-002
   6.41022875000000        6.41022875000000      -6.045381207560420E-002
   6.41022875000000        6.71538250000000      -5.538262203085162E-002
   6.41022875000000        7.02053625000000      -5.013000475299188E-002
   6.41022875000000        7.32569000000000      -4.724443787138068E-002
   6.71538250000000       2.000000000000000E-003 -6.898077993728741E-002
   6.71538250000000       0.307153750000000      -7.461909704864342E-002
   6.71538250000000       0.612307500000000      -8.099166179853598E-002
   6.71538250000000       0.917461250000000      -8.558707987875423E-002
   6.71538250000000        1.22261500000000      -8.888386690670982E-002
   6.71538250000000        1.52776875000000      -9.097612523038155E-002
   6.71538250000000        1.83292250000000      -9.230763444873387E-002
   6.71538250000000        2.13807625000000      -9.329556566074396E-002
   6.71538250000000        2.44323000000000      -9.409469588960595E-002
   6.71538250000000        2.74838375000000      -9.442485283885463E-002
   6.71538250000000        3.05353750000000      -9.347645136661131E-002
   6.71538250000000        3.35869125000000      -9.107117695058348E-002
   6.71538250000000        3.66384500000000      -8.887871784381052E-002
   6.71538250000000        3.96899875000000      -8.820676020639459E-002
   6.71538250000000        4.27415250000000      -8.686987027853096E-002
   6.71538250000000        4.57930625000000      -8.371597027719710E-002
   6.71538250000000        4.88446000000000      -7.948278866136832E-002
   6.71538250000000        5.18961375000000      -7.511442419267084E-002
   6.71538250000000        5.49476750000000      -7.065267831373362E-002
   6.71538250000000        5.79992125000000      -6.599721055977230E-002
   6.71538250000000        6.10507500000000      -6.097721126760777E-002
   6.71538250000000        6.41022875000000      -5.540559536846514E-002
   6.71538250000000        6.71538250000000      -4.921074974937582E-002
   6.71538250000000        7.02053625000000      -4.231755362245630E-002
   6.71538250000000        7.32569000000000      -3.869482531131005E-002
   7.02053625000000       2.000000000000000E-003 -6.416273459118492E-002
   7.02053625000000       0.307153750000000      -7.330690845792302E-002
   7.02053625000000       0.612307500000000      -7.631431795178351E-002
   7.02053625000000       0.917461250000000      -8.229619009663036E-002
   7.02053625000000        1.22261500000000      -8.641521205665355E-002
   7.02053625000000        1.52776875000000      -8.825166737897745E-002
   7.02053625000000        1.83292250000000      -8.907424582095355E-002
   7.02053625000000        2.13807625000000      -8.969890220856030E-002
   7.02053625000000        2.44323000000000      -9.058572161475788E-002
   7.02053625000000        2.74838375000000      -9.137025854127763E-002
   7.02053625000000        3.05353750000000      -9.113278458950932E-002
   7.02053625000000        3.35869125000000      -8.896304192267779E-002
   7.02053625000000        3.66384500000000      -8.658409415456289E-002
   7.02053625000000        3.96899875000000      -8.702979547598291E-002
   7.02053625000000        4.27415250000000      -8.573504004399209E-002
   7.02053625000000        4.57930625000000      -8.188264774411357E-002
   7.02053625000000        4.88446000000000      -7.706480227955780E-002
   7.02053625000000        5.18961375000000      -7.232802380303897E-002
   7.02053625000000        5.49476750000000      -6.769496521499188E-002
   7.02053625000000        5.79992125000000      -6.277224993899815E-002
   7.02053625000000        6.10507500000000      -5.708729076494196E-002
   7.02053625000000        6.41022875000000      -5.016659491107855E-002
   7.02053625000000        6.71538250000000      -4.229599759847769E-002
   7.02053625000000        7.02053625000000      -3.581047043613853E-002
   7.02053625000000        7.32569000000000      -3.250503732203056E-002
   7.32569000000000       2.000000000000000E-003 -6.411380719765859E-002
   7.32569000000000       0.307153750000000      -6.738468064971588E-002
   7.32569000000000       0.612307500000000      -6.912845171159701E-002
   7.32569000000000       0.917461250000000      -7.765967069685885E-002
   7.32569000000000        1.22261500000000      -8.268776372820280E-002
   7.32569000000000        1.52776875000000      -8.462421405058378E-002
   7.32569000000000        1.83292250000000      -8.531686291010801E-002
   7.32569000000000        2.13807625000000      -8.586110346996315E-002
   7.32569000000000        2.44323000000000      -8.687261591539520E-002
   7.32569000000000        2.74838375000000      -8.810651462135402E-002
   7.32569000000000        3.05353750000000      -8.881883558086603E-002
   7.32569000000000        3.35869125000000      -8.774774704042249E-002
   7.32569000000000        3.66384500000000      -8.509024482464124E-002
   7.32569000000000        3.96899875000000      -8.487523203644944E-002
   7.32569000000000        4.27415250000000      -8.311130733861667E-002
   7.32569000000000        4.57930625000000      -7.898279699350644E-002
   7.32569000000000        4.88446000000000      -7.414258185032170E-002
   7.32569000000000        5.18961375000000      -6.947633552547372E-002
   7.32569000000000        5.49476750000000      -6.499422158035548E-002
   7.32569000000000        5.79992125000000      -6.019318975306505E-002
   7.32569000000000        6.10507500000000      -5.450626388670088E-002
   7.32569000000000        6.41022875000000      -4.729718292878274E-002
   7.32569000000000        6.71538250000000      -3.864783587761284E-002
   7.32569000000000        7.02053625000000      -3.242608946165072E-002
   7.32569000000000        7.32569000000000      -3.120469469880115E-002
