  2.000000000000000E-003  2.000000000000000E-003  -2.33870844533560     
  2.000000000000000E-003  0.307153750000000       -2.19205907466177     
  2.000000000000000E-003  0.612307500000000       -1.76665278862237     
  2.000000000000000E-003  0.917461250000000       -1.30947701888430     
  2.000000000000000E-003   1.22261500000000      -0.966058864201365     
  2.000000000000000E-003   1.52776875000000      -0.726617667178092     
  2.000000000000000E-003   1.83292250000000      -0.559924212601914     
  2.000000000000000E-003   2.13807625000000      -0.442532559938664     
  2.000000000000000E-003   2.44323000000000      -0.355886207885157     
  2.000000000000000E-003   2.74838375000000      -0.292478876253477     
  2.000000000000000E-003   3.05353750000000      -0.250042441089210     
  2.000000000000000E-003   3.35869125000000      -0.227806859339370     
  2.000000000000000E-003   3.66384500000000      -0.219843235230551     
  2.000000000000000E-003   3.96899875000000      -0.178366332016268     
  2.000000000000000E-003   4.27415250000000      -0.150070001966617     
  2.000000000000000E-003   4.57930625000000      -0.135259429028697     
  2.000000000000000E-003   4.88446000000000      -0.127775877203926     
  2.000000000000000E-003   5.18961375000000      -0.123577313990684     
  2.000000000000000E-003   5.49476750000000      -0.120933332758830     
  2.000000000000000E-003   5.79992125000000      -0.120389574263858     
  2.000000000000000E-003   6.10507500000000      -0.120933336548314     
  2.000000000000000E-003   6.41022875000000      -0.120308523643044     
  2.000000000000000E-003   6.71538250000000      -0.115493893557115     
  2.000000000000000E-003   7.02053625000000      -0.106553471636540     
  2.000000000000000E-003   7.32569000000000      -9.445246256037254E-002
  0.307153750000000       2.000000000000000E-003  -2.19215733838902     
  0.307153750000000       0.307153750000000       -1.99912401973613     
  0.307153750000000       0.612307500000000       -1.62272940892535     
  0.307153750000000       0.917461250000000       -1.23382551277226     
  0.307153750000000        1.22261500000000      -0.927582785728908     
  0.307153750000000        1.52776875000000      -0.706359553965616     
  0.307153750000000        1.83292250000000      -0.549201904104433     
  0.307153750000000        2.13807625000000      -0.437322230505746     
  0.307153750000000        2.44323000000000      -0.354906620146531     
  0.307153750000000        2.74838375000000      -0.294959010107668     
  0.307153750000000        3.05353750000000      -0.256649128213163     
  0.307153750000000        3.35869125000000      -0.237946951919583     
  0.307153750000000        3.66384500000000      -0.223647497472624     
  0.307153750000000        3.96899875000000      -0.187931828702696     
  0.307153750000000        4.27415250000000      -0.156393068583075     
  0.307153750000000        4.57930625000000      -0.138496134375497     
  0.307153750000000        4.88446000000000      -0.129348584842897     
  0.307153750000000        5.18961375000000      -0.124053277081940     
  0.307153750000000        5.49476750000000      -0.120789925413724     
  0.307153750000000        5.79992125000000      -0.119532322708854     
  0.307153750000000        6.10507500000000      -0.118928049534471     
  0.307153750000000        6.41022875000000      -0.116245265619271     
  0.307153750000000        6.71538250000000      -0.108045614933382     
  0.307153750000000        7.02053625000000      -0.100319478714588     
  0.307153750000000        7.32569000000000      -0.112082542324752     
  0.612307500000000       2.000000000000000E-003  -1.76676568363728     
  0.612307500000000       0.307153750000000       -1.62279430818243     
  0.612307500000000       0.612307500000000       -1.34337859199164     
  0.612307500000000       0.917461250000000       -1.06563320220701     
  0.612307500000000        1.22261500000000      -0.833225814639423     
  0.612307500000000        1.52776875000000      -0.653948306684099     
  0.612307500000000        1.83292250000000      -0.520323828009018     
  0.612307500000000        2.13807625000000      -0.422357314770501     
  0.612307500000000        2.44323000000000      -0.350142751301541     
  0.612307500000000        2.74838375000000      -0.297749156672707     
  0.612307500000000        3.05353750000000      -0.264901489642291     
  0.612307500000000        3.35869125000000      -0.246354609539066     
  0.612307500000000        3.66384500000000      -0.227489963107584     
  0.612307500000000        3.96899875000000      -0.196719115463500     
  0.612307500000000        4.27415250000000      -0.165730718321418     
  0.612307500000000        4.57930625000000      -0.144708541829834     
  0.612307500000000        4.88446000000000      -0.132699435480987     
  0.612307500000000        5.18961375000000      -0.125220629800802     
  0.612307500000000        5.49476750000000      -0.120657550264230     
  0.612307500000000        5.79992125000000      -0.117949931120650     
  0.612307500000000        6.10507500000000      -0.115502173657739     
  0.612307500000000        6.41022875000000      -0.111508818777555     
  0.612307500000000        6.71538250000000      -0.106552809309862     
  0.612307500000000        7.02053625000000      -0.110307996734737     
  0.612307500000000        7.32569000000000      -0.119627372680015     
  0.917461250000000       2.000000000000000E-003  -1.30956141371109     
  0.917461250000000       0.307153750000000       -1.23388789498528     
  0.917461250000000       0.612307500000000       -1.06565643884065     
  0.917461250000000       0.917461250000000      -0.882932944637509     
  0.917461250000000        1.22261500000000      -0.719840968448180     
  0.917461250000000        1.52776875000000      -0.585654711251285     
  0.917461250000000        1.83292250000000      -0.480258026720399     
  0.917461250000000        2.13807625000000      -0.399667367331511     
  0.917461250000000        2.44323000000000      -0.339090293011972     
  0.917461250000000        2.74838375000000      -0.294762677816499     
  0.917461250000000        3.05353750000000      -0.264494379586349     
  0.917461250000000        3.35869125000000      -0.243293486377254     
  0.917461250000000        3.66384500000000      -0.221992202134224     
  0.917461250000000        3.96899875000000      -0.195648755946658     
  0.917461250000000        4.27415250000000      -0.169213966981574     
  0.917461250000000        4.57930625000000      -0.148946045863211     
  0.917461250000000        4.88446000000000      -0.135412351562547     
  0.917461250000000        5.18961375000000      -0.126577114244675     
  0.917461250000000        5.49476750000000      -0.120930040619518     
  0.917461250000000        5.79992125000000      -0.117050797139881     
  0.917461250000000        6.10507500000000      -0.113670420491665     
  0.917461250000000        6.41022875000000      -0.110337825583542     
  0.917461250000000        6.71538250000000      -0.108888410897908     
  0.917461250000000        7.02053625000000      -0.112540190356620     
  0.917461250000000        7.32569000000000      -0.115084807217486     
   1.22261500000000       2.000000000000000E-003 -0.966098940218646     
   1.22261500000000       0.307153750000000      -0.927613837575221     
   1.22261500000000       0.612307500000000      -0.833238949139623     
   1.22261500000000       0.917461250000000      -0.719841771501456     
   1.22261500000000        1.22261500000000      -0.610531138152637     
   1.22261500000000        1.52776875000000      -0.514964561976557     
   1.22261500000000        1.83292250000000      -0.435765599844376     
   1.22261500000000        2.13807625000000      -0.372244953907346     
   1.22261500000000        2.44323000000000      -0.322767508168228     
   1.22261500000000        2.74838375000000      -0.285127209011394     
   1.22261500000000        3.05353750000000      -0.256743152911666     
   1.22261500000000        3.35869125000000      -0.234118140309392     
   1.22261500000000        3.66384500000000      -0.212532730837677     
   1.22261500000000        3.96899875000000      -0.189763639960189     
   1.22261500000000        4.27415250000000      -0.167966281798606     
   1.22261500000000        4.57930625000000      -0.150105613802351     
   1.22261500000000        4.88446000000000      -0.136944882442898     
   1.22261500000000        5.18961375000000      -0.127864727713706     
   1.22261500000000        5.49476750000000      -0.121710022285643     
   1.22261500000000        5.79992125000000      -0.117209758529543     
   1.22261500000000        6.10507500000000      -0.113444166946945     
   1.22261500000000        6.41022875000000      -0.110388534741993     
   1.22261500000000        6.71538250000000      -0.109013252244635     
   1.22261500000000        7.02053625000000      -0.109603023028269     
   1.22261500000000        7.32569000000000      -0.108866178496709     
   1.52776875000000       2.000000000000000E-003 -0.726605990418454     
   1.52776875000000       0.307153750000000      -0.706346297242172     
   1.52776875000000       0.612307500000000      -0.653932500380672     
   1.52776875000000       0.917461250000000      -0.585639468585143     
   1.52776875000000        1.22261500000000      -0.514954823325862     
   1.52776875000000        1.52776875000000      -0.449246343388336     
   1.52776875000000        1.83292250000000      -0.391562810979774     
   1.52776875000000        2.13807625000000      -0.343039573534127     
   1.52776875000000        2.44323000000000      -0.303480148248013     
   1.52776875000000        2.74838375000000      -0.271713283163294     
   1.52776875000000        3.05353750000000      -0.245880818947661     
   1.52776875000000        3.35869125000000      -0.223716789963473     
   1.52776875000000        3.66384500000000      -0.203136842018769     
   1.52776875000000        3.96899875000000      -0.183311011317699     
   1.52776875000000        4.27415250000000      -0.165032271367973     
   1.52776875000000        4.57930625000000      -0.149600609364395     
   1.52776875000000        4.88446000000000      -0.137666326063002     
   1.52776875000000        5.18961375000000      -0.128994764430311     
   1.52776875000000        5.49476750000000      -0.122759332415837     
   1.52776875000000        5.79992125000000      -0.117969798468071     
   1.52776875000000        6.10507500000000      -0.113897229249495     
   1.52776875000000        6.41022875000000      -0.110432071545106     
   1.52776875000000        6.71538250000000      -0.107909295083747     
   1.52776875000000        7.02053625000000      -0.106135977191343     
   1.52776875000000        7.32569000000000      -0.103793374186443     
   1.83292250000000       2.000000000000000E-003 -0.559854349557063     
   1.83292250000000       0.307153750000000      -0.549135742558855     
   1.83292250000000       0.612307500000000      -0.520267640674886     
   1.83292250000000       0.917461250000000      -0.480215955189109     
   1.83292250000000        1.22261500000000      -0.435739234104107     
   1.83292250000000        1.52776875000000      -0.391550937532226     
   1.83292250000000        1.83292250000000      -0.350565795762271     
   1.83292250000000        2.13807625000000      -0.314291952113420     
   1.83292250000000        2.44323000000000      -0.283136223886491     
   1.83292250000000        2.74838375000000      -0.256661012381504     
   1.83292250000000        3.05353750000000      -0.233871378167844     
   1.83292250000000        3.35869125000000      -0.213577545432257     
   1.83292250000000        3.66384500000000      -0.194847998629167     
   1.83292250000000        3.96899875000000      -0.177419182176077     
   1.83292250000000        4.27415250000000      -0.161721667898458     
   1.83292250000000        4.57930625000000      -0.148418401028813     
   1.83292250000000        4.88446000000000      -0.137858136497702     
   1.83292250000000        5.18961375000000      -0.129839820601875     
   1.83292250000000        5.49476750000000      -0.123725318959025     
   1.83292250000000        5.79992125000000      -0.118746443537233     
   1.83292250000000        6.10507500000000      -0.114328113077499     
   1.83292250000000        6.41022875000000      -0.110267501629915     
   1.83292250000000        6.71538250000000      -0.106635723113349     
   1.83292250000000        7.02053625000000      -0.103380378425664     
   1.83292250000000        7.32569000000000      -0.100097260444425     
   2.13807625000000       2.000000000000000E-003 -0.442395610785210     
   2.13807625000000       0.307153750000000      -0.437194636759600     
   2.13807625000000       0.612307500000000      -0.422253820719940     
   2.13807625000000       0.917461250000000      -0.399593507679691     
   2.13807625000000        1.22261500000000      -0.372198672961768     
   2.13807625000000        1.52776875000000      -0.343014872038928     
   2.13807625000000        1.83292250000000      -0.314282090334992     
   2.13807625000000        2.13807625000000      -0.287391796974773     
   2.13807625000000        2.44323000000000      -0.262982481714427     
   2.13807625000000        2.74838375000000      -0.241103726227752     
   2.13807625000000        3.05353750000000      -0.221421643369816     
   2.13807625000000        3.35869125000000      -0.203471338067793     
   2.13807625000000        3.66384500000000      -0.186923196884138     
   2.13807625000000        3.96899875000000      -0.171766461934831     
   2.13807625000000        4.27415250000000      -0.158287470572026     
   2.13807625000000        4.57930625000000      -0.146836306486002     
   2.13807625000000        4.88446000000000      -0.137545782846885     
   2.13807625000000        5.18961375000000      -0.130190666212461     
   2.13807625000000        5.49476750000000      -0.124251757846914     
   2.13807625000000        5.79992125000000      -0.119126871630644     
   2.13807625000000        6.10507500000000      -0.114361157097611     
   2.13807625000000        6.41022875000000      -0.109768623919045     
   2.13807625000000        6.71538250000000      -0.105378544938615     
   2.13807625000000        7.02053625000000      -0.101263599374888     
   2.13807625000000        7.32569000000000      -9.742607021989601E-002
   2.44323000000000       2.000000000000000E-003 -0.355659387678295     
   2.44323000000000       0.307153750000000      -0.354698960026746     
   2.44323000000000       0.612307500000000      -0.349983225567345     
   2.44323000000000       0.917461250000000      -0.338981286229630     
   2.44323000000000        1.22261500000000      -0.322699372850709     
   2.44323000000000        1.52776875000000      -0.303441256690695     
   2.44323000000000        1.83292250000000      -0.283116324381069     
   2.44323000000000        2.13807625000000      -0.262974231489202     
   2.44323000000000        2.44323000000000      -0.243734249891028     
   2.44323000000000        2.74838375000000      -0.225726241433984     
   2.44323000000000        3.05353750000000      -0.209016075204003     
   2.44323000000000        3.35869125000000      -0.193544370461711     
   2.44323000000000        3.66384500000000      -0.179271078215992     
   2.44323000000000        3.96899875000000      -0.166274456531562     
   2.44323000000000        4.27415250000000      -0.154743498900298     
   2.44323000000000        4.57930625000000      -0.144856453804181     
   2.44323000000000        4.88446000000000      -0.136629368652742     
   2.44323000000000        5.18961375000000      -0.129837342337463     
   2.44323000000000        5.49476750000000      -0.124059480643142     
   2.44323000000000        5.79992125000000      -0.118826579630159     
   2.44323000000000        6.10507500000000      -0.113789525481812     
   2.44323000000000        6.41022875000000      -0.108813445440116     
   2.44323000000000        6.71538250000000      -0.103951225071746     
   2.44323000000000        7.02053625000000      -9.935103726418025E-002
   2.44323000000000        7.32569000000000      -9.522508859388984E-002
   2.74838375000000       2.000000000000000E-003 -0.292153969836892     
   2.74838375000000       0.307153750000000      -0.294661344106453     
   2.74838375000000       0.612307500000000      -0.297522980863674     
   2.74838375000000       0.917461250000000      -0.294614341375352     
   2.74838375000000        1.22261500000000      -0.285035512822035     
   2.74838375000000        1.52776875000000      -0.271657549899520     
   2.74838375000000        1.83292250000000      -0.256628103288085     
   2.74838375000000        2.13807625000000      -0.241085069508805     
   2.74838375000000        2.44323000000000      -0.225717266253131     
   2.74838375000000        2.74838375000000      -0.210948863028432     
   2.74838375000000        3.05353750000000      -0.197005649054941     
   2.74838375000000        3.35869125000000      -0.183980577640336     
   2.74838375000000        3.66384500000000      -0.171919953178772     
   2.74838375000000        3.96899875000000      -0.160897893980991     
   2.74838375000000        4.27415250000000      -0.151030396071641     
   2.74838375000000        4.57930625000000      -0.142411341432261     
   2.74838375000000        4.88446000000000      -0.135019245553155     
   2.74838375000000        5.18961375000000      -0.128663562438845     
   2.74838375000000        5.49476750000000      -0.123014594683127     
   2.74838375000000        5.79992125000000      -0.117712081005094     
   2.74838375000000        6.10507500000000      -0.112495030771512     
   2.74838375000000        6.41022875000000      -0.107280872559316     
   2.74838375000000        6.71538250000000      -0.102126949045836     
   2.74838375000000        7.02053625000000      -9.735815439392112E-002
   2.74838375000000        7.32569000000000      -9.334630132339419E-002
   3.05353750000000       2.000000000000000E-003 -0.249672629338401     
   3.05353750000000       0.307153750000000      -0.256308097794737     
   3.05353750000000       0.612307500000000      -0.264638601939340     
   3.05353750000000       0.917461250000000      -0.264313429785991     
   3.05353750000000        1.22261500000000      -0.256626890576903     
   3.05353750000000        1.52776875000000      -0.245804240890463     
   3.05353750000000        1.83292250000000      -0.233820105326245     
   3.05353750000000        2.13807625000000      -0.221387475811107     
   3.05353750000000        2.44323000000000      -0.208994226180488     
   3.05353750000000        2.74838375000000      -0.196994346889996     
   3.05353750000000        3.05353750000000      -0.185593778279040     
   3.05353750000000        3.35869125000000      -0.174871435127337     
   3.05353750000000        3.66384500000000      -0.164847194995053     
   3.05353750000000        3.96899875000000      -0.155554629542951     
   3.05353750000000        4.27415250000000      -0.147067127425256     
   3.05353750000000        4.57930625000000      -0.139454813405077     
   3.05353750000000        4.88446000000000      -0.132708637407067     
   3.05353750000000        5.18961375000000      -0.126690430123801     
   3.05353750000000        5.49476750000000      -0.121151026044919     
   3.05353750000000        5.79992125000000      -0.115814107392778     
   3.05353750000000        6.10507500000000      -0.110475803543412     
   3.05353750000000        6.41022875000000      -0.105054782175913     
   3.05353750000000        6.71538250000000      -9.979001890264402E-002
   3.05353750000000        7.02053625000000      -9.534938406721712E-002
   3.05353750000000        7.32569000000000      -9.201407205678602E-002
   3.35869125000000       2.000000000000000E-003 -0.227536389475745     
   3.35869125000000       0.307153750000000      -0.237671264149432     
   3.35869125000000       0.612307500000000      -0.246108951010032     
   3.35869125000000       0.917461250000000      -0.243100480515978     
   3.35869125000000        1.22261500000000      -0.233977202253745     
   3.35869125000000        1.52776875000000      -0.223614305682393     
   3.35869125000000        1.83292250000000      -0.213501342826465     
   3.35869125000000        2.13807625000000      -0.203415287176269     
   3.35869125000000        2.44323000000000      -0.193504360045353     
   3.35869125000000        2.74838375000000      -0.183954182344167     
   3.35869125000000        3.05353750000000      -0.174857973964642     
   3.35869125000000        3.35869125000000      -0.166210621491540     
   3.35869125000000        3.66384500000000      -0.157973361948398     
   3.35869125000000        3.96899875000000      -0.150147182551981     
   3.35869125000000        4.27415250000000      -0.142796476258064     
   3.35869125000000        4.57930625000000      -0.136002451205246     
   3.35869125000000        4.88446000000000      -0.129786038265575     
   3.35869125000000        5.18961375000000      -0.124058850981398     
   3.35869125000000        5.49476750000000      -0.118636972259717     
   3.35869125000000        5.79992125000000      -0.113303756545033     
   3.35869125000000        6.10507500000000      -0.107858176560778     
   3.35869125000000        6.41022875000000      -0.102250502157719     
   3.35869125000000        6.71538250000000      -9.710779739352714E-002
   3.35869125000000        7.02053625000000      -9.369641329158571E-002
   3.35869125000000        7.32569000000000      -9.164159000895311E-002
   3.66384500000000       2.000000000000000E-003 -0.219712946743006     
   3.66384500000000       0.307153750000000      -0.223470498528422     
   3.66384500000000       0.612307500000000      -0.227276608036841     
   3.66384500000000       0.917461250000000      -0.221791417924771     
   3.66384500000000        1.22261500000000      -0.212365238151032     
   3.66384500000000        1.52776875000000      -0.203002853028007     
   3.66384500000000        1.83292250000000      -0.194740764015901     
   3.66384500000000        2.13807625000000      -0.186839625265498     
   3.66384500000000        2.44323000000000      -0.179208191794897     
   3.66384500000000        2.74838375000000      -0.171874935534209     
   3.66384500000000        3.05353750000000      -0.164818081550591     
   3.66384500000000        3.35869125000000      -0.157959121531325     
   3.66384500000000        3.66384500000000      -0.151227054912466     
   3.66384500000000        3.96899875000000      -0.144622287473977     
   3.66384500000000        4.27415250000000      -0.138225546178859     
   3.66384500000000        4.57930625000000      -0.132138486856253     
   3.66384500000000        4.88446000000000      -0.126404754207864     
   3.66384500000000        5.18961375000000      -0.120970811214393     
   3.66384500000000        5.49476750000000      -0.115704959824124     
   3.66384500000000        5.79992125000000      -0.110442402309272     
   3.66384500000000        6.10507500000000      -0.104973944030152     
   3.66384500000000        6.41022875000000      -9.938838815314988E-002
   3.66384500000000        6.71538250000000      -9.457834057910385E-002
   3.66384500000000        7.02053625000000      -9.233811891689692E-002
   3.66384500000000        7.32569000000000      -9.195614539500052E-002
   3.96899875000000       2.000000000000000E-003 -0.178147558551831     
   3.96899875000000       0.307153750000000      -0.187708994162402     
   3.96899875000000       0.612307500000000      -0.196485275149175     
   3.96899875000000       0.917461250000000      -0.195422969143773     
   3.96899875000000        1.22261500000000      -0.189563969346028     
   3.96899875000000        1.52776875000000      -0.183141093397563     
   3.96899875000000        1.83292250000000      -0.177277252318497     
   3.96899875000000        2.13807625000000      -0.171652291424833     
   3.96899875000000        2.44323000000000      -0.166186131805788     
   3.96899875000000        2.74838375000000      -0.160832300402531     
   3.96899875000000        3.05353750000000      -0.155508684254594     
   3.96899875000000        3.35869125000000      -0.150118448575047     
   3.96899875000000        3.66384500000000      -0.144608816256683     
   3.96899875000000        3.96899875000000      -0.139012754333421     
   3.96899875000000        4.27415250000000      -0.133436594009453     
   3.96899875000000        4.57930625000000      -0.127993718603681     
   3.96899875000000        4.88446000000000      -0.122733893703179     
   3.96899875000000        5.18961375000000      -0.117622623730034     
   3.96899875000000        5.49476750000000      -0.112573472084114     
   3.96899875000000        5.79992125000000      -0.107489159654462     
   3.96899875000000        6.10507500000000      -0.102233041935807     
   3.96899875000000        6.41022875000000      -9.699594127724827E-002
   3.96899875000000        6.71538250000000      -9.274793921106025E-002
   3.96899875000000        7.02053625000000      -9.070943240183581E-002
   3.96899875000000        7.32569000000000      -9.030160477361905E-002
   4.27415250000000       2.000000000000000E-003 -0.149774055115868     
   4.27415250000000       0.307153750000000      -0.156102295190286     
   4.27415250000000       0.612307500000000      -0.165451468414581     
   4.27415250000000       0.917461250000000      -0.168952559762958     
   4.27415250000000        1.22261500000000      -0.167731964489016     
   4.27415250000000        1.52776875000000      -0.164825705720411     
   4.27415250000000        1.83292250000000      -0.161545404138857     
   4.27415250000000        2.13807625000000      -0.158143267394728     
   4.27415250000000        2.44323000000000      -0.154630095151121     
   4.27415250000000        2.74838375000000      -0.150944361253794     
   4.27415250000000        3.05353750000000      -0.147004458393037     
   4.27415250000000        3.35869125000000      -0.142753587428578     
   4.27415250000000        3.66384500000000      -0.138199408537723     
   4.27415250000000        3.96899875000000      -0.133424552240909     
   4.27415250000000        4.27415250000000      -0.128555938817558     
   4.27415250000000        4.57930625000000      -0.123704469088414     
   4.27415250000000        4.88446000000000      -0.118913474378056     
   4.27415250000000        5.18961375000000      -0.114157855204735     
   4.27415250000000        5.49476750000000      -0.109390555764773     
   4.27415250000000        5.79992125000000      -0.104591863954087     
   4.27415250000000        6.10507500000000      -9.977450227664425E-002
   4.27415250000000        6.41022875000000      -9.510045140041611E-002
   4.27415250000000        6.71538250000000      -9.145702703946348E-002
   4.27415250000000        7.02053625000000      -8.951960645992264E-002
   4.27415250000000        7.32569000000000      -8.878449116471615E-002
   4.57930625000000       2.000000000000000E-003 -0.134925047386144     
   4.57930625000000       0.307153750000000      -0.138167288590563     
   4.57930625000000       0.612307500000000      -0.144394436964523     
   4.57930625000000       0.917461250000000      -0.148653917847324     
   4.57930625000000        1.22261500000000      -0.149838191863586     
   4.57930625000000        1.52776875000000      -0.149361239679422     
   4.57930625000000        1.83292250000000      -0.148212291612817     
   4.57930625000000        2.13807625000000      -0.146666065817173     
   4.57930625000000        2.44323000000000      -0.144720905368740     
   4.57930625000000        2.74838375000000      -0.142306646055356     
   4.57930625000000        3.05353750000000      -0.139376250484001     
   4.57930625000000        3.35869125000000      -0.135945624035205     
   4.57930625000000        3.66384500000000      -0.132099666734276     
   4.57930625000000        3.96899875000000      -0.127969753181811     
   4.57930625000000        4.27415250000000      -0.123692935658935     
   4.57930625000000        4.57930625000000      -0.119367879702052     
   4.57930625000000        4.88446000000000      -0.115027192712092     
   4.57930625000000        5.18961375000000      -0.110651633718465     
   4.57930625000000        5.49476750000000      -0.106224144882832     
   4.57930625000000        5.79992125000000      -0.101783051275350     
   4.57930625000000        6.10507500000000      -9.744116228129704E-002
   4.57930625000000        6.41022875000000      -9.338225112399076E-002
   4.57930625000000        6.71538250000000      -9.004876056569851E-002
   4.57930625000000        7.02053625000000      -8.783372585511572E-002
   4.57930625000000        7.32569000000000      -8.626265638623701E-002
   4.88446000000000       2.000000000000000E-003 -0.127416375264884     
   4.88446000000000       0.307153750000000      -0.128994884550096     
   4.88446000000000       0.612307500000000      -0.132360115290874     
   4.88446000000000       0.917461250000000      -0.135091897941247     
   4.88446000000000        1.22261500000000      -0.136648466372224     
   4.88446000000000        1.52776875000000      -0.137400690383760     
   4.88446000000000        1.83292250000000      -0.137628985076787     
   4.88446000000000        2.13807625000000      -0.137355326924359     
   4.88446000000000        2.44323000000000      -0.136475843505168     
   4.88446000000000        2.74838375000000      -0.134898187030511     
   4.88446000000000        3.05353750000000      -0.132614706381774     
   4.88446000000000        3.35869125000000      -0.129714332026681     
   4.88446000000000        3.66384500000000      -0.126351299878223     
   4.88446000000000        3.96899875000000      -0.122695609793367     
   4.88446000000000        4.27415250000000      -0.118888153936595     
   4.88446000000000        4.57930625000000      -0.115013944646465     
   4.88446000000000        4.88446000000000      -0.111096182121717     
   4.88446000000000        5.18961375000000      -0.107120606726227     
   4.88446000000000        5.49476750000000      -0.103087096150514     
   4.88446000000000        5.79992125000000      -9.905602591494363E-002
   4.88446000000000        6.10507500000000      -9.515915148444934E-002
   4.88446000000000        6.41022875000000      -9.157422359909667E-002
   4.88446000000000        6.71538250000000      -8.847981425735880E-002
   4.88446000000000        7.02053625000000      -8.595676858179577E-002
   4.88446000000000        7.32569000000000      -8.378820616591126E-002
   5.18961375000000       2.000000000000000E-003 -0.123181075842573     
   5.18961375000000       0.307153750000000      -0.123663524329866     
   5.18961375000000       0.612307500000000      -0.124846377832699     
   5.18961375000000       0.917461250000000      -0.126225655092776     
   5.18961375000000        1.22261500000000      -0.127542819983793     
   5.18961375000000        1.52776875000000      -0.128708686221650     
   5.18961375000000        1.83292250000000      -0.129593770112879     
   5.18961375000000        2.13807625000000      -0.129985230796388     
   5.18961375000000        2.44323000000000      -0.129669410484397     
   5.18961375000000        2.74838375000000      -0.128527634848149     
   5.18961375000000        3.05353750000000      -0.126580399432684     
   5.18961375000000        3.35869125000000      -0.123969394745020     
   5.18961375000000        3.66384500000000      -0.120898090900492     
   5.18961375000000        3.96899875000000      -0.117564348461424     
   5.18961375000000        4.27415250000000      -0.114112980624869     
   5.18961375000000        4.57930625000000      -0.110620138771751     
   5.18961375000000        4.88446000000000      -0.107103606906109     
   5.18961375000000        5.18961375000000      -0.103552125429908     
   5.18961375000000        5.49476750000000      -9.996743118740459E-002
   5.18961375000000        5.79992125000000      -9.639788770215837E-002
   5.18961375000000        6.10507500000000      -9.294358668699272E-002
   5.18961375000000        6.41022875000000      -8.972639279748389E-002
   5.18961375000000        6.71538250000000      -8.683337560773614E-002
   5.18961375000000        7.02053625000000      -8.425099507441164E-002
   5.18961375000000        7.32569000000000      -8.184042111480987E-002
   5.49476750000000       2.000000000000000E-003 -0.120471224506177     
   5.49476750000000       0.307153750000000      -0.120339537008319     
   5.49476750000000       0.612307500000000      -0.120234422630463     
   5.49476750000000       0.917461250000000      -0.120542478703417     
   5.49476750000000        1.22261500000000      -0.121362515608648     
   5.49476750000000        1.52776875000000      -0.122454949297254     
   5.49476750000000        1.83292250000000      -0.123465161490215     
   5.49476750000000        2.13807625000000      -0.124033769909887     
   5.49476750000000        2.44323000000000      -0.123878462493815     
   5.49476750000000        2.74838375000000      -0.122863431452992     
   5.49476750000000        3.05353750000000      -0.121022344226802     
   5.49476750000000        3.35869125000000      -0.118524659275062     
   5.49476750000000        3.66384500000000      -0.115605386792881     
   5.49476750000000        3.96899875000000      -0.112486005729139     
   5.49476750000000        4.27415250000000      -0.109316768286973     
   5.49476750000000        4.57930625000000      -0.106166250395893     
   5.49476750000000        4.88446000000000      -0.103046973736377     
   5.49476750000000        5.18961375000000      -9.994662799265527E-002
   5.49476750000000        5.49476750000000      -9.685457481447204E-002
   5.49476750000000        5.79992125000000      -9.378373571396879E-002
   5.49476750000000        6.10507500000000      -9.078101798716057E-002
   5.49476750000000        6.41022875000000      -8.791697865347547E-002
   5.49476750000000        6.71538250000000      -8.525501640362002E-002
   5.49476750000000        7.02053625000000      -8.278451436874054E-002
   5.49476750000000        7.32569000000000      -8.035712820690465E-002
   5.79992125000000       2.000000000000000E-003 -0.119823801370135     
   5.79992125000000       0.307153750000000      -0.118990710118583     
   5.79992125000000       0.612307500000000      -0.117460998241126     
   5.79992125000000       0.917461250000000      -0.116619321388303     
   5.79992125000000        1.22261500000000      -0.116832619852645     
   5.79992125000000        1.52776875000000      -0.117644694618724     
   5.79992125000000        1.83292250000000      -0.118470529906251     
   5.79992125000000        2.13807625000000      -0.118894914395647     
   5.79992125000000        2.44323000000000      -0.118630768478818     
   5.79992125000000        2.74838375000000      -0.117543105623957     
   5.79992125000000        3.05353750000000      -0.115662478377068     
   5.79992125000000        3.35869125000000      -0.113161318388801     
   5.79992125000000        3.66384500000000      -0.110304958487161     
   5.79992125000000        3.96899875000000      -0.107359012413237     
   5.79992125000000        4.27415250000000      -0.104476057237734     
   5.79992125000000        4.57930625000000      -0.101688183975441     
   5.79992125000000        4.88446000000000      -9.898539732369784E-002
   5.79992125000000        5.18961375000000      -9.635202716686908E-002
   5.79992125000000        5.49476750000000      -9.376170554729972E-002
   5.79992125000000        5.79992125000000      -9.118230340984744E-002
   5.79992125000000        6.10507500000000      -8.860167742884384E-002
   5.79992125000000        6.41022875000000      -8.611387273957440E-002
   5.79992125000000        6.71538250000000      -8.385979127518779E-002
   5.79992125000000        7.02053625000000      -8.178906829958266E-002
   5.79992125000000        7.32569000000000      -7.951837690818429E-002
   6.10507500000000       2.000000000000000E-003 -0.120205351768950     
   6.10507500000000       0.307153750000000      -0.118253503822130     
   6.10507500000000       0.612307500000000      -0.114931024213764     
   6.10507500000000       0.917461250000000      -0.113188593242754     
   6.10507500000000        1.22261500000000      -0.113031967024343     
   6.10507500000000        1.52776875000000      -0.113545861704768     
   6.10507500000000        1.83292250000000      -0.114031272975468     
   6.10507500000000        2.13807625000000      -0.114110617819100     
   6.10507500000000        2.44323000000000      -0.113574703596009     
   6.10507500000000        2.74838375000000      -0.112304189053125     
   6.10507500000000        3.05353750000000      -0.110296466221257     
   6.10507500000000        3.35869125000000      -0.107676897221979     
   6.10507500000000        3.66384500000000      -0.104781942114715     
   6.10507500000000        3.96899875000000      -0.102037848447156     
   6.10507500000000        4.27415250000000      -9.959734533715449E-002
   6.10507500000000        4.57930625000000      -9.729697550160467E-002
   6.10507500000000        4.88446000000000      -9.505132687334972E-002
   6.10507500000000        5.18961375000000      -9.286966572615765E-002
   6.10507500000000        5.49476750000000      -9.073682535224235E-002
   6.10507500000000        5.79992125000000      -8.858241311135025E-002
   6.10507500000000        6.10507500000000      -8.638066300949972E-002
   6.10507500000000        6.41022875000000      -8.420371060585537E-002
   6.10507500000000        6.71538250000000      -8.235400724999491E-002
   6.10507500000000        7.02053625000000      -8.098387664621458E-002
   6.10507500000000        7.32569000000000      -7.913104082138583E-002
   6.41022875000000       2.000000000000000E-003 -0.119339238480805     
   6.41022875000000       0.307153750000000      -0.115400917130734     
   6.41022875000000       0.612307500000000      -0.110854205973112     
   6.41022875000000       0.917461250000000      -0.109801288118778     
   6.41022875000000        1.22261500000000      -0.109932686688209     
   6.41022875000000        1.52776875000000      -0.110046583368348     
   6.41022875000000        1.83292250000000      -0.109943347324880     
   6.41022875000000        2.13807625000000      -0.109493799265758     
   6.41022875000000        2.44323000000000      -0.108574457829439     
   6.41022875000000        2.74838375000000      -0.107064073887342     
   6.41022875000000        3.05353750000000      -0.104844522738397     
   6.41022875000000        3.35869125000000      -0.102026197504036     
   6.41022875000000        3.66384500000000      -9.913055621668393E-002
   6.41022875000000        3.96899875000000      -9.671284897048003E-002
   6.41022875000000        4.27415250000000      -9.483608778972916E-002
   6.41022875000000        4.57930625000000      -9.317513438261123E-002
   6.41022875000000        4.88446000000000      -9.142624565958023E-002
   6.41022875000000        5.18961375000000      -8.962500533242379E-002
   6.41022875000000        5.49476750000000      -8.785269655243563E-002
   6.41022875000000        5.79992125000000      -8.607868860200699E-002
   6.41022875000000        6.10507500000000      -8.418962863556287E-002
   6.41022875000000        6.41022875000000      -8.199219641006242E-002
   6.41022875000000        6.71538250000000      -7.995240804790811E-002
   6.41022875000000        7.02053625000000      -7.936229514940733E-002
   6.41022875000000        7.32569000000000      -7.855869905140259E-002
   6.71538250000000       2.000000000000000E-003 -0.114229898492887     
   6.71538250000000       0.307153750000000      -0.107062029279622     
   6.71538250000000       0.612307500000000      -0.105832665260216     
   6.71538250000000       0.917461250000000      -0.108280534380275     
   6.71538250000000        1.22261500000000      -0.108497218364506     
   6.71538250000000        1.52776875000000      -0.107480667464928     
   6.71538250000000        1.83292250000000      -0.106279598145230     
   6.71538250000000        2.13807625000000      -0.105075622889384     
   6.71538250000000        2.44323000000000      -0.103683836468408     
   6.71538250000000        2.74838375000000      -0.101878476694343     
   6.71538250000000        3.05353750000000      -9.954758093120844E-002
   6.71538250000000        3.35869125000000      -9.685647790065903E-002
   6.71538250000000        3.66384500000000      -9.427743333831580E-002
   6.71538250000000        3.96899875000000      -9.238610596743237E-002
   6.71538250000000        4.27415250000000      -9.111162038748410E-002
   6.71538250000000        4.57930625000000      -8.978121674578152E-002
   6.71538250000000        4.88446000000000      -8.829798926492437E-002
   6.71538250000000        5.18961375000000      -8.671116529590461E-002
   6.71538250000000        5.49476750000000      -8.517547452257576E-002
   6.71538250000000        5.79992125000000      -8.381220424256944E-002
   6.71538250000000        6.10507500000000      -8.233022691718249E-002
   6.71538250000000        6.41022875000000      -7.994559606674448E-002
   6.71538250000000        6.71538250000000      -7.628757704940112E-002
   6.71538250000000        7.02053625000000      -7.487910451580554E-002
   6.71538250000000        7.32569000000000      -7.637033825382977E-002
   7.02053625000000       2.000000000000000E-003 -0.105169321131717     
   7.02053625000000       0.307153750000000      -9.931122198499100E-002
   7.02053625000000       0.612307500000000      -0.109458229470994     
   7.02053625000000       0.917461250000000      -0.111812915769840     
   7.02053625000000        1.22261500000000      -0.109013243908593     
   7.02053625000000        1.52776875000000      -0.105663278878581     
   7.02053625000000        1.83292250000000      -0.102993743710202     
   7.02053625000000        2.13807625000000      -0.100934023098464     
   7.02053625000000        2.44323000000000      -9.905468282791632E-002
   7.02053625000000        2.74838375000000      -9.707467116173672E-002
   7.02053625000000        3.05353750000000      -9.507446594341080E-002
   7.02053625000000        3.35869125000000      -9.344850654513502E-002
   7.02053625000000        3.66384500000000      -9.207777544825935E-002
   7.02053625000000        3.96899875000000      -9.034170489797781E-002
   7.02053625000000        4.27415250000000      -8.915803921889129E-002
   7.02053625000000        4.57930625000000      -8.755432528353393E-002
   7.02053625000000        4.88446000000000      -8.576457313961884E-002
   7.02053625000000        5.18961375000000      -8.412151902703138E-002
   7.02053625000000        5.49476750000000      -8.269682015262379E-002
   7.02053625000000        5.79992125000000      -8.173293541426127E-002
   7.02053625000000        6.10507500000000      -8.095328764086575E-002
   7.02053625000000        6.41022875000000      -7.935391433874538E-002
   7.02053625000000        6.71538250000000      -7.488693408541758E-002
   7.02053625000000        7.02053625000000      -6.848782916454368E-002
   7.02053625000000        7.32569000000000      -7.018738091095700E-002
   7.32569000000000       2.000000000000000E-003 -9.332955568500584E-002
   7.32569000000000       0.307153750000000      -0.110917056538752     
   7.32569000000000       0.612307500000000      -0.118602710167979     
   7.32569000000000       0.917461250000000      -0.114273051886700     
   7.32569000000000        1.22261500000000      -0.108236746619287     
   7.32569000000000        1.52776875000000      -0.103297460996849     
   7.32569000000000        1.83292250000000      -9.969216415011076E-002
   7.32569000000000        2.13807625000000      -9.707883482233283E-002
   7.32569000000000        2.44323000000000      -9.490922773346570E-002
   7.32569000000000        2.74838375000000      -9.304175775740171E-002
   7.32569000000000        3.05353750000000      -9.171929271077052E-002
   7.32569000000000        3.35869125000000      -9.138911655398493E-002
   7.32569000000000        3.66384500000000      -9.177531118965414E-002
   7.32569000000000        3.96899875000000      -9.006708641207023E-002
   7.32569000000000        4.27415250000000      -8.853275595252447E-002
   7.32569000000000        4.57930625000000      -8.604641763106394E-002
   7.32569000000000        4.88446000000000      -8.362313559580938E-002
   7.32569000000000        5.18961375000000      -8.172005873617512E-002
   7.32569000000000        5.49476750000000      -8.026939532597746E-002
   7.32569000000000        5.79992125000000      -7.945770932638263E-002
   7.32569000000000        6.10507500000000      -7.909441840516321E-002
   7.32569000000000        6.41022875000000      -7.854543593899604E-002
   7.32569000000000        6.71538250000000      -7.637972142503111E-002
   7.32569000000000        7.02053625000000      -7.020487418345722E-002
   7.32569000000000        7.32569000000000      -6.183055869814826E-002
