  2.000000000000000E-003  2.000000000000000E-003 -0.440157492029810     
  2.000000000000000E-003  0.307153750000000      -0.404782952245235     
  2.000000000000000E-003  0.612307500000000      -0.357992559959278     
  2.000000000000000E-003  0.917461250000000      -0.323151912407965     
  2.000000000000000E-003   1.22261500000000      -0.300676909708078     
  2.000000000000000E-003   1.52776875000000      -0.283103075612881     
  2.000000000000000E-003   1.83292250000000      -0.266168357909623     
  2.000000000000000E-003   2.13807625000000      -0.248772845800191     
  2.000000000000000E-003   2.44323000000000      -0.231853278044090     
  2.000000000000000E-003   2.74838375000000      -0.215228521107169     
  2.000000000000000E-003   3.05353750000000      -0.200727992930915     
  2.000000000000000E-003   3.35869125000000      -0.192289891711395     
  2.000000000000000E-003   3.66384500000000      -0.185465838265952     
  2.000000000000000E-003   3.96899875000000      -0.178495449464048     
  2.000000000000000E-003   4.27415250000000      -0.168723066657343     
  2.000000000000000E-003   4.57930625000000      -0.152179217989722     
  2.000000000000000E-003   4.88446000000000      -0.135127148754721     
  2.000000000000000E-003   5.18961375000000      -0.120653002309520     
  2.000000000000000E-003   5.49476750000000      -0.108765360139531     
  2.000000000000000E-003   5.79992125000000      -9.982807840642623E-002
  2.000000000000000E-003   6.10507500000000      -9.381195391571909E-002
  2.000000000000000E-003   6.41022875000000      -9.037893441081582E-002
  2.000000000000000E-003   6.71538250000000      -8.856909574256108E-002
  2.000000000000000E-003   7.02053625000000      -8.627590578327557E-002
  2.000000000000000E-003   7.32569000000000      -8.522291668979126E-002
  0.307153750000000       2.000000000000000E-003 -0.390885333880680     
  0.307153750000000       0.307153750000000      -0.416491761931915     
  0.307153750000000       0.612307500000000      -0.394432620471004     
  0.307153750000000       0.917461250000000      -0.360289431738314     
  0.307153750000000        1.22261500000000      -0.333040815683253     
  0.307153750000000        1.52776875000000      -0.309899200456189     
  0.307153750000000        1.83292250000000      -0.287908797241799     
  0.307153750000000        2.13807625000000      -0.266271753580988     
  0.307153750000000        2.44323000000000      -0.245899087457467     
  0.307153750000000        2.74838375000000      -0.225964347678026     
  0.307153750000000        3.05353750000000      -0.207649533474604     
  0.307153750000000        3.35869125000000      -0.194814183545292     
  0.307153750000000        3.66384500000000      -0.188439603547882     
  0.307153750000000        3.96899875000000      -0.182491162283418     
  0.307153750000000        4.27415250000000      -0.171329430070150     
  0.307153750000000        4.57930625000000      -0.155058204528015     
  0.307153750000000        4.88446000000000      -0.138326839324752     
  0.307153750000000        5.18961375000000      -0.124021540503478     
  0.307153750000000        5.49476750000000      -0.112151673066454     
  0.307153750000000        5.79992125000000      -0.103175214753145     
  0.307153750000000        6.10507500000000      -9.716541232926207E-002
  0.307153750000000        6.41022875000000      -9.392570184853437E-002
  0.307153750000000        6.71538250000000      -9.263068989208642E-002
  0.307153750000000        7.02053625000000      -9.120168568880976E-002
  0.307153750000000        7.32569000000000      -8.627556255386713E-002
  0.612307500000000       2.000000000000000E-003 -0.384386967160007     
  0.612307500000000       0.307153750000000      -0.416177753099325     
  0.612307500000000       0.612307500000000      -0.426760515497397     
  0.612307500000000       0.917461250000000      -0.400655533128156     
  0.612307500000000        1.22261500000000      -0.367774267579861     
  0.612307500000000        1.52776875000000      -0.336971299424720     
  0.612307500000000        1.83292250000000      -0.308513316363974     
  0.612307500000000        2.13807625000000      -0.282542588132122     
  0.612307500000000        2.44323000000000      -0.259093198820137     
  0.612307500000000        2.74838375000000      -0.236939478537227     
  0.612307500000000        3.05353750000000      -0.216510036141842     
  0.612307500000000        3.35869125000000      -0.200381448521598     
  0.612307500000000        3.66384500000000      -0.189982986335118     
  0.612307500000000        3.96899875000000      -0.181429667865116     
  0.612307500000000        4.27415250000000      -0.169706007735233     
  0.612307500000000        4.57930625000000      -0.154888829451848     
  0.612307500000000        4.88446000000000      -0.139781434165414     
  0.612307500000000        5.18961375000000      -0.126676385907439     
  0.612307500000000        5.49476750000000      -0.115513726072669     
  0.612307500000000        5.79992125000000      -0.106829611150536     
  0.612307500000000        6.10507500000000      -0.101013552184048     
  0.612307500000000        6.41022875000000      -9.773474547502885E-002
  0.612307500000000        6.71538250000000      -9.561895710012860E-002
  0.612307500000000        7.02053625000000      -9.143553807808848E-002
  0.612307500000000        7.32569000000000      -8.552700645069096E-002
  0.917461250000000       2.000000000000000E-003 -0.457636220658922     
  0.917461250000000       0.307153750000000      -0.465001330939953     
  0.917461250000000       0.612307500000000      -0.461869462191786     
  0.917461250000000       0.917461250000000      -0.434717008588174     
  0.917461250000000        1.22261500000000      -0.397345530966027     
  0.917461250000000        1.52776875000000      -0.359877344950082     
  0.917461250000000        1.83292250000000      -0.325579080867014     
  0.917461250000000        2.13807625000000      -0.296188044618323     
  0.917461250000000        2.44323000000000      -0.270153788386414     
  0.917461250000000        2.74838375000000      -0.246331797735606     
  0.917461250000000        3.05353750000000      -0.224802399200658     
  0.917461250000000        3.35869125000000      -0.206652300908491     
  0.917461250000000        3.66384500000000      -0.192425475247334     
  0.917461250000000        3.96899875000000      -0.180268718909818     
  0.917461250000000        4.27415250000000      -0.167602507549816     
  0.917461250000000        4.57930625000000      -0.153935280693638     
  0.917461250000000        4.88446000000000      -0.140680413459767     
  0.917461250000000        5.18961375000000      -0.128834568651520     
  0.917461250000000        5.49476750000000      -0.118587999564322     
  0.917461250000000        5.79992125000000      -0.110232516347677     
  0.917461250000000        6.10507500000000      -0.104274521966913     
  0.917461250000000        6.41022875000000      -0.100221218180137     
  0.917461250000000        6.71538250000000      -9.669182024789683E-002
  0.917461250000000        7.02053625000000      -9.181769980101316E-002
  0.917461250000000        7.32569000000000      -8.615489476313327E-002
   1.22261500000000       2.000000000000000E-003 -0.517235256724816     
   1.22261500000000       0.307153750000000      -0.512939119259872     
   1.22261500000000       0.612307500000000      -0.494490160821679     
   1.22261500000000       0.917461250000000      -0.460524977984967     
   1.22261500000000        1.22261500000000      -0.418412771028630     
   1.22261500000000        1.52776875000000      -0.375958145089917     
   1.22261500000000        1.83292250000000      -0.338121677301107     
   1.22261500000000        2.13807625000000      -0.306128827455033     
   1.22261500000000        2.44323000000000      -0.277899004296479     
   1.22261500000000        2.74838375000000      -0.252622260508739     
   1.22261500000000        3.05353750000000      -0.230228514184215     
   1.22261500000000        3.35869125000000      -0.210907562559021     
   1.22261500000000        3.66384500000000      -0.194511670501367     
   1.22261500000000        3.96899875000000      -0.180145804261702     
   1.22261500000000        4.27415250000000      -0.166677928394234     
   1.22261500000000        4.57930625000000      -0.153755833295787     
   1.22261500000000        4.88446000000000      -0.141653600484365     
   1.22261500000000        5.18961375000000      -0.130724613282563     
   1.22261500000000        5.49476750000000      -0.121189740103346     
   1.22261500000000        5.79992125000000      -0.113138656517444     
   1.22261500000000        6.10507500000000      -0.106804782616862     
   1.22261500000000        6.41022875000000      -0.101830256314835     
   1.22261500000000        6.71538250000000      -9.725491916800375E-002
   1.22261500000000        7.02053625000000      -9.215594186173544E-002
   1.22261500000000        7.32569000000000      -8.666576124727866E-002
   1.52776875000000       2.000000000000000E-003 -0.547554845544912     
   1.52776875000000       0.307153750000000      -0.539003367718057     
   1.52776875000000       0.612307500000000      -0.513738271697000     
   1.52776875000000       0.917461250000000      -0.474872054009654     
   1.52776875000000        1.22261500000000      -0.429410857074825     
   1.52776875000000        1.52776875000000      -0.384757207262822     
   1.52776875000000        1.83292250000000      -0.345739193636317     
   1.52776875000000        2.13807625000000      -0.311550157815529     
   1.52776875000000        2.44323000000000      -0.281549026131324     
   1.52776875000000        2.74838375000000      -0.255296374968610     
   1.52776875000000        3.05353750000000      -0.232452407772493     
   1.52776875000000        3.35869125000000      -0.212678777536661     
   1.52776875000000        3.66384500000000      -0.195525507960572     
   1.52776875000000        3.96899875000000      -0.180395128291967     
   1.52776875000000        4.27415250000000      -0.166718170577059     
   1.52776875000000        4.57930625000000      -0.154180408956612     
   1.52776875000000        4.88446000000000      -0.142732296821442     
   1.52776875000000        5.18961375000000      -0.132441879767324     
   1.52776875000000        5.49476750000000      -0.123373763749481     
   1.52776875000000        5.79992125000000      -0.115533154863714     
   1.52776875000000        6.10507500000000      -0.108841883935348     
   1.52776875000000        6.41022875000000      -0.103118096450861     
   1.52776875000000        6.71538250000000      -9.783682914010158E-002
   1.52776875000000        7.02053625000000      -9.251769244502574E-002
   1.52776875000000        7.32569000000000      -8.714067182018222E-002
   1.83292250000000       2.000000000000000E-003 -0.553278039864718     
   1.83292250000000       0.307153750000000      -0.543664880872460     
   1.83292250000000       0.612307500000000      -0.515799428425401     
   1.83292250000000       0.917461250000000      -0.475559232955969     
   1.83292250000000        1.22261500000000      -0.431220194498856     
   1.83292250000000        1.52776875000000      -0.387812365274710     
   1.83292250000000        1.83292250000000      -0.347620286129993     
   1.83292250000000        2.13807625000000      -0.311796785147383     
   1.83292250000000        2.44323000000000      -0.280742256098033     
   1.83292250000000        2.74838375000000      -0.254249121331079     
   1.83292250000000        3.05353750000000      -0.231692189946791     
   1.83292250000000        3.35869125000000      -0.212291022786081     
   1.83292250000000        3.66384500000000      -0.195331393469133     
   1.83292250000000        3.96899875000000      -0.180274479981429     
   1.83292250000000        4.27415250000000      -0.166772807555444     
   1.83292250000000        4.57930625000000      -0.154628254515381     
   1.83292250000000        4.88446000000000      -0.143719246682087     
   1.83292250000000        5.18961375000000      -0.133944109074360     
   1.83292250000000        5.49476750000000      -0.125207871679233     
   1.83292250000000        5.79992125000000      -0.117425565286872     
   1.83292250000000        6.10507500000000      -0.110504350727785     
   1.83292250000000        6.41022875000000      -0.104297321794974     
   1.83292250000000        6.71538250000000      -9.857595041756192E-002
   1.83292250000000        7.02053625000000      -9.311494720021571E-002
   1.83292250000000        7.32569000000000      -8.784687416227446E-002
   2.13807625000000       2.000000000000000E-003 -0.543933566106308     
   2.13807625000000       0.307153750000000      -0.534122615199908     
   2.13807625000000       0.612307500000000      -0.507407928192516     
   2.13807625000000       0.917461250000000      -0.469791980631847     
   2.13807625000000        1.22261500000000      -0.427121854269052     
   2.13807625000000        1.52776875000000      -0.383810084843078     
   2.13807625000000        1.83292250000000      -0.342968092122401     
   2.13807625000000        2.13807625000000      -0.306601494149770     
   2.13807625000000        2.44323000000000      -0.275599363413842     
   2.13807625000000        2.74838375000000      -0.249791462546984     
   2.13807625000000        3.05353750000000      -0.228270987769044     
   2.13807625000000        3.35869125000000      -0.209900362828456     
   2.13807625000000        3.66384500000000      -0.193751218557535     
   2.13807625000000        3.96899875000000      -0.179290950231589     
   2.13807625000000        4.27415250000000      -0.166308883988181     
   2.13807625000000        4.57930625000000      -0.154716920640813     
   2.13807625000000        4.88446000000000      -0.144384210334154     
   2.13807625000000        5.18961375000000      -0.135099691732567     
   2.13807625000000        5.49476750000000      -0.126645714577483     
   2.13807625000000        5.79992125000000      -0.118882779685678     
   2.13807625000000        6.10507500000000      -0.111764899879982     
   2.13807625000000        6.41022875000000      -0.105282502212818     
   2.13807625000000        6.71538250000000      -9.938863924984243E-002
   2.13807625000000        7.02053625000000      -9.396920865450403E-002
   2.13807625000000        7.32569000000000      -8.888237706045241E-002
   2.44323000000000       2.000000000000000E-003 -0.541796607778061     
   2.44323000000000       0.307153750000000      -0.530198689273073     
   2.44323000000000       0.612307500000000      -0.499412759764296     
   2.44323000000000       0.917461250000000      -0.459130296456604     
   2.44323000000000        1.22261500000000      -0.415527569383001     
   2.44323000000000        1.52776875000000      -0.372226630542407     
   2.44323000000000        1.83292250000000      -0.331899041919121     
   2.44323000000000        2.13807625000000      -0.296464812248949     
   2.44323000000000        2.44323000000000      -0.266793242995684     
   2.44323000000000        2.74838375000000      -0.242589198665980     
   2.44323000000000        3.05353750000000      -0.222717516704371     
   2.44323000000000        3.35869125000000      -0.205817042571452     
   2.44323000000000        3.66384500000000      -0.190849386761858     
   2.44323000000000        3.96899875000000      -0.177313647138525     
   2.44323000000000        4.27415250000000      -0.165107478861849     
   2.44323000000000        4.57930625000000      -0.154226340505662     
   2.44323000000000        4.88446000000000      -0.144535590798433     
   2.44323000000000        5.18961375000000      -0.135746986289175     
   2.44323000000000        5.49476750000000      -0.127561776288787     
   2.44323000000000        5.79992125000000      -0.119823518290750     
   2.44323000000000        6.10507500000000      -0.112561432866246     
   2.44323000000000        6.41022875000000      -0.105919121495093     
   2.44323000000000        6.71538250000000      -0.100030772689023     
   2.44323000000000        7.02053625000000      -9.487076297548648E-002
   2.44323000000000        7.32569000000000      -9.012146650725118E-002
   2.74838375000000       2.000000000000000E-003 -0.536538801868496     
   2.74838375000000       0.307153750000000      -0.523940249881905     
   2.74838375000000       0.612307500000000      -0.489878435111177     
   2.74838375000000       0.917461250000000      -0.443926668207811     
   2.74838375000000        1.22261500000000      -0.397379140864861     
   2.74838375000000        1.52776875000000      -0.354422804499731     
   2.74838375000000        1.83292250000000      -0.315857089102707     
   2.74838375000000        2.13807625000000      -0.282707332023599     
   2.74838375000000        2.44323000000000      -0.255422821620592     
   2.74838375000000        2.74838375000000      -0.233487458820172     
   2.74838375000000        3.05353750000000      -0.215629133539610     
   2.74838375000000        3.35869125000000      -0.200414901315494     
   2.74838375000000        3.66384500000000      -0.186810471096769     
   2.74838375000000        3.96899875000000      -0.174383557806491     
   2.74838375000000        4.27415250000000      -0.163117892161585     
   2.74838375000000        4.57930625000000      -0.153055387616165     
   2.74838375000000        4.88446000000000      -0.144044789332584     
   2.74838375000000        5.18961375000000      -0.135745271075281     
   2.74838375000000        5.49476750000000      -0.127819194708613     
   2.74838375000000        5.79992125000000      -0.120121801030352     
   2.74838375000000        6.10507500000000      -0.112756509547655     
   2.74838375000000        6.41022875000000      -0.106011206384046     
   2.74838375000000        6.71538250000000      -0.100245867970941     
   2.74838375000000        7.02053625000000      -9.562588860836271E-002
   2.74838375000000        7.32569000000000      -9.154812309672691E-002
   3.05353750000000       2.000000000000000E-003 -0.522914079674379     
   3.05353750000000       0.307153750000000      -0.509320161655838     
   3.05353750000000       0.612307500000000      -0.472477385563359     
   3.05353750000000       0.917461250000000      -0.424075432903881     
   3.05353750000000        1.22261500000000      -0.375220069463964     
   3.05353750000000        1.52776875000000      -0.332976904957592     
   3.05353750000000        1.83292250000000      -0.297028829239171     
   3.05353750000000        2.13807625000000      -0.266983028531889     
   3.05353750000000        2.44323000000000      -0.242645424438675     
   3.05353750000000        2.74838375000000      -0.223258601239093     
   3.05353750000000        3.05353750000000      -0.207512230491269     
   3.05353750000000        3.35869125000000      -0.194026271465311     
   3.05353750000000        3.66384500000000      -0.181848151436275     
   3.05353750000000        3.96899875000000      -0.170622845297271     
   3.05353750000000        4.27415250000000      -0.160385413815680     
   3.05353750000000        4.57930625000000      -0.151185786874070     
   3.05353750000000        4.88446000000000      -0.142847554991894     
   3.05353750000000        5.18961375000000      -0.135006726466050     
   3.05353750000000        5.49476750000000      -0.127328631451964     
   3.05353750000000        5.79992125000000      -0.119695068038124     
   3.05353750000000        6.10507500000000      -0.112239425475699     
   3.05353750000000        6.41022875000000      -0.105283586262663     
   3.05353750000000        6.71538250000000      -9.950621006248159E-002
   3.05353750000000        7.02053625000000      -9.562359737823080E-002
   3.05353750000000        7.32569000000000      -9.264558784927075E-002
   3.35869125000000       2.000000000000000E-003 -0.504311836936675     
   3.35869125000000       0.307153750000000      -0.490852396275246     
   3.35869125000000       0.612307500000000      -0.451150032314475     
   3.35869125000000       0.917461250000000      -0.399965824736580     
   3.35869125000000        1.22261500000000      -0.350859379375649     
   3.35869125000000        1.52776875000000      -0.310027018188479     
   3.35869125000000        1.83292250000000      -0.277199586859275     
   3.35869125000000        2.13807625000000      -0.250556349255271     
   3.35869125000000        2.44323000000000      -0.229276945253180     
   3.35869125000000        2.74838375000000      -0.212418941531135     
   3.35869125000000        3.05353750000000      -0.198716503431273     
   3.35869125000000        3.35869125000000      -0.186915957024016     
   3.35869125000000        3.66384500000000      -0.176173586452112     
   3.35869125000000        3.96899875000000      -0.166187979635845     
   3.35869125000000        4.27415250000000      -0.157002971967650     
   3.35869125000000        4.57930625000000      -0.148649217521142     
   3.35869125000000        4.88446000000000      -0.140934047734411     
   3.35869125000000        5.18961375000000      -0.133509017618346     
   3.35869125000000        5.49476750000000      -0.126082106711234     
   3.35869125000000        5.79992125000000      -0.118569582904965     
   3.35869125000000        6.10507500000000      -0.111064774587460     
   3.35869125000000        6.41022875000000      -0.103804900706568     
   3.35869125000000        6.71538250000000      -9.770232188257456E-002
   3.35869125000000        7.02053625000000      -9.426527555430034E-002
   3.35869125000000        7.32569000000000      -9.235265907190329E-002
   3.66384500000000       2.000000000000000E-003 -0.466270569222549     
   3.66384500000000       0.307153750000000      -0.461983134515488     
   3.66384500000000       0.612307500000000      -0.422409685155249     
   3.66384500000000       0.917461250000000      -0.371008451197629     
   3.66384500000000        1.22261500000000      -0.323869256941872     
   3.66384500000000        1.52776875000000      -0.286117855881907     
   3.66384500000000        1.83292250000000      -0.257002676123562     
   3.66384500000000        2.13807625000000      -0.233907147138477     
   3.66384500000000        2.44323000000000      -0.215656590940613     
   3.66384500000000        2.74838375000000      -0.201241967815826     
   3.66384500000000        3.05353750000000      -0.189500332750736     
   3.66384500000000        3.35869125000000      -0.179332960137929     
   3.66384500000000        3.66384500000000      -0.170006338068024     
   3.66384500000000        3.96899875000000      -0.161248385780673     
   3.66384500000000        4.27415250000000      -0.153080388944026     
   3.66384500000000        4.57930625000000      -0.145504705823588     
   3.66384500000000        4.88446000000000      -0.138337905613234     
   3.66384500000000        5.18961375000000      -0.131290155012312     
   3.66384500000000        5.49476750000000      -0.124148214647956     
   3.66384500000000        5.79992125000000      -0.116880768496368     
   3.66384500000000        6.10507500000000      -0.109553317493930     
   3.66384500000000        6.41022875000000      -0.102350345625518     
   3.66384500000000        6.71538250000000      -9.618825395863706E-002
   3.66384500000000        7.02053625000000      -9.285795725677805E-002
   3.66384500000000        7.32569000000000      -9.107792913521259E-002
   3.96899875000000       2.000000000000000E-003 -0.416785551953825     
   3.96899875000000       0.307153750000000      -0.408865166123031     
   3.96899875000000       0.612307500000000      -0.376465623192680     
   3.96899875000000       0.917461250000000      -0.332953161098388     
   3.96899875000000        1.22261500000000      -0.292577227732296     
   3.96899875000000        1.52776875000000      -0.260622494615138     
   3.96899875000000        1.83292250000000      -0.236191936331661     
   3.96899875000000        2.13807625000000      -0.216981774363692     
   3.96899875000000        2.44323000000000      -0.201883176075614     
   3.96899875000000        2.74838375000000      -0.189951942892190     
   3.96899875000000        3.05353750000000      -0.180164082296026     
   3.96899875000000        3.35869125000000      -0.171586542223155     
   3.96899875000000        3.66384500000000      -0.163606365806679     
   3.96899875000000        3.96899875000000      -0.155989020307267     
   3.96899875000000        4.27415250000000      -0.148731417932698     
   3.96899875000000        4.57930625000000      -0.141821112169882     
   3.96899875000000        4.88446000000000      -0.135117538841294     
   3.96899875000000        5.18961375000000      -0.128423648463176     
   3.96899875000000        5.49476750000000      -0.121626935489127     
   3.96899875000000        5.79992125000000      -0.114767907031073     
   3.96899875000000        6.10507500000000      -0.107973011676684     
   3.96899875000000        6.41022875000000      -0.101490165610361     
   3.96899875000000        6.71538250000000      -9.623734393633668E-002
   3.96899875000000        7.02053625000000      -9.353364430880680E-002
   3.96899875000000        7.32569000000000      -9.179596049136318E-002
   4.27415250000000       2.000000000000000E-003 -0.345443039014419     
   4.27415250000000       0.307153750000000      -0.338187829130745     
   4.27415250000000       0.612307500000000      -0.316362874885997     
   4.27415250000000       0.917461250000000      -0.286501641348867     
   4.27415250000000        1.22261500000000      -0.257193373620602     
   4.27415250000000        1.52776875000000      -0.233413728934201     
   4.27415250000000        1.83292250000000      -0.214658530924806     
   4.27415250000000        2.13807625000000      -0.199852632362311     
   4.27415250000000        2.44323000000000      -0.188209727195805     
   4.27415250000000        2.74838375000000      -0.178918928111999     
   4.27415250000000        3.05353750000000      -0.171113777998539     
   4.27415250000000        3.35869125000000      -0.164046985626769     
   4.27415250000000        3.66384500000000      -0.157258863359120     
   4.27415250000000        3.96899875000000      -0.150591717045456     
   4.27415250000000        4.27415250000000      -0.144056418607493     
   4.27415250000000        4.57930625000000      -0.137661510696301     
   4.27415250000000        4.88446000000000      -0.131337556912974     
   4.27415250000000        5.18961375000000      -0.124991280763390     
   4.27415250000000        5.49476750000000      -0.118603132227868     
   4.27415250000000        5.79992125000000      -0.112271216263650     
   4.27415250000000        6.10507500000000      -0.106188912043639     
   4.27415250000000        6.41022875000000      -0.100663606931607     
   4.27415250000000        6.71538250000000      -9.635232107436578E-002
   4.27415250000000        7.02053625000000      -9.374274349299734E-002
   4.27415250000000        7.32569000000000      -9.141109470357928E-002
   4.57930625000000       2.000000000000000E-003 -0.272653742126204     
   4.57930625000000       0.307153750000000      -0.268418806731883     
   4.57930625000000       0.612307500000000      -0.256352156284185     
   4.57930625000000       0.917461250000000      -0.239210118792835     
   4.57930625000000        1.22261500000000      -0.221394945809023     
   4.57930625000000        1.52776875000000      -0.205876748617676     
   4.57930625000000        1.83292250000000      -0.193223165485756     
   4.57930625000000        2.13807625000000      -0.183188434980394     
   4.57930625000000        2.44323000000000      -0.175230967268478     
   4.57930625000000        2.74838375000000      -0.168653786311062     
   4.57930625000000        3.05353750000000      -0.162755571285441     
   4.57930625000000        3.35869125000000      -0.157007497068584     
   4.57930625000000        3.66384500000000      -0.151151229764776     
   4.57930625000000        3.96899875000000      -0.145160890136660     
   4.57930625000000        4.27415250000000      -0.139116050085147     
   4.57930625000000        4.57930625000000      -0.133082907312561     
   4.57930625000000        4.88446000000000      -0.127072457018680     
   4.57930625000000        5.18961375000000      -0.121078918090359     
   4.57930625000000        5.49476750000000      -0.115141769090768     
   4.57930625000000        5.79992125000000      -0.109370949750638     
   4.57930625000000        6.10507500000000      -0.103937256977903     
   4.57930625000000        6.41022875000000      -9.908713285177780E-002
   4.57930625000000        6.71538250000000      -9.513340452978980E-002
   4.57930625000000        7.02053625000000      -9.205116456719610E-002
   4.57930625000000        7.32569000000000      -8.895043313421776E-002
   4.88446000000000       2.000000000000000E-003 -0.214221212904024     
   4.88446000000000       0.307153750000000      -0.212356910188344     
   4.88446000000000       0.612307500000000      -0.206801788780506     
   4.88446000000000       0.917461250000000      -0.198220953838724     
   4.88446000000000        1.22261500000000      -0.188847872227647     
   4.88446000000000        1.52776875000000      -0.180401928722540     
   4.88446000000000        1.83292250000000      -0.173526708997654     
   4.88446000000000        2.13807625000000      -0.168120966838591     
   4.88446000000000        2.44323000000000      -0.163682780838214     
   4.88446000000000        2.74838375000000      -0.159582460673470     
   4.88446000000000        3.05353750000000      -0.155291693470464     
   4.88446000000000        3.35869125000000      -0.150529702861141     
   4.88446000000000        3.66384500000000      -0.145278504308893     
   4.88446000000000        3.96899875000000      -0.139685086585368     
   4.88446000000000        4.27415250000000      -0.133931489517558     
   4.88446000000000        4.57930625000000      -0.128152252715003     
   4.88446000000000        4.88446000000000      -0.122421968591347     
   4.88446000000000        5.18961375000000      -0.116788795662886     
   4.88446000000000        5.49476750000000      -0.111312865181751     
   4.88446000000000        5.79992125000000      -0.106076388158485     
   4.88446000000000        6.10507500000000      -0.101173074202489     
   4.88446000000000        6.41022875000000      -9.670200221053565E-002
   4.88446000000000        6.71538250000000      -9.274783008135663E-002
   4.88446000000000        7.02053625000000      -8.923783405449366E-002
   4.88446000000000        7.32569000000000      -8.571443156199503E-002
   5.18961375000000       2.000000000000000E-003 -0.171351304098010     
   5.18961375000000       0.307153750000000      -0.170632059268773     
   5.18961375000000       0.612307500000000      -0.168533707429540     
   5.18961375000000       0.917461250000000      -0.165420174702966     
   5.18961375000000        1.22261500000000      -0.162084379620898     
   5.18961375000000        1.52776875000000      -0.159253630654581     
   5.18961375000000        1.83292250000000      -0.157183868933957     
   5.18961375000000        2.13807625000000      -0.155620408813374     
   5.18961375000000        2.44323000000000      -0.154006379525284     
   5.18961375000000        2.74838375000000      -0.151774635684922     
   5.18961375000000        3.05353750000000      -0.148584222657143     
   5.18961375000000        3.35869125000000      -0.144410176855267     
   5.18961375000000        3.66384500000000      -0.139474745028472     
   5.18961375000000        3.96899875000000      -0.134092215154276     
   5.18961375000000        4.27415250000000      -0.128533912939774     
   5.18961375000000        4.57930625000000      -0.122977575539867     
   5.18961375000000        4.88446000000000      -0.117527203925495     
   5.18961375000000        5.18961375000000      -0.112252724927977     
   5.18961375000000        5.49476750000000      -0.107212664566580     
   5.18961375000000        5.79992125000000      -0.102451421599128     
   5.18961375000000        6.10507500000000      -9.798909131434158E-002
   5.18961375000000        6.41022875000000      -9.382096503770647E-002
   5.18961375000000        6.71538250000000      -8.991764239248271E-002
   5.18961375000000        7.02053625000000      -8.620468291861741E-002
   5.18961375000000        7.32569000000000      -8.255425689981905E-002
   5.49476750000000       2.000000000000000E-003 -0.138437272307757     
   5.49476750000000       0.307153750000000      -0.138651033147739     
   5.49476750000000       0.612307500000000      -0.139513345452180     
   5.49476750000000       0.917461250000000      -0.140841793668268     
   5.49476750000000        1.22261500000000      -0.142193524345268     
   5.49476750000000        1.52776875000000      -0.143533564929919     
   5.49476750000000        1.83292250000000      -0.144877198128155     
   5.49476750000000        2.13807625000000      -0.145893375783707     
   5.49476750000000        2.44323000000000      -0.146040459461720     
   5.49476750000000        2.74838375000000      -0.144863584480936     
   5.49476750000000        3.05353750000000      -0.142219103771892     
   5.49476750000000        3.35869125000000      -0.138310143395637     
   5.49476750000000        3.66384500000000      -0.133549575646454     
   5.49476750000000        3.96899875000000      -0.128358341519249     
   5.49476750000000        4.27415250000000      -0.123032715787936     
   5.49476750000000        4.57930625000000      -0.117739883063305     
   5.49476750000000        4.88446000000000      -0.112581011856397     
   5.49476750000000        5.18961375000000      -0.107636170309226     
   5.49476750000000        5.49476750000000      -0.102967142881326     
   5.49476750000000        5.79992125000000      -9.859974531677106E-002
   5.49476750000000        6.10507500000000      -9.451317096775808E-002
   5.49476750000000        6.41022875000000      -9.064577726381159E-002
   5.49476750000000        6.71538250000000      -8.691541629705271E-002
   5.49476750000000        7.02053625000000      -8.326375176418348E-002
   5.49476750000000        7.32569000000000      -7.969850755553348E-002
   5.79992125000000       2.000000000000000E-003 -0.117250699608543     
   5.79992125000000       0.307153750000000      -0.118131271603974     
   5.79992125000000       0.612307500000000      -0.120582273415220     
   5.79992125000000       0.917461250000000      -0.124232435310643     
   5.79992125000000        1.22261500000000      -0.128555445388196     
   5.79992125000000        1.52776875000000      -0.132785590378037     
   5.79992125000000        1.83292250000000      -0.136060824367337     
   5.79992125000000        2.13807625000000      -0.138292861786240     
   5.79992125000000        2.44323000000000      -0.139122715720095     
   5.79992125000000        2.74838375000000      -0.138269666930141     
   5.79992125000000        3.05353750000000      -0.135768066960749     
   5.79992125000000        3.35869125000000      -0.131982897289541     
   5.79992125000000        3.66384500000000      -0.127445119180490     
   5.79992125000000        3.96899875000000      -0.122598672163429     
   5.79992125000000        4.27415250000000      -0.117656889041955     
   5.79992125000000        4.57930625000000      -0.112699655290775     
   5.79992125000000        4.88446000000000      -0.107815582025092     
   5.79992125000000        5.18961375000000      -0.103120644398570     
   5.79992125000000        5.49476750000000      -9.871181364347437E-002
   5.79992125000000        5.79992125000000      -9.463261714626799E-002
   5.79992125000000        6.10507500000000      -9.086785028804642E-002
   5.79992125000000        6.41022875000000      -8.734812113774672E-002
   5.79992125000000        6.71538250000000      -8.387994964215663E-002
   5.79992125000000        7.02053625000000      -8.036508313079103E-002
   5.79992125000000        7.32569000000000      -7.694301412986207E-002
   6.10507500000000       2.000000000000000E-003 -0.105835027173307     
   6.10507500000000       0.307153750000000      -0.107281184663420     
   6.10507500000000       0.612307500000000      -0.110999197852422     
   6.10507500000000       0.917461250000000      -0.115697864148660     
   6.10507500000000        1.22261500000000      -0.120732565274602     
   6.10507500000000        1.52776875000000      -0.125611440233423     
   6.10507500000000        1.83292250000000      -0.129473111568988     
   6.10507500000000        2.13807625000000      -0.131798872479168     
   6.10507500000000        2.44323000000000      -0.132537393232645     
   6.10507500000000        2.74838375000000      -0.131588768018130     
   6.10507500000000        3.05353750000000      -0.129082488702182     
   6.10507500000000        3.35869125000000      -0.125425511911931     
   6.10507500000000        3.66384500000000      -0.121266024600138     
   6.10507500000000        3.96899875000000      -0.117075056582737     
   6.10507500000000        4.27415250000000      -0.112764399289122     
   6.10507500000000        4.57930625000000      -0.108179897685413     
   6.10507500000000        4.88446000000000      -0.103464188789127     
   6.10507500000000        5.18961375000000      -9.886217654500881E-002
   6.10507500000000        5.49476750000000      -9.454844220740585E-002
   6.10507500000000        5.79992125000000      -9.061032356139823E-002
   6.10507500000000        6.10507500000000      -8.716148992697574E-002
   6.10507500000000        6.41022875000000      -8.403206557262431E-002
   6.10507500000000        6.71538250000000      -8.085693398026675E-002
   6.10507500000000        7.02053625000000      -7.743430639122593E-002
   6.10507500000000        7.32569000000000      -7.415294248158952E-002
   6.41022875000000       2.000000000000000E-003 -9.999292758534598E-002
   6.41022875000000       0.307153750000000      -0.102622461887079     
   6.41022875000000       0.612307500000000      -0.107871922613295     
   6.41022875000000       0.917461250000000      -0.112851590984717     
   6.41022875000000        1.22261500000000      -0.117173612056313     
   6.41022875000000        1.52776875000000      -0.120995366652860     
   6.41022875000000        1.83292250000000      -0.123986583010666     
   6.41022875000000        2.13807625000000      -0.125649530035462     
   6.41022875000000        2.44323000000000      -0.125943473161457     
   6.41022875000000        2.74838375000000      -0.124861572999998     
   6.41022875000000        3.05353750000000      -0.122266317977709     
   6.41022875000000        3.35869125000000      -0.118579613211342     
   6.41022875000000        3.66384500000000      -0.115081241829092     
   6.41022875000000        3.96899875000000      -0.112185157685945     
   6.41022875000000        4.27415250000000      -0.108896588264394     
   6.41022875000000        4.57930625000000      -0.104567268573589     
   6.41022875000000        4.88446000000000      -9.970605765991078E-002
   6.41022875000000        5.18961375000000      -9.493901015291695E-002
   6.41022875000000        5.49476750000000      -9.050280692587991E-002
   6.41022875000000        5.79992125000000      -8.658417100215142E-002
   6.41022875000000        6.10507500000000      -8.337061296656738E-002
   6.41022875000000        6.41022875000000      -8.061756935815223E-002
   6.41022875000000        6.71538250000000      -7.779961318077502E-002
   6.41022875000000        7.02053625000000      -7.437756166923508E-002
   6.41022875000000        7.32569000000000      -7.123564679789761E-002
   6.71538250000000       2.000000000000000E-003 -9.454656242219447E-002
   6.71538250000000       0.307153750000000      -0.100033044478749     
   6.71538250000000       0.612307500000000      -0.107934495808877     
   6.71538250000000       0.917461250000000      -0.112878496667018     
   6.71538250000000        1.22261500000000      -0.115689228916825     
   6.71538250000000        1.52776875000000      -0.117640446814055     
   6.71538250000000        1.83292250000000      -0.119003159906737     
   6.71538250000000        2.13807625000000      -0.119597781754778     
   6.71538250000000        2.44323000000000      -0.119420642231796     
   6.71538250000000        2.74838375000000      -0.118200952092522     
   6.71538250000000        3.05353750000000      -0.115371198260722     
   6.71538250000000        3.35869125000000      -0.111809157458470     
   6.71538250000000        3.66384500000000      -0.109435272966138     
   6.71538250000000        3.96899875000000      -0.108690153111880     
   6.71538250000000        4.27415250000000      -0.106652185833137     
   6.71538250000000        4.57930625000000      -0.102161728897865     
   6.71538250000000        4.88446000000000      -9.656632699225963E-002
   6.71538250000000        5.18961375000000      -9.130368413647640E-002
   6.71538250000000        5.49476750000000      -8.655365910279519E-002
   6.71538250000000        5.79992125000000      -8.255735902310757E-002
   6.71538250000000        6.10507500000000      -7.938216041128020E-002
   6.71538250000000        6.41022875000000      -7.682458163775298E-002
   6.71538250000000        6.71538250000000      -7.444807176114238E-002
   6.71538250000000        7.02053625000000      -7.125279502951637E-002
   6.71538250000000        7.32569000000000      -6.828800912859710E-002
   7.02053625000000       2.000000000000000E-003 -9.094445485541508E-002
   7.02053625000000       0.307153750000000      -0.100608418519585     
   7.02053625000000       0.612307500000000      -0.108464098417453     
   7.02053625000000       0.917461250000000      -0.112738781879036     
   7.02053625000000        1.22261500000000      -0.114046487952345     
   7.02053625000000        1.52776875000000      -0.114231886107268     
   7.02053625000000        1.83292250000000      -0.114096247988999     
   7.02053625000000        2.13807625000000      -0.113667686460006     
   7.02053625000000        2.44323000000000      -0.113097289614486     
   7.02053625000000        2.74838375000000      -0.111675725137871     
   7.02053625000000        3.05353750000000      -0.109264874542391     
   7.02053625000000        3.35869125000000      -0.106816115173173     
   7.02053625000000        3.66384500000000      -0.105576488885861     
   7.02053625000000        3.96899875000000      -0.106895416601432     
   7.02053625000000        4.27415250000000      -0.105564327581677     
   7.02053625000000        4.57930625000000      -0.100235336946797     
   7.02053625000000        4.88446000000000      -9.366422365357803E-002
   7.02053625000000        5.18961375000000      -8.775620458300191E-002
   7.02053625000000        5.49476750000000      -8.272620334899686E-002
   7.02053625000000        5.79992125000000      -7.863139694849330E-002
   7.02053625000000        6.10507500000000      -7.532082915035675E-002
   7.02053625000000        6.41022875000000      -7.254712274851467E-002
   7.02053625000000        6.71538250000000      -7.015614257482097E-002
   7.02053625000000        7.02053625000000      -6.835912622848520E-002
   7.02053625000000        7.32569000000000      -6.618803450228496E-002
   7.32569000000000       2.000000000000000E-003 -9.690663795017934E-002
   7.32569000000000       0.307153750000000      -0.106268177462849     
   7.32569000000000       0.612307500000000      -0.108212089738926     
   7.32569000000000       0.917461250000000      -0.110194756218251     
   7.32569000000000        1.22261500000000      -0.110398778735347     
   7.32569000000000        1.52776875000000      -0.109727883980639     
   7.32569000000000        1.83292250000000      -0.108816274025534     
   7.32569000000000        2.13807625000000      -0.107820282668459     
   7.32569000000000        2.44323000000000      -0.106880746559397     
   7.32569000000000        2.74838375000000      -0.105394392652126     
   7.32569000000000        3.05353750000000      -0.103778678540063     
   7.32569000000000        3.35869125000000      -0.103295032622839     
   7.32569000000000        3.66384500000000      -0.102083777803150     
   7.32569000000000        3.96899875000000      -0.103550243495248     
   7.32569000000000        4.27415250000000      -0.102539396107518     
   7.32569000000000        4.57930625000000      -9.684669199053374E-002
   7.32569000000000        4.88446000000000      -9.002806959454117E-002
   7.32569000000000        5.18961375000000      -8.401356908783250E-002
   7.32569000000000        5.49476750000000      -7.904909278479261E-002
   7.32569000000000        5.79992125000000      -7.505892100265987E-002
   7.32569000000000        6.10507500000000      -7.184533209320738E-002
   7.32569000000000        6.41022875000000      -6.912158243761971E-002
   7.32569000000000        6.71538250000000      -6.666175173983060E-002
   7.32569000000000        7.02053625000000      -6.496092967641480E-002
   7.32569000000000        7.32569000000000      -6.477142923732880E-002
