  2.000000000000000E-003  2.000000000000000E-003 -0.532159777914149     
  2.000000000000000E-003  0.307153750000000      -0.558572819779311     
  2.000000000000000E-003  0.612307500000000      -0.523122592059439     
  2.000000000000000E-003  0.917461250000000      -0.439727880226009     
  2.000000000000000E-003   1.22261500000000      -0.371591352060254     
  2.000000000000000E-003   1.52776875000000      -0.322158019544816     
  2.000000000000000E-003   1.83292250000000      -0.284192212496612     
  2.000000000000000E-003   2.13807625000000      -0.252441525300348     
  2.000000000000000E-003   2.44323000000000      -0.223941273737322     
  2.000000000000000E-003   2.74838375000000      -0.198014553033060     
  2.000000000000000E-003   3.05353750000000      -0.178454133629296     
  2.000000000000000E-003   3.35869125000000      -0.172294753479847     
  2.000000000000000E-003   3.66384500000000      -0.171129118865622     
  2.000000000000000E-003   3.96899875000000      -0.157851069771768     
  2.000000000000000E-003   4.27415250000000      -0.143985764524382     
  2.000000000000000E-003   4.57930625000000      -0.128607488555119     
  2.000000000000000E-003   4.88446000000000      -0.114976065539669     
  2.000000000000000E-003   5.18961375000000      -0.104004013337450     
  2.000000000000000E-003   5.49476750000000      -9.488757781980184E-002
  2.000000000000000E-003   5.79992125000000      -8.877713857548414E-002
  2.000000000000000E-003   6.10507500000000      -8.554916012964130E-002
  2.000000000000000E-003   6.41022875000000      -8.441586412717138E-002
  2.000000000000000E-003   6.71538250000000      -8.391228467128495E-002
  2.000000000000000E-003   7.02053625000000      -8.216541790919706E-002
  2.000000000000000E-003   7.32569000000000      -7.949150690939336E-002
  0.307153750000000       2.000000000000000E-003 -0.551083462673981     
  0.307153750000000       0.307153750000000      -0.525610079600206     
  0.307153750000000       0.612307500000000      -0.507335860413388     
  0.307153750000000       0.917461250000000      -0.452601072106085     
  0.307153750000000        1.22261500000000      -0.394000860184334     
  0.307153750000000        1.52776875000000      -0.344798487390387     
  0.307153750000000        1.83292250000000      -0.304016558683344     
  0.307153750000000        2.13807625000000      -0.268843976226595     
  0.307153750000000        2.44323000000000      -0.237329876732957     
  0.307153750000000        2.74838375000000      -0.208378961499746     
  0.307153750000000        3.05353750000000      -0.185722752272707     
  0.307153750000000        3.35869125000000      -0.176084338733352     
  0.307153750000000        3.66384500000000      -0.176768791383771     
  0.307153750000000        3.96899875000000      -0.168053139298462     
  0.307153750000000        4.27415250000000      -0.151908802563132     
  0.307153750000000        4.57930625000000      -0.134717823430408     
  0.307153750000000        4.88446000000000      -0.119820215581131     
  0.307153750000000        5.18961375000000      -0.107927135774155     
  0.307153750000000        5.49476750000000      -9.824969345578026E-002
  0.307153750000000        5.79992125000000      -9.165067584619423E-002
  0.307153750000000        6.10507500000000      -8.800592140509646E-002
  0.307153750000000        6.41022875000000      -8.658423889933790E-002
  0.307153750000000        6.71538250000000      -8.557798749082746E-002
  0.307153750000000        7.02053625000000      -8.204163892244347E-002
  0.307153750000000        7.32569000000000      -8.042298740273696E-002
  0.612307500000000       2.000000000000000E-003 -0.555090131893894     
  0.612307500000000       0.307153750000000      -0.532922785758515     
  0.612307500000000       0.612307500000000      -0.501148709391399     
  0.612307500000000       0.917461250000000      -0.459336826154811     
  0.612307500000000        1.22261500000000      -0.410353826190049     
  0.612307500000000        1.52776875000000      -0.363275490100319     
  0.612307500000000        1.83292250000000      -0.321010005683014     
  0.612307500000000        2.13807625000000      -0.283971545422320     
  0.612307500000000        2.44323000000000      -0.251453856173838     
  0.612307500000000        2.74838375000000      -0.222120002086449     
  0.612307500000000        3.05353750000000      -0.199080301289407     
  0.612307500000000        3.35869125000000      -0.186019143240646     
  0.612307500000000        3.66384500000000      -0.180438551884378     
  0.612307500000000        3.96899875000000      -0.171326390242500     
  0.612307500000000        4.27415250000000      -0.155792802620375     
  0.612307500000000        4.57930625000000      -0.138746457505757     
  0.612307500000000        4.88446000000000      -0.123717496206461     
  0.612307500000000        5.18961375000000      -0.111566505139429     
  0.612307500000000        5.49476750000000      -0.101740442218666     
  0.612307500000000        5.79992125000000      -9.460386785349037E-002
  0.612307500000000        6.10507500000000      -9.012807890690967E-002
  0.612307500000000        6.41022875000000      -8.733087796817052E-002
  0.612307500000000        6.71538250000000      -8.431655541345953E-002
  0.612307500000000        7.02053625000000      -7.991319792546980E-002
  0.612307500000000        7.32569000000000      -7.863513498054993E-002
  0.917461250000000       2.000000000000000E-003 -0.587071037982186     
  0.917461250000000       0.307153750000000      -0.567885991837283     
  0.917461250000000       0.612307500000000      -0.526348582677300     
  0.917461250000000       0.917461250000000      -0.477827377036421     
  0.917461250000000        1.22261500000000      -0.427445195170304     
  0.917461250000000        1.52776875000000      -0.379016452682342     
  0.917461250000000        1.83292250000000      -0.334893129930454     
  0.917461250000000        2.13807625000000      -0.296821163117632     
  0.917461250000000        2.44323000000000      -0.263800474396013     
  0.917461250000000        2.74838375000000      -0.235027030363332     
  0.917461250000000        3.05353750000000      -0.211584767736407     
  0.917461250000000        3.35869125000000      -0.195065016280804     
  0.917461250000000        3.66384500000000      -0.183308258007673     
  0.917461250000000        3.96899875000000      -0.171137005744882     
  0.917461250000000        4.27415250000000      -0.156246774364987     
  0.917461250000000        4.57930625000000      -0.140529909742661     
  0.917461250000000        4.88446000000000      -0.126420417753816     
  0.917461250000000        5.18961375000000      -0.114597230013703     
  0.917461250000000        5.49476750000000      -0.104921170036820     
  0.917461250000000        5.79992125000000      -9.731955805158335E-002
  0.917461250000000        6.10507500000000      -9.184720489947414E-002
  0.917461250000000        6.41022875000000      -8.766574580972973E-002
  0.917461250000000        6.71538250000000      -8.369130919037349E-002
  0.917461250000000        7.02053625000000      -7.981297855507141E-002
  0.917461250000000        7.32569000000000      -7.737863445107887E-002
   1.22261500000000       2.000000000000000E-003 -0.605240724159097     
   1.22261500000000       0.307153750000000      -0.588930739990813     
   1.22261500000000       0.612307500000000      -0.547621482288706     
   1.22261500000000       0.917461250000000      -0.495815421851390     
   1.22261500000000        1.22261500000000      -0.442129946629334     
   1.22261500000000        1.52776875000000      -0.391028192743233     
   1.22261500000000        1.83292250000000      -0.345503519177186     
   1.22261500000000        2.13807625000000      -0.306522259525416     
   1.22261500000000        2.44323000000000      -0.272766185536285     
   1.22261500000000        2.74838375000000      -0.243861682816651     
   1.22261500000000        3.05353750000000      -0.219894972016350     
   1.22261500000000        3.35869125000000      -0.200800557489098     
   1.22261500000000        3.66384500000000      -0.185203136246234     
   1.22261500000000        3.96899875000000      -0.170641115061373     
   1.22261500000000        4.27415250000000      -0.155846194033086     
   1.22261500000000        4.57930625000000      -0.141446222712928     
   1.22261500000000        4.88446000000000      -0.128340352132231     
   1.22261500000000        5.18961375000000      -0.117000158995294     
   1.22261500000000        5.49476750000000      -0.107505702296379     
   1.22261500000000        5.79992125000000      -9.965790992550734E-002
   1.22261500000000        6.10507500000000      -9.335014731806236E-002
   1.22261500000000        6.41022875000000      -8.814705830687793E-002
   1.22261500000000        6.71538250000000      -8.353562451658698E-002
   1.22261500000000        7.02053625000000      -7.945892899379689E-002
   1.22261500000000        7.32569000000000      -7.611559809093414E-002
   1.52776875000000       2.000000000000000E-003 -0.605755237271712     
   1.52776875000000       0.307153750000000      -0.591650282654637     
   1.52776875000000       0.612307500000000      -0.554310346460283     
   1.52776875000000       0.917461250000000      -0.503766565466575     
   1.52776875000000        1.22261500000000      -0.449434917032350     
   1.52776875000000        1.52776875000000      -0.397712468325120     
   1.52776875000000        1.83292250000000      -0.352199561280829     
   1.52776875000000        2.13807625000000      -0.312260903037323     
   1.52776875000000        2.44323000000000      -0.277674471980986     
   1.52776875000000        2.74838375000000      -0.248288804544341     
   1.52776875000000        3.05353750000000      -0.223763562399834     
   1.52776875000000        3.35869125000000      -0.203394441979291     
   1.52776875000000        3.66384500000000      -0.186033434336109     
   1.52776875000000        3.96899875000000      -0.170412115748658     
   1.52776875000000        4.27415250000000      -0.155789904343394     
   1.52776875000000        4.57930625000000      -0.142139668779800     
   1.52776875000000        4.88446000000000      -0.129754091312294     
   1.52776875000000        5.18961375000000      -0.118867310923705     
   1.52776875000000        5.49476750000000      -0.109516423803365     
   1.52776875000000        5.79992125000000      -0.101548181443764     
   1.52776875000000        6.10507500000000      -9.468580091792773E-002
   1.52776875000000        6.41022875000000      -8.874160684459224E-002
   1.52776875000000        6.71538250000000      -8.353223745676162E-002
   1.52776875000000        7.02053625000000      -7.900739727356779E-002
   1.52776875000000        7.32569000000000      -7.512327151571280E-002
   1.83292250000000       2.000000000000000E-003 -0.593143021909716     
   1.83292250000000       0.307153750000000      -0.580833532179864     
   1.83292250000000       0.612307500000000      -0.546644886357752     
   1.83292250000000       0.917461250000000      -0.499343056551400     
   1.83292250000000        1.22261500000000      -0.448554881935458     
   1.83292250000000        1.52776875000000      -0.399327793151023     
   1.83292250000000        1.83292250000000      -0.353809080449790     
   1.83292250000000        2.13807625000000      -0.313230900642665     
   1.83292250000000        2.44323000000000      -0.278214849408086     
   1.83292250000000        2.74838375000000      -0.248739191485953     
   1.83292250000000        3.05353750000000      -0.224192380242244     
   1.83292250000000        3.35869125000000      -0.203580580333958     
   1.83292250000000        3.66384500000000      -0.185810917254886     
   1.83292250000000        3.96899875000000      -0.169983413465232     
   1.83292250000000        4.27415250000000      -0.155589575663413     
   1.83292250000000        4.57930625000000      -0.142488934758291     
   1.83292250000000        4.88446000000000      -0.130708436506521     
   1.83292250000000        5.18961375000000      -0.120256290901701     
   1.83292250000000        5.49476750000000      -0.111053465305577     
   1.83292250000000        5.79992125000000      -0.102952551977510     
   1.83292250000000        6.10507500000000      -9.578257807854887E-002
   1.83292250000000        6.41022875000000      -8.939158533956293E-002
   1.83292250000000        6.71538250000000      -8.371465277785722E-002
   1.83292250000000        7.02053625000000      -7.880233907530505E-002
   1.83292250000000        7.32569000000000      -7.463291658331775E-002
   2.13807625000000       2.000000000000000E-003 -0.574669084037548     
   2.13807625000000       0.307153750000000      -0.563175962479959     
   2.13807625000000       0.612307500000000      -0.532385178495274     
   2.13807625000000       0.917461250000000      -0.489797790306751     
   2.13807625000000        1.22261500000000      -0.442224284412134     
   2.13807625000000        1.52776875000000      -0.394339521456283     
   2.13807625000000        1.83292250000000      -0.349233684751576     
   2.13807625000000        2.13807625000000      -0.308918035002526     
   2.13807625000000        2.44323000000000      -0.274386691833542     
   2.13807625000000        2.74838375000000      -0.245612739630444     
   2.13807625000000        3.05353750000000      -0.221773039638943     
   2.13807625000000        3.35869125000000      -0.201686261998795     
   2.13807625000000        3.66384500000000      -0.184259837168941     
   2.13807625000000        3.96899875000000      -0.168757586640969     
   2.13807625000000        4.27415250000000      -0.154822781388496     
   2.13807625000000        4.57930625000000      -0.142321929250341     
   2.13807625000000        4.88446000000000      -0.131155631574612     
   2.13807625000000        5.18961375000000      -0.121165814285062     
   2.13807625000000        5.49476750000000      -0.112161504771406     
   2.13807625000000        5.79992125000000      -0.103988302024105     
   2.13807625000000        6.10507500000000      -9.656548179046603E-002
   2.13807625000000        6.41022875000000      -8.987763587429121E-002
   2.13807625000000        6.71538250000000      -8.395635548786548E-002
   2.13807625000000        7.02053625000000      -7.886185452603976E-002
   2.13807625000000        7.32569000000000      -7.460543151268229E-002
   2.44323000000000       2.000000000000000E-003 -0.570062195591423     
   2.44323000000000       0.307153750000000      -0.556472591075655     
   2.44323000000000       0.612307500000000      -0.521367184030491     
   2.44323000000000       0.917461250000000      -0.476529010470160     
   2.44323000000000        1.22261500000000      -0.428893586046447     
   2.44323000000000        1.52776875000000      -0.382001949536730     
   2.44323000000000        1.83292250000000      -0.338290919631340     
   2.44323000000000        2.13807625000000      -0.299551054030008     
   2.44323000000000        2.44323000000000      -0.266673894126605     
   2.44323000000000        2.74838375000000      -0.239496775571617     
   2.44323000000000        3.05353750000000      -0.217040879489939     
   2.44323000000000        3.35869125000000      -0.198035973776392     
   2.44323000000000        3.66384500000000      -0.181425903482394     
   2.44323000000000        3.96899875000000      -0.166605390985499     
   2.44323000000000        4.27415250000000      -0.153343938880896     
   2.44323000000000        4.57930625000000      -0.141543958662533     
   2.44323000000000        4.88446000000000      -0.131039459102510     
   2.44323000000000        5.18961375000000      -0.121559137394514     
   2.44323000000000        5.49476750000000      -0.112828702192346     
   2.44323000000000        5.79992125000000      -0.104686163075332     
   2.44323000000000        6.10507500000000      -9.710955481050686E-002
   2.44323000000000        6.41022875000000      -9.016081872147963E-002
   2.44323000000000        6.71538250000000      -8.394204248117701E-002
   2.44323000000000        7.02053625000000      -7.864786141244784E-002
   2.44323000000000        7.32569000000000      -7.450425689401209E-002
   2.74838375000000       2.000000000000000E-003 -0.566622982836239     
   2.74838375000000       0.307153750000000      -0.550765799683894     
   2.74838375000000       0.612307500000000      -0.510416752469921     
   2.74838375000000       0.917461250000000      -0.459113057295714     
   2.74838375000000        1.22261500000000      -0.409037117836466     
   2.74838375000000        1.52776875000000      -0.363353925409723     
   2.74838375000000        1.83292250000000      -0.322174727533340     
   2.74838375000000        2.13807625000000      -0.286262667642539     
   2.74838375000000        2.44323000000000      -0.256053011959480     
   2.74838375000000        2.74838375000000      -0.231174794017364     
   2.74838375000000        3.05353750000000      -0.210571312622600     
   2.74838375000000        3.35869125000000      -0.192993368165458     
   2.74838375000000        3.66384500000000      -0.177485072931537     
   2.74838375000000        3.96899875000000      -0.163576611519673     
   2.74838375000000        4.27415250000000      -0.151145306082250     
   2.74838375000000        4.57930625000000      -0.140128133767344     
   2.74838375000000        4.88446000000000      -0.130321391328410     
   2.74838375000000        5.18961375000000      -0.121386828539405     
   2.74838375000000        5.49476750000000      -0.113005119362854     
   2.74838375000000        5.79992125000000      -0.105014532809093     
   2.74838375000000        6.10507500000000      -9.741509065500963E-002
   2.74838375000000        6.41022875000000      -9.024244550335210E-002
   2.74838375000000        6.71538250000000      -8.365202048246821E-002
   2.74838375000000        7.02053625000000      -7.829291438352745E-002
   2.74838375000000        7.32569000000000      -7.460760852424908E-002
   3.05353750000000       2.000000000000000E-003 -0.552674843715462     
   3.05353750000000       0.307153750000000      -0.534007384825388     
   3.05353750000000       0.612307500000000      -0.489209144157240     
   3.05353750000000       0.917461250000000      -0.435837320869711     
   3.05353750000000        1.22261500000000      -0.384641307738523     
   3.05353750000000        1.52776875000000      -0.340794975647509     
   3.05353750000000        1.83292250000000      -0.303015231360130     
   3.05353750000000        2.13807625000000      -0.270699963977550     
   3.05353750000000        2.44323000000000      -0.243698949002941     
   3.05353750000000        2.74838375000000      -0.221443180498049     
   3.05353750000000        3.05353750000000      -0.202884187763274     
   3.05353750000000        3.35869125000000      -0.186883087178497     
   3.05353750000000        3.66384500000000      -0.172627009924084     
   3.05353750000000        3.96899875000000      -0.159772183883127     
   3.05353750000000        4.27415250000000      -0.148272236781101     
   3.05353750000000        4.57930625000000      -0.138082326806060     
   3.05353750000000        4.88446000000000      -0.128978750101445     
   3.05353750000000        5.18961375000000      -0.120599534399986     
   3.05353750000000        5.49476750000000      -0.112622809666076     
   3.05353750000000        5.79992125000000      -0.104905928162243     
   3.05353750000000        6.10507500000000      -9.745565879126518E-002
   3.05353750000000        6.41022875000000      -9.024243711072544E-002
   3.05353750000000        6.71538250000000      -8.353406232981110E-002
   3.05353750000000        7.02053625000000      -7.821848945395392E-002
   3.05353750000000        7.32569000000000      -7.523701319742859E-002
   3.35869125000000       2.000000000000000E-003 -0.521769169593324     
   3.35869125000000       0.307153750000000      -0.502939093964108     
   3.35869125000000       0.612307500000000      -0.458416727354517     
   3.35869125000000       0.917461250000000      -0.406298873317979     
   3.35869125000000        1.22261500000000      -0.357623399482699     
   3.35869125000000        1.52776875000000      -0.316719831638961     
   3.35869125000000        1.83292250000000      -0.282822160718446     
   3.35869125000000        2.13807625000000      -0.254307452577693     
   3.35869125000000        2.44323000000000      -0.230561229070375     
   3.35869125000000        2.74838375000000      -0.210900926956614     
   3.35869125000000        3.05353750000000      -0.194359285362347     
   3.35869125000000        3.35869125000000      -0.179953346172664     
   3.35869125000000        3.66384500000000      -0.167016452415786     
   3.35869125000000        3.96899875000000      -0.155297398327926     
   3.35869125000000        4.27415250000000      -0.144782861931170     
   3.35869125000000        4.57930625000000      -0.135426213005412     
   3.35869125000000        4.88446000000000      -0.127000049851049     
   3.35869125000000        5.18961375000000      -0.119158427753752     
   3.35869125000000        5.49476750000000      -0.111616419635181     
   3.35869125000000        5.79992125000000      -0.104277802157158     
   3.35869125000000        6.10507500000000      -9.719614010559220E-002
   3.35869125000000        6.41022875000000      -9.033117034252119E-002
   3.35869125000000        6.71538250000000      -8.395339238700758E-002
   3.35869125000000        7.02053625000000      -7.901199534747520E-002
   3.35869125000000        7.32569000000000      -7.650299818775709E-002
   3.66384500000000       2.000000000000000E-003 -0.472392322924159     
   3.66384500000000       0.307153750000000      -0.460031717350898     
   3.66384500000000       0.612307500000000      -0.421030117632056     
   3.66384500000000       0.917461250000000      -0.373247769484743     
   3.66384500000000        1.22261500000000      -0.329035303574475     
   3.66384500000000        1.52776875000000      -0.292361139963825     
   3.66384500000000        1.83292250000000      -0.262617940419570     
   3.66384500000000        2.13807625000000      -0.237807458053012     
   3.66384500000000        2.44323000000000      -0.217122207196520     
   3.66384500000000        2.74838375000000      -0.199883952251749     
   3.66384500000000        3.05353750000000      -0.185254580308739     
   3.66384500000000        3.35869125000000      -0.172413887820448     
   3.66384500000000        3.66384500000000      -0.160818043999851     
   3.66384500000000        3.96899875000000      -0.150267272696866     
   3.66384500000000        4.27415250000000      -0.140744663455677     
   3.66384500000000        4.57930625000000      -0.132190535265534     
   3.66384500000000        4.88446000000000      -0.124391834577496     
   3.66384500000000        5.18961375000000      -0.117051050293744     
   3.66384500000000        5.49476750000000      -0.109946848857732     
   3.66384500000000        5.79992125000000      -0.103044087972837     
   3.66384500000000        6.10507500000000      -9.647617714484227E-002
   3.66384500000000        6.41022875000000      -9.024821204676504E-002
   3.66384500000000        6.71538250000000      -8.469610927307809E-002
   3.66384500000000        7.02053625000000      -8.069127681628110E-002
   3.66384500000000        7.32569000000000      -7.769718607814628E-002
   3.96899875000000       2.000000000000000E-003 -0.424534551076271     
   3.96899875000000       0.307153750000000      -0.411625351561157     
   3.96899875000000       0.612307500000000      -0.377400846732991     
   3.96899875000000       0.917461250000000      -0.336454303346465     
   3.96899875000000        1.22261500000000      -0.298703088642886     
   3.96899875000000        1.52776875000000      -0.267630371602068     
   3.96899875000000        1.83292250000000      -0.242389273174569     
   3.96899875000000        2.13807625000000      -0.221244478463575     
   3.96899875000000        2.44323000000000      -0.203497442401913     
   3.96899875000000        2.74838375000000      -0.188577651582745     
   3.96899875000000        3.05353750000000      -0.175800172418067     
   3.96899875000000        3.35869125000000      -0.164499895250038     
   3.96899875000000        3.66384500000000      -0.154233598734030     
   3.96899875000000        3.96899875000000      -0.144827901082431     
   3.96899875000000        4.27415250000000      -0.136249479704862     
   3.96899875000000        4.57930625000000      -0.128430926658663     
   3.96899875000000        4.88446000000000      -0.121193541044836     
   3.96899875000000        5.18961375000000      -0.114309500896757     
   3.96899875000000        5.49476750000000      -0.107628793161690     
   3.96899875000000        5.79992125000000      -0.101161368596032     
   3.96899875000000        6.10507500000000      -9.507157428611468E-002
   3.96899875000000        6.41022875000000      -8.941415591318443E-002
   3.96899875000000        6.71538250000000      -8.435115866635225E-002
   3.96899875000000        7.02053625000000      -8.006839827980744E-002
   3.96899875000000        7.32569000000000      -7.583035724915677E-002
   4.27415250000000       2.000000000000000E-003 -0.359851907526735     
   4.27415250000000       0.307153750000000      -0.350163892015405     
   4.27415250000000       0.612307500000000      -0.325285574289870     
   4.27415250000000       0.917461250000000      -0.295039131794488     
   4.27415250000000        1.22261500000000      -0.266255219724561     
   4.27415250000000        1.52776875000000      -0.242132946138505     
   4.27415250000000        1.83292250000000      -0.221821447985784     
   4.27415250000000        2.13807625000000      -0.204497406116287     
   4.27415250000000        2.44323000000000      -0.189756681480263     
   4.27415250000000        2.74838375000000      -0.177187797632606     
   4.27415250000000        3.05353750000000      -0.166267302783694     
   4.27415250000000        3.35869125000000      -0.156483883171032     
   4.27415250000000        3.66384500000000      -0.147493008879235     
   4.27415250000000        3.96899875000000      -0.139150243368249     
   4.27415250000000        4.27415250000000      -0.131416938806570     
   4.27415250000000        4.57930625000000      -0.124237328866969     
   4.27415250000000        4.88446000000000      -0.117487153455049     
   4.27415250000000        5.18961375000000      -0.111018783945756     
   4.27415250000000        5.49476750000000      -0.104746672165668     
   4.27415250000000        5.79992125000000      -9.869599170295797E-002
   4.27415250000000        6.10507500000000      -9.298262984715318E-002
   4.27415250000000        6.41022875000000      -8.768280296668436E-002
   4.27415250000000        6.71538250000000      -8.272933631944628E-002
   4.27415250000000        7.02053625000000      -7.811090198791029E-002
   4.27415250000000        7.32569000000000      -7.383036064861942E-002
   4.57930625000000       2.000000000000000E-003 -0.291202961704539     
   4.57930625000000       0.307153750000000      -0.285759444635087     
   4.57930625000000       0.612307500000000      -0.271230604953322     
   4.57930625000000       0.917461250000000      -0.252354776737581     
   4.57930625000000        1.22261500000000      -0.233424568989268     
   4.57930625000000        1.52776875000000      -0.216305476453280     
   4.57930625000000        1.83292250000000      -0.201122848885408     
   4.57930625000000        2.13807625000000      -0.187790831718229     
   4.57930625000000        2.44323000000000      -0.176170414048453     
   4.57930625000000        2.74838375000000      -0.166003605120703     
   4.57930625000000        3.05353750000000      -0.156931105139968     
   4.57930625000000        3.35869125000000      -0.148604202129865     
   4.57930625000000        3.66384500000000      -0.140789384755122     
   4.57930625000000        3.96899875000000      -0.133387403389999     
   4.57930625000000        4.27415250000000      -0.126374241218919     
   4.57930625000000        4.57930625000000      -0.119727065732721     
   4.57930625000000        4.88446000000000      -0.113391902740741     
   4.57930625000000        5.18961375000000      -0.107304940253203     
   4.57930625000000        5.49476750000000      -0.101435151106044     
   4.57930625000000        5.79992125000000      -9.580373143635590E-002
   4.57930625000000        6.10507500000000      -9.046277771562898E-002
   4.57930625000000        6.41022875000000      -8.544044081199208E-002
   4.57930625000000        6.71538250000000      -8.066769549455166E-002
   4.57930625000000        7.02053625000000      -7.614303497611039E-002
   4.57930625000000        7.32569000000000      -7.200959269270228E-002
   4.88446000000000       2.000000000000000E-003 -0.233388428756674     
   4.88446000000000       0.307153750000000      -0.230891142673555     
   4.88446000000000       0.612307500000000      -0.223763659358990     
   4.88446000000000       0.917461250000000      -0.213656379819373     
   4.88446000000000        1.22261500000000      -0.202520909940144     
   4.88446000000000        1.52776875000000      -0.191541996218044     
   4.88446000000000        1.83292250000000      -0.181233522850025     
   4.88446000000000        2.13807625000000      -0.171776628398720     
   4.88446000000000        2.44323000000000      -0.163170364529757     
   4.88446000000000        2.74838375000000      -0.155288923338677     
   4.88446000000000        3.05353750000000      -0.147943229694551     
   4.88446000000000        3.35869125000000      -0.140953673676048     
   4.88446000000000        3.66384500000000      -0.134198944441165     
   4.88446000000000        3.96899875000000      -0.127624863500662     
   4.88446000000000        4.27415250000000      -0.121226424827566     
   4.88446000000000        4.57930625000000      -0.115023220187387     
   4.88446000000000        4.88446000000000      -0.109040987811460     
   4.88446000000000        5.18961375000000      -0.103303498032985     
   4.88446000000000        5.49476750000000      -9.783125896972696E-002
   4.88446000000000        5.79992125000000      -9.263772218695836E-002
   4.88446000000000        6.10507500000000      -8.772158172395027E-002
   4.88446000000000        6.41022875000000      -8.306017897974688E-002
   4.88446000000000        6.71538250000000      -7.861414295012435E-002
   4.88446000000000        7.02053625000000      -7.437686964419622E-002
   4.88446000000000        7.32569000000000      -7.046092580978110E-002
   5.18961375000000       2.000000000000000E-003 -0.188600468154027     
   5.18961375000000       0.307153750000000      -0.187797730402549     
   5.18961375000000       0.612307500000000      -0.185175914976952     
   5.18961375000000       0.917461250000000      -0.180919870401537     
   5.18961375000000        1.22261500000000      -0.175519308412176     
   5.18961375000000        1.52776875000000      -0.169524894383769     
   5.18961375000000        1.83292250000000      -0.163336124908084     
   5.18961375000000        2.13807625000000      -0.157162484030174     
   5.18961375000000        2.44323000000000      -0.151080200764972     
   5.18961375000000        2.74838375000000      -0.145103088066696     
   5.18961375000000        3.05353750000000      -0.139225567209740     
   5.18961375000000        3.35869125000000      -0.133427411096667     
   5.18961375000000        3.66384500000000      -0.127662952024491     
   5.18961375000000        3.96899875000000      -0.121875938081987     
   5.18961375000000        4.27415250000000      -0.116047748665516     
   5.18961375000000        4.57930625000000      -0.110233996105803     
   5.18961375000000        4.88446000000000      -0.104550687176403     
   5.18961375000000        5.18961375000000      -9.912227228719611E-002
   5.18961375000000        5.49476750000000      -9.403000402527392E-002
   5.18961375000000        5.79992125000000      -8.928764590060705E-002
   5.18961375000000        6.10507500000000      -8.485130273444633E-002
   5.18961375000000        6.41022875000000      -8.065150757718288E-002
   5.18961375000000        6.71538250000000      -7.662974567872557E-002
   5.18961375000000        7.02053625000000      -7.277350889049235E-002
   5.18961375000000        7.32569000000000      -6.913506790138434E-002
   5.49476750000000       2.000000000000000E-003 -0.152280425400566     
   5.49476750000000       0.307153750000000      -0.152844771172605     
   5.49476750000000       0.612307500000000      -0.153969271086622     
   5.49476750000000       0.917461250000000      -0.154518094079083     
   5.49476750000000        1.22261500000000      -0.153623334528313     
   5.49476750000000        1.52776875000000      -0.151367379023140     
   5.49476750000000        1.83292250000000      -0.148148265050887     
   5.49476750000000        2.13807625000000      -0.144253664727482     
   5.49476750000000        2.44323000000000      -0.139882549228513     
   5.49476750000000        2.74838375000000      -0.135229924370248     
   5.49476750000000        3.05353750000000      -0.130494568971263     
   5.49476750000000        3.35869125000000      -0.125793639260890     
   5.49476750000000        3.66384500000000      -0.121072470931800     
   5.49476750000000        3.96899875000000      -0.116151034768022     
   5.49476750000000        4.27415250000000      -0.110914595086218     
   5.49476750000000        4.57930625000000      -0.105449629710996     
   5.49476750000000        4.88446000000000      -9.999769001425256E-002
   5.49476750000000        5.18961375000000      -9.481553762715302E-002
   5.49476750000000        5.49476750000000      -9.006332396280167E-002
   5.49476750000000        5.79992125000000      -8.576853934449970E-002
   5.49476750000000        6.10507500000000      -8.185899585222008E-002
   5.49476750000000        6.41022875000000      -7.822058030717959E-002
   5.49476750000000        6.71538250000000      -7.473508435003828E-002
   5.49476750000000        7.02053625000000      -7.131214563006721E-002
   5.49476750000000        7.32569000000000      -6.794695100511608E-002
   5.79992125000000       2.000000000000000E-003 -0.124821835574320     
   5.79992125000000       0.307153750000000      -0.126768317623356     
   5.79992125000000       0.612307500000000      -0.130882847666227     
   5.79992125000000       0.917461250000000      -0.134732644350874     
   5.79992125000000        1.22261500000000      -0.136927140359253     
   5.79992125000000        1.52776875000000      -0.137139822939987     
   5.79992125000000        1.83292250000000      -0.135580332037323     
   5.79992125000000        2.13807625000000      -0.132820422732589     
   5.79992125000000        2.44323000000000      -0.129254714734505     
   5.79992125000000        2.74838375000000      -0.125295510774288     
   5.79992125000000        3.05353750000000      -0.121390027287747     
   5.79992125000000        3.35869125000000      -0.117823166571340     
   5.79992125000000        3.66384500000000      -0.114418731560405     
   5.79992125000000        3.96899875000000      -0.110599104502627     
   5.79992125000000        4.27415250000000      -0.105986408061195     
   5.79992125000000        4.57930625000000      -0.100762822603014     
   5.79992125000000        4.88446000000000      -9.541328904847900E-002
   5.79992125000000        5.18961375000000      -9.037837618266258E-002
   5.79992125000000        5.49476750000000      -8.590210562602546E-002
   5.79992125000000        5.79992125000000      -8.202782889359073E-002
   5.79992125000000        6.10507500000000      -7.868055233342255E-002
   5.79992125000000        6.41022875000000      -7.574062290038149E-002
   5.79992125000000        6.71538250000000      -7.298013554879547E-002
   5.79992125000000        7.02053625000000      -7.011676405489878E-002
   5.79992125000000        7.32569000000000      -6.701643362659644E-002
   6.10507500000000       2.000000000000000E-003 -0.104382372285569     
   6.10507500000000       0.307153750000000      -0.108287667617405     
   6.10507500000000       0.612307500000000      -0.115904753625230     
   6.10507500000000       0.917461250000000      -0.121968646736564     
   6.10507500000000        1.22261500000000      -0.125235865711395     
   6.10507500000000        1.52776875000000      -0.126118646486790     
   6.10507500000000        1.83292250000000      -0.124990623292438     
   6.10507500000000        2.13807625000000      -0.122392132414996     
   6.10507500000000        2.44323000000000      -0.118852426001386     
   6.10507500000000        2.74838375000000      -0.114943896276412     
   6.10507500000000        3.05353750000000      -0.111463730727282     
   6.10507500000000        3.35869125000000      -0.109219987015158     
   6.10507500000000        3.66384500000000      -0.107923763971683     
   6.10507500000000        3.96899875000000      -0.105770079424479     
   6.10507500000000        4.27415250000000      -0.101646334033353     
   6.10507500000000        4.57930625000000      -9.629091294529928E-002
   6.10507500000000        4.88446000000000      -9.078215388913938E-002
   6.10507500000000        5.18961375000000      -8.575896732235579E-002
   6.10507500000000        5.49476750000000      -8.147622439472058E-002
   6.10507500000000        5.79992125000000      -7.794776881617460E-002
   6.10507500000000        6.10507500000000      -7.520218665635889E-002
   6.10507500000000        6.41022875000000      -7.307176330042317E-002
   6.10507500000000        6.71538250000000      -7.120727903473968E-002
   6.10507500000000        7.02053625000000      -6.905310890215033E-002
   6.10507500000000        7.32569000000000      -6.617569967264948E-002
   6.41022875000000       2.000000000000000E-003 -8.839741276876641E-002
   6.41022875000000       0.307153750000000      -9.621638032083747E-002
   6.41022875000000       0.612307500000000      -0.107929195952644     
   6.41022875000000       0.917461250000000      -0.114475403528937     
   6.41022875000000        1.22261500000000      -0.117059161914150     
   6.41022875000000        1.52776875000000      -0.117327712938420     
   6.41022875000000        1.83292250000000      -0.115741176932542     
   6.41022875000000        2.13807625000000      -0.112712558605943     
   6.41022875000000        2.44323000000000      -0.108631122553705     
   6.41022875000000        2.74838375000000      -0.103875660616574     
   6.41022875000000        3.05353750000000      -0.100027652279275     
   6.41022875000000        3.35869125000000      -9.957666918923529E-002
   6.41022875000000        3.66384500000000      -0.101716948387458     
   6.41022875000000        3.96899875000000      -0.102076565842712     
   6.41022875000000        4.27415250000000      -9.828780175613341E-002
   6.41022875000000        4.57930625000000      -9.208433915971465E-002
   6.41022875000000        4.88446000000000      -8.600393674526771E-002
   6.41022875000000        5.18961375000000      -8.088375205710056E-002
   6.41022875000000        5.49476750000000      -7.672166284193049E-002
   6.41022875000000        5.79992125000000      -7.351902153077904E-002
   6.41022875000000        6.10507500000000      -7.136216390148044E-002
   6.41022875000000        6.41022875000000      -6.995358547767537E-002
   6.41022875000000        6.71538250000000      -6.897195436057188E-002
   6.41022875000000        7.02053625000000      -6.770143001734219E-002
   6.41022875000000        7.32569000000000      -6.503741530934923E-002
   6.71538250000000       2.000000000000000E-003 -7.593292264192265E-002
   6.71538250000000       0.307153750000000      -9.125344767476963E-002
   6.71538250000000       0.612307500000000      -0.104600328582175     
   6.71538250000000       0.917461250000000      -0.108711090259951     
   6.71538250000000        1.22261500000000      -0.109958465877333     
   6.71538250000000        1.52776875000000      -0.109579988100615     
   6.71538250000000        1.83292250000000      -0.107530060505810     
   6.71538250000000        2.13807625000000      -0.103992469007203     
   6.71538250000000        2.44323000000000      -9.909185942528310E-002
   6.71538250000000        2.74838375000000      -9.271821235664021E-002
   6.71538250000000        3.05353750000000      -8.800100393110322E-002
   6.71538250000000        3.35869125000000      -8.926979971952322E-002
   6.71538250000000        3.66384500000000      -9.619769978189550E-002
   6.71538250000000        3.96899875000000      -9.917467901013266E-002
   6.71538250000000        4.27415250000000      -9.469199381087440E-002
   6.71538250000000        4.57930625000000      -8.741706270211083E-002
   6.71538250000000        4.88446000000000      -8.080380733217932E-002
   6.71538250000000        5.18961375000000      -7.571041282108183E-002
   6.71538250000000        5.49476750000000      -7.171355626687895E-002
   6.71538250000000        5.79992125000000      -6.896681145150302E-002
   6.71538250000000        6.10507500000000      -6.734832136231382E-002
   6.71538250000000        6.41022875000000      -6.631219731865393E-002
   6.71538250000000        6.71538250000000      -6.558214933163631E-002
   6.71538250000000        7.02053625000000      -6.534114676158301E-002
   6.71538250000000        7.32569000000000      -6.336815029095533E-002
   7.02053625000000       2.000000000000000E-003 -7.548890246613420E-002
   7.02053625000000       0.307153750000000      -9.420057807988225E-002
   7.02053625000000       0.612307500000000      -9.705060524869527E-002
   7.02053625000000       0.917461250000000      -9.985193224948752E-002
   7.02053625000000        1.22261500000000      -0.102079569132313     
   7.02053625000000        1.52776875000000      -0.102209781601683     
   7.02053625000000        1.83292250000000      -0.100331435631594     
   7.02053625000000        2.13807625000000      -9.675962329081453E-002
   7.02053625000000        2.44323000000000      -9.144145688265150E-002
   7.02053625000000        2.74838375000000      -8.440020694785375E-002
   7.02053625000000        3.05353750000000      -7.890071226152405E-002
   7.02053625000000        3.35869125000000      -8.120295788902449E-002
   7.02053625000000        3.66384500000000      -9.215624948661730E-002
   7.02053625000000        3.96899875000000      -9.454486425428038E-002
   7.02053625000000        4.27415250000000      -8.851578337945507E-002
   7.02053625000000        4.57930625000000      -8.103221766525638E-002
   7.02053625000000        4.88446000000000      -7.486751177186515E-002
   7.02053625000000        5.18961375000000      -7.035064138253297E-002
   7.02053625000000        5.49476750000000      -6.680319127616532E-002
   7.02053625000000        5.79992125000000      -6.471636975241024E-002
   7.02053625000000        6.10507500000000      -6.377381600316290E-002
   7.02053625000000        6.41022875000000      -6.311273344589272E-002
   7.02053625000000        6.71538250000000      -6.180484629834641E-002
   7.02053625000000        7.02053625000000      -6.172005565927102E-002
   7.02053625000000        7.32569000000000      -6.271618088534947E-002
   7.32569000000000       2.000000000000000E-003 -9.103535701163548E-002
   7.32569000000000       0.307153750000000      -8.747032826374934E-002
   7.32569000000000       0.612307500000000      -8.512515573628536E-002
   7.32569000000000       0.917461250000000      -9.068087680867069E-002
   7.32569000000000        1.22261500000000      -9.452222732723499E-002
   7.32569000000000        1.52776875000000      -9.549130782200280E-002
   7.32569000000000        1.83292250000000      -9.421826018502663E-002
   7.32569000000000        2.13807625000000      -9.130749226532854E-002
   7.32569000000000        2.44323000000000      -8.692498755448376E-002
   7.32569000000000        2.74838375000000      -8.155598892437278E-002
   7.32569000000000        3.05353750000000      -7.825454050243720E-002
   7.32569000000000        3.35869125000000      -8.215195761398085E-002
   7.32569000000000        3.66384500000000      -8.844273209454037E-002
   7.32569000000000        3.96899875000000      -8.404079486372552E-002
   7.32569000000000        4.27415250000000      -7.905634580652900E-002
   7.32569000000000        4.57930625000000      -7.336909503644003E-002
   7.32569000000000        4.88446000000000      -6.865303743826476E-002
   7.32569000000000        5.18961375000000      -6.520102684164264E-002
   7.32569000000000        5.49476750000000      -6.238805606643484E-002
   7.32569000000000        5.79992125000000      -6.107488435186990E-002
   7.32569000000000        6.10507500000000      -6.108975653319765E-002
   7.32569000000000        6.41022875000000      -6.167737542239978E-002
   7.32569000000000        6.71538250000000      -6.182292021073181E-002
   7.32569000000000        7.02053625000000      -6.169525009354401E-002
   7.32569000000000        7.32569000000000      -6.113457059006586E-002
