  2.000000000000000E-003  2.000000000000000E-003 -0.905087401253890     
  2.000000000000000E-003  0.307153750000000       -1.02770414739881     
  2.000000000000000E-003  0.612307500000000      -0.931415301674210     
  2.000000000000000E-003  0.917461250000000      -0.736823488225305     
  2.000000000000000E-003   1.22261500000000      -0.548828746814479     
  2.000000000000000E-003   1.52776875000000      -0.399297492912805     
  2.000000000000000E-003   1.83292250000000      -0.292120436485701     
  2.000000000000000E-003   2.13807625000000      -0.221296813583971     
  2.000000000000000E-003   2.44323000000000      -0.176383156237822     
  2.000000000000000E-003   2.74838375000000      -0.153387705060362     
  2.000000000000000E-003   3.05353750000000      -0.140970280389427     
  2.000000000000000E-003   3.35869125000000      -0.116861925426854     
  2.000000000000000E-003   3.66384500000000      -9.249678734624234E-002
  2.000000000000000E-003   3.96899875000000      -7.463595093994810E-002
  2.000000000000000E-003   4.27415250000000      -6.398588359192678E-002
  2.000000000000000E-003   4.57930625000000      -6.271389779792270E-002
  2.000000000000000E-003   4.88446000000000      -6.411288626003886E-002
  2.000000000000000E-003   5.18961375000000      -6.570208594718752E-002
  2.000000000000000E-003   5.49476750000000      -6.795623612097244E-002
  2.000000000000000E-003   5.79992125000000      -7.030245806298267E-002
  2.000000000000000E-003   6.10507500000000      -7.239919283964145E-002
  2.000000000000000E-003   6.41022875000000      -7.340156200280483E-002
  2.000000000000000E-003   6.71538250000000      -7.285623718218141E-002
  2.000000000000000E-003   7.02053625000000      -7.625452921706151E-002
  2.000000000000000E-003   7.32569000000000      -7.541535902612707E-002
  0.307153750000000       2.000000000000000E-003  -1.02786948444006     
  0.307153750000000       0.307153750000000      -0.842347321831083     
  0.307153750000000       0.612307500000000      -0.774669958585847     
  0.307153750000000       0.917461250000000      -0.660574132552732     
  0.307153750000000        1.22261500000000      -0.513337513227415     
  0.307153750000000        1.52776875000000      -0.382589782878267     
  0.307153750000000        1.83292250000000      -0.284356696530382     
  0.307153750000000        2.13807625000000      -0.217544270836648     
  0.307153750000000        2.44323000000000      -0.174200009071774     
  0.307153750000000        2.74838375000000      -0.150787795725183     
  0.307153750000000        3.05353750000000      -0.138081176344921     
  0.307153750000000        3.35869125000000      -0.118577345175487     
  0.307153750000000        3.66384500000000      -9.283473468936296E-002
  0.307153750000000        3.96899875000000      -7.548055984383478E-002
  0.307153750000000        4.27415250000000      -6.626346504136309E-002
  0.307153750000000        4.57930625000000      -6.421932494782007E-002
  0.307153750000000        4.88446000000000      -6.474709212285942E-002
  0.307153750000000        5.18961375000000      -6.574440097758392E-002
  0.307153750000000        5.49476750000000      -6.742546747678274E-002
  0.307153750000000        5.79992125000000      -6.911886099519765E-002
  0.307153750000000        6.10507500000000      -7.041914612461735E-002
  0.307153750000000        6.41022875000000      -7.044072796177810E-002
  0.307153750000000        6.71538250000000      -6.873906359928764E-002
  0.307153750000000        7.02053625000000      -7.068123865823414E-002
  0.307153750000000        7.32569000000000      -7.905382224108809E-002
  0.612307500000000       2.000000000000000E-003 -0.931574710387431     
  0.612307500000000       0.307153750000000      -0.774753635147635     
  0.612307500000000       0.612307500000000      -0.628004660696804     
  0.612307500000000       0.917461250000000      -0.538509337518541     
  0.612307500000000        1.22261500000000      -0.439971131486751     
  0.612307500000000        1.52776875000000      -0.343636260575035     
  0.612307500000000        1.83292250000000      -0.264763817358305     
  0.612307500000000        2.13807625000000      -0.207383443367207     
  0.612307500000000        2.44323000000000      -0.168268444728740     
  0.612307500000000        2.74838375000000      -0.144555266300163     
  0.612307500000000        3.05353750000000      -0.130970587690860     
  0.612307500000000        3.35869125000000      -0.116493649739626     
  0.612307500000000        3.66384500000000      -9.751262270820032E-002
  0.612307500000000        3.96899875000000      -8.117116595691966E-002
  0.612307500000000        4.27415250000000      -7.162611874135735E-002
  0.612307500000000        4.57930625000000      -6.761515808445961E-002
  0.612307500000000        4.88446000000000      -6.614807690330787E-002
  0.612307500000000        5.18961375000000      -6.575495707469739E-002
  0.612307500000000        5.49476750000000      -6.599959644724049E-002
  0.612307500000000        5.79992125000000      -6.623395912471726E-002
  0.612307500000000        6.10507500000000      -6.599409564005919E-002
  0.612307500000000        6.41022875000000      -6.508458857974829E-002
  0.612307500000000        6.71538250000000      -6.475298686532768E-002
  0.612307500000000        7.02053625000000      -6.990017438232694E-002
  0.612307500000000        7.32569000000000      -7.541397280919110E-002
  0.917461250000000       2.000000000000000E-003 -0.736891346533923     
  0.917461250000000       0.307153750000000      -0.660612018946924     
  0.917461250000000       0.612307500000000      -0.538506748513217     
  0.917461250000000       0.917461250000000      -0.447165581950035     
  0.917461250000000        1.22261500000000      -0.370358345135565     
  0.917461250000000        1.52776875000000      -0.299912878446306     
  0.917461250000000        1.83292250000000      -0.239841883162187     
  0.917461250000000        2.13807625000000      -0.193141478039760     
  0.917461250000000        2.44323000000000      -0.159439191742622     
  0.917461250000000        2.74838375000000      -0.136983313845003     
  0.917461250000000        3.05353750000000      -0.122759162439612     
  0.917461250000000        3.35869125000000      -0.110785154222614     
  0.917461250000000        3.66384500000000      -9.753976257426104E-002
  0.917461250000000        3.96899875000000      -8.501896459589196E-002
  0.917461250000000        4.27415250000000      -7.595730928171833E-002
  0.917461250000000        4.57930625000000      -7.049853798341939E-002
  0.917461250000000        4.88446000000000      -6.737702703457785E-002
  0.917461250000000        5.18961375000000      -6.552088584071421E-002
  0.917461250000000        5.49476750000000      -6.422266751171266E-002
  0.917461250000000        5.79992125000000      -6.298126278880717E-002
  0.917461250000000        6.10507500000000      -6.156829740240669E-002
  0.917461250000000        6.41022875000000      -6.039218337129663E-002
  0.917461250000000        6.71538250000000      -6.083947258349118E-002
  0.917461250000000        7.02053625000000      -6.425552954420438E-002
  0.917461250000000        7.32569000000000      -6.629397741966309E-002
   1.22261500000000       2.000000000000000E-003 -0.548779107699282     
   1.22261500000000       0.307153750000000      -0.513278679375412     
   1.22261500000000       0.612307500000000      -0.439904437856606     
   1.22261500000000       0.917461250000000      -0.370309291714185     
   1.22261500000000        1.22261500000000      -0.311167181096934     
   1.22261500000000        1.52776875000000      -0.259010973849774     
   1.22261500000000        1.83292250000000      -0.213771407957884     
   1.22261500000000        2.13807625000000      -0.176918800087841     
   1.22261500000000        2.44323000000000      -0.148901288058385     
   1.22261500000000        2.74838375000000      -0.128892396608276     
   1.22261500000000        3.05353750000000      -0.114910607121860     
   1.22261500000000        3.35869125000000      -0.104184129349358     
   1.22261500000000        3.66384500000000      -9.421309719042305E-002
   1.22261500000000        3.96899875000000      -8.482860780211612E-002
   1.22261500000000        4.27415250000000      -7.712765140975322E-002
   1.22261500000000        4.57930625000000      -7.158114748563865E-002
   1.22261500000000        4.88446000000000      -6.768727392580609E-002
   1.22261500000000        5.18961375000000      -6.478912443955628E-002
   1.22261500000000        5.49476750000000      -6.238590583426418E-002
   1.22261500000000        5.79992125000000      -6.014567119230988E-002
   1.22261500000000        6.10507500000000      -5.805082406430635E-002
   1.22261500000000        6.41022875000000      -5.659732670913661E-002
   1.22261500000000        6.71538250000000      -5.650172783122068E-002
   1.22261500000000        7.02053625000000      -5.772635674990133E-002
   1.22261500000000        7.32569000000000      -5.817105574781305E-002
   1.52776875000000       2.000000000000000E-003 -0.399133255542556     
   1.52776875000000       0.307153750000000      -0.382426148530725     
   1.52776875000000       0.612307500000000      -0.343483127803370     
   1.52776875000000       0.917461250000000      -0.299790165907311     
   1.52776875000000        1.22261500000000      -0.258941385717219     
   1.52776875000000        1.52776875000000      -0.221613997206862     
   1.52776875000000        1.83292250000000      -0.188326333722474     
   1.52776875000000        2.13807625000000      -0.160080252901704     
   1.52776875000000        2.44323000000000      -0.137518508646478     
   1.52776875000000        2.74838375000000      -0.120421605502747     
   1.52776875000000        3.05353750000000      -0.107708949653636     
   1.52776875000000        3.35869125000000      -9.784439379658678E-002
   1.52776875000000        3.66384500000000      -8.951807492820012E-002
   1.52776875000000        3.96899875000000      -8.220207893438652E-002
   1.52776875000000        4.27415250000000      -7.597787464147124E-002
   1.52776875000000        4.57930625000000      -7.091584519869072E-002
   1.52776875000000        4.88446000000000      -6.683030307267053E-002
   1.52776875000000        5.18961375000000      -6.342035664613488E-002
   1.52776875000000        5.49476750000000      -6.044079304025191E-002
   1.52776875000000        5.79992125000000      -5.777080351089520E-002
   1.52776875000000        6.10507500000000      -5.540854152100852E-002
   1.52776875000000        6.41022875000000      -5.366967764232048E-002
   1.52776875000000        6.71538250000000      -5.285938884404733E-002
   1.52776875000000        7.02053625000000      -5.274589560906063E-002
   1.52776875000000        7.32569000000000      -5.240046837975017E-002
   1.83292250000000       2.000000000000000E-003 -0.291860241053246     
   1.83292250000000       0.307153750000000      -0.284101789813228     
   1.83292250000000       0.612307500000000      -0.264528573992064     
   1.83292250000000       0.917461250000000      -0.239643545253483     
   1.83292250000000        1.22261500000000      -0.213627222244450     
   1.83292250000000        1.52776875000000      -0.188250571267147     
   1.83292250000000        1.83292250000000      -0.164574891397910     
   1.83292250000000        2.13807625000000      -0.143549585211807     
   1.83292250000000        2.44323000000000      -0.125856137603664     
   1.83292250000000        2.74838375000000      -0.111655685887914     
   1.83292250000000        3.05353750000000      -0.100548271420175     
   1.83292250000000        3.35869125000000      -9.178472641076996E-002
   1.83292250000000        3.66384500000000      -8.461344572757820E-002
   1.83292250000000        3.96899875000000      -7.854051925462030E-002
   1.83292250000000        4.27415250000000      -7.333244951378234E-002
   1.83292250000000        4.57930625000000      -6.885034006409781E-002
   1.83292250000000        4.88446000000000      -6.494311924117718E-002
   1.83292250000000        5.18961375000000      -6.146697086539788E-002
   1.83292250000000        5.49476750000000      -5.834456825649736E-002
   1.83292250000000        5.79992125000000      -5.558525702664800E-002
   1.83292250000000        6.10507500000000      -5.325612089513495E-002
   1.83292250000000        6.41022875000000      -5.143977709608186E-002
   1.83292250000000        6.71538250000000      -5.019096188297839E-002
   1.83292250000000        7.02053625000000      -4.939147913953295E-002
   1.83292250000000        7.32569000000000      -4.866069824491300E-002
   2.13807625000000       2.000000000000000E-003 -0.220965382673781     
   2.13807625000000       0.307153750000000      -0.217221103502148     
   2.13807625000000       0.612307500000000      -0.207083120345744     
   2.13807625000000       0.917461250000000      -0.192878410183259     
   2.13807625000000        1.22261500000000      -0.176707670921940     
   2.13807625000000        1.52776875000000      -0.159934126119015     
   2.13807625000000        1.83292250000000      -0.143476466767937     
   2.13807625000000        2.13807625000000      -0.128096659630565     
   2.13807625000000        2.44323000000000      -0.114414435360081     
   2.13807625000000        2.74838375000000      -0.102791226002067     
   2.13807625000000        3.05353750000000      -9.325886419741374E-002
   2.13807625000000        3.35869125000000      -8.556919972840750E-002
   2.13807625000000        3.66384500000000      -7.933459401551496E-002
   2.13807625000000        3.96899875000000      -7.417072934013573E-002
   2.13807625000000        4.27415250000000      -6.976716051932515E-002
   2.13807625000000        4.57930625000000      -6.588986904146320E-002
   2.13807625000000        4.88446000000000      -6.237399688288045E-002
   2.13807625000000        5.18961375000000      -5.913321587468846E-002
   2.13807625000000        5.49476750000000      -5.616295062237569E-002
   2.13807625000000        5.79992125000000      -5.351723307741040E-002
   2.13807625000000        6.10507500000000      -5.126521343190318E-002
   2.13807625000000        6.41022875000000      -4.945254021718472E-002
   2.13807625000000        6.71538250000000      -4.807867855585335E-002
   2.13807625000000        7.02053625000000      -4.707494555981632E-002
   2.13807625000000        7.32569000000000      -4.628755081891723E-002
   2.44323000000000       2.000000000000000E-003 -0.176006793716536     
   2.44323000000000       0.307153750000000      -0.173836158307996     
   2.44323000000000       0.612307500000000      -0.167929339041924     
   2.44323000000000       0.917461250000000      -0.159134980598766     
   2.44323000000000        1.22261500000000      -0.148643460051733     
   2.44323000000000        1.52776875000000      -0.137318551681269     
   2.44323000000000        1.83292250000000      -0.125722432346469     
   2.44323000000000        2.13807625000000      -0.114349658285066     
   2.44323000000000        2.44323000000000      -0.103696274378379     
   2.44323000000000        2.74838375000000      -9.418834629232371E-002
   2.44323000000000        3.05353750000000      -8.608081791000638E-002
   2.44323000000000        3.35869125000000      -7.940672342551376E-002
   2.44323000000000        3.66384500000000      -7.400284478895490E-002
   2.44323000000000        3.96899875000000      -6.958971840589115E-002
   2.44323000000000        4.27415250000000      -6.586373363367515E-002
   2.44323000000000        4.57930625000000      -6.256675189788063E-002
   2.44323000000000        4.88446000000000      -5.952738528798586E-002
   2.44323000000000        5.18961375000000      -5.667212629487271E-002
   2.44323000000000        5.49476750000000      -5.400478554259189E-002
   2.44323000000000        5.79992125000000      -5.156813267259093E-002
   2.44323000000000        6.10507500000000      -4.940777478837521E-002
   2.44323000000000        6.41022875000000      -4.756244395638418E-002
   2.44323000000000        6.71538250000000      -4.609247991305369E-002
   2.44323000000000        7.02053625000000      -4.509808772728203E-002
   2.44323000000000        7.32569000000000      -4.458289445449623E-002
   2.74838375000000       2.000000000000000E-003 -0.152993296150429     
   2.74838375000000       0.307153750000000      -0.150418820193505     
   2.74838375000000       0.612307500000000      -0.144221125874507     
   2.74838375000000       0.917461250000000      -0.136675847195467     
   2.74838375000000        1.22261500000000      -0.128616603905092     
   2.74838375000000        1.52776875000000      -0.120191081198190     
   2.74838375000000        1.83292250000000      -0.111480317974315     
   2.74838375000000        2.13807625000000      -0.102676310537129     
   2.74838375000000        2.44323000000000      -9.413376574124271E-002
   2.74838375000000        2.74838375000000      -8.626222242810315E-002
   2.74838375000000        3.05353750000000      -7.938807489605412E-002
   2.74838375000000        3.35869125000000      -7.365762939731670E-002
   2.74838375000000        3.66384500000000      -6.901564246994198E-002
   2.74838375000000        3.96899875000000      -6.525420057420778E-002
   2.74838375000000        4.27415250000000      -6.210268668449814E-002
   2.74838375000000        4.57930625000000      -5.931838236340466E-002
   2.74838375000000        4.88446000000000      -5.674079056936224E-002
   2.74838375000000        5.18961375000000      -5.429446088243053E-002
   2.74838375000000        5.49476750000000      -5.195941545823307E-002
   2.74838375000000        5.79992125000000      -4.973796652542106E-002
   2.74838375000000        6.10507500000000      -4.763214770374825E-002
   2.74838375000000        6.41022875000000      -4.565455951542262E-002
   2.74838375000000        6.71538250000000      -4.404088664260496E-002
   2.74838375000000        7.02053625000000      -4.326977478156756E-002
   2.74838375000000        7.32569000000000      -4.341464569537877E-002
   3.05353750000000       2.000000000000000E-003 -0.140548910448260     
   3.05353750000000       0.307153750000000      -0.137719168427386     
   3.05353750000000       0.612307500000000      -0.130673489969773     
   3.05353750000000       0.917461250000000      -0.122487436217772     
   3.05353750000000        1.22261500000000      -0.114646544842364     
   3.05353750000000        1.52776875000000      -0.107470910758498     
   3.05353750000000        1.83292250000000      -0.100351081267660     
   3.05353750000000        2.13807625000000      -9.311083433037891E-002
   3.05353750000000        2.44323000000000      -8.598553394217373E-002
   3.05353750000000        2.74838375000000      -7.934390207882888E-002
   3.05353750000000        3.05353750000000      -7.350015785770020E-002
   3.05353750000000        3.35869125000000      -6.860898039593354E-002
   3.05353750000000        3.66384500000000      -6.464696558670210E-002
   3.05353750000000        3.96899875000000      -6.144806454267220E-002
   3.05353750000000        4.27415250000000      -5.877457659421651E-002
   3.05353750000000        4.57930625000000      -5.641258996501670E-002
   3.05353750000000        4.88446000000000      -5.422418877538518E-002
   3.05353750000000        5.18961375000000      -5.213210524740075E-002
   3.05353750000000        5.49476750000000      -5.008580987795468E-002
   3.05353750000000        5.79992125000000      -4.804014390720198E-002
   3.05353750000000        6.10507500000000      -4.593117617695452E-002
   3.05353750000000        6.41022875000000      -4.375610815831322E-002
   3.05353750000000        6.71538250000000      -4.203063471803693E-002
   3.05353750000000        7.02053625000000      -4.147913908981785E-002
   3.05353750000000        7.32569000000000      -4.253488747063798E-002
   3.35869125000000       2.000000000000000E-003 -0.116351158465431     
   3.35869125000000       0.307153750000000      -0.118200663641017     
   3.35869125000000       0.612307500000000      -0.116242932969969     
   3.35869125000000       0.917461250000000      -0.110561545964069     
   3.35869125000000        1.22261500000000      -0.103950133353489     
   3.35869125000000        1.52776875000000      -9.761463223465645E-002
   3.35869125000000        1.83292250000000      -9.158147034552733E-002
   3.35869125000000        2.13807625000000      -8.540363302071938E-002
   3.35869125000000        2.44323000000000      -7.928540913224577E-002
   3.35869125000000        2.74838375000000      -7.358230740340972E-002
   3.35869125000000        3.05353750000000      -6.857574166285217E-002
   3.35869125000000        3.35869125000000      -6.438768800602941E-002
   3.35869125000000        3.66384500000000      -6.099601250165892E-002
   3.35869125000000        3.96899875000000      -5.826456522869682E-002
   3.35869125000000        4.27415250000000      -5.597865058444376E-002
   3.35869125000000        4.57930625000000      -5.394964843285203E-002
   3.35869125000000        4.88446000000000      -5.206410485051562E-002
   3.35869125000000        5.18961375000000      -5.024736655480647E-002
   3.35869125000000        5.49476750000000      -4.842914283536141E-002
   3.35869125000000        5.79992125000000      -4.653269540877222E-002
   3.35869125000000        6.10507500000000      -4.443790886458995E-002
   3.35869125000000        6.41022875000000      -4.223689300980484E-002
   3.35869125000000        6.71538250000000      -4.046355432025343E-002
   3.35869125000000        7.02053625000000      -3.996012409686870E-002
   3.35869125000000        7.32569000000000      -4.143309784189220E-002
   3.66384500000000       2.000000000000000E-003 -9.195173262662730E-002
   3.66384500000000       0.307153750000000      -9.244641293381685E-002
   3.66384500000000       0.612307500000000      -9.728881634947420E-002
   3.66384500000000       0.917461250000000      -9.734788043876917E-002
   3.66384500000000        1.22261500000000      -9.400417649201059E-002
   3.66384500000000        1.52776875000000      -8.930182488499154E-002
   3.66384500000000        1.83292250000000      -8.441372356826442E-002
   3.66384500000000        2.13807625000000      -7.916361870179499E-002
   3.66384500000000        2.44323000000000      -7.386882805516704E-002
   3.66384500000000        2.74838375000000      -6.892252267745244E-002
   3.66384500000000        3.05353750000000      -6.459304609992897E-002
   3.66384500000000        3.35869125000000      -6.097420618791841E-002
   3.66384500000000        3.66384500000000      -5.803894286115321E-002
   3.66384500000000        3.96899875000000      -5.567388175558382E-002
   3.66384500000000        4.27415250000000      -5.368677539696898E-002
   3.66384500000000        4.57930625000000      -5.191311324398089E-002
   3.66384500000000        4.88446000000000      -5.025849508880108E-002
   3.66384500000000        5.18961375000000      -4.865272809179601E-002
   3.66384500000000        5.49476750000000      -4.702207036873170E-002
   3.66384500000000        5.79992125000000      -4.529097361568422E-002
   3.66384500000000        6.10507500000000      -4.336139817664918E-002
   3.66384500000000        6.41022875000000      -4.140626531869991E-002
   3.66384500000000        6.71538250000000      -3.997090727869500E-002
   3.66384500000000        7.02053625000000      -3.981627197245523E-002
   3.66384500000000        7.32569000000000      -4.012299474615951E-002
   3.96899875000000       2.000000000000000E-003 -7.418109650861493E-002
   3.96899875000000       0.307153750000000      -7.513361314492048E-002
   3.96899875000000       0.612307500000000      -8.094965851357555E-002
   3.96899875000000       0.917461250000000      -8.483052649905082E-002
   3.96899875000000        1.22261500000000      -8.462899489494038E-002
   3.96899875000000        1.52776875000000      -8.199794660966224E-002
   3.96899875000000        1.83292250000000      -7.834956058004422E-002
   3.96899875000000        2.13807625000000      -7.400345835815489E-002
   3.96899875000000        2.44323000000000      -6.945428642600218E-002
   3.96899875000000        2.74838375000000      -6.515530782700632E-002
   3.96899875000000        3.05353750000000      -6.138525069881058E-002
   3.96899875000000        3.35869125000000      -5.823211184342665E-002
   3.96899875000000        3.66384500000000      -5.566261408287684E-002
   3.96899875000000        3.96899875000000      -5.357223639174920E-002
   3.96899875000000        4.27415250000000      -5.180553030641212E-002
   3.96899875000000        4.57930625000000      -5.022872615829617E-002
   3.96899875000000        4.88446000000000      -4.875743190150978E-002
   3.96899875000000        5.18961375000000      -4.732383301541827E-002
   3.96899875000000        5.49476750000000      -4.586284739547713E-002
   3.96899875000000        5.79992125000000      -4.432674256736661E-002
   3.96899875000000        6.10507500000000      -4.268951895948359E-002
   3.96899875000000        6.41022875000000      -4.111862294516948E-002
   3.96899875000000        6.71538250000000      -4.003477841021456E-002
   3.96899875000000        7.02053625000000      -3.967666077122295E-002
   3.96899875000000        7.32569000000000      -3.909357061247083E-002
   4.27415250000000       2.000000000000000E-003 -6.365042124643630E-002
   4.27415250000000       0.307153750000000      -6.597231060258156E-002
   4.27415250000000       0.612307500000000      -7.139995837876037E-002
   4.27415250000000       0.917461250000000      -7.575843851795409E-002
   4.27415250000000        1.22261500000000      -7.692929465091720E-002
   4.27415250000000        1.52776875000000      -7.578572764630584E-002
   4.27415250000000        1.83292250000000      -7.315497708564424E-002
   4.27415250000000        2.13807625000000      -6.961161133135989E-002
   4.27415250000000        2.44323000000000      -6.573662799352668E-002
   4.27415250000000        2.74838375000000      -6.200807756180700E-002
   4.27415250000000        3.05353750000000      -5.871237858596141E-002
   4.27415250000000        3.35869125000000      -5.594435459928247E-002
   4.27415250000000        3.66384500000000      -5.367267017583927E-002
   4.27415250000000        3.96899875000000      -5.180268634458794E-002
   4.27415250000000        4.27415250000000      -5.021587341177275E-002
   4.27415250000000        4.57930625000000      -4.880561123304515E-002
   4.27415250000000        4.88446000000000      -4.749049874612069E-002
   4.27415250000000        5.18961375000000      -4.620452130799713E-002
   4.27415250000000        5.49476750000000      -4.489832911592078E-002
   4.27415250000000        5.79992125000000      -4.355624373865110E-002
   4.27415250000000        6.10507500000000      -4.220716917404626E-002
   4.27415250000000        6.41022875000000      -4.095798051493702E-002
   4.27415250000000        6.71538250000000      -3.996282174984823E-002
   4.27415250000000        7.02053625000000      -3.912243511714001E-002
   4.27415250000000        7.32569000000000      -3.816323294492202E-002
   4.57930625000000       2.000000000000000E-003 -6.244593652749141E-002
   4.57930625000000       0.307153750000000      -6.396692791123604E-002
   4.57930625000000       0.612307500000000      -6.739268343421287E-002
   4.57930625000000       0.917461250000000      -7.029585897095884E-002
   4.57930625000000        1.22261500000000      -7.139149458244685E-002
   4.57930625000000        1.52776875000000      -7.074095442648837E-002
   4.57930625000000        1.83292250000000      -6.869331191116186E-002
   4.57930625000000        2.13807625000000      -6.575454981603124E-002
   4.57930625000000        2.44323000000000      -6.245685330086196E-002
   4.57930625000000        2.74838375000000      -5.923615193585122E-002
   4.57930625000000        3.05353750000000      -5.635776586170479E-002
   4.57930625000000        3.35869125000000      -5.391916915774060E-002
   4.57930625000000        3.66384500000000      -5.190152435435366E-002
   4.57930625000000        3.96899875000000      -5.022894557430550E-002
   4.57930625000000        4.27415250000000      -4.880972155064033E-002
   4.57930625000000        4.57930625000000      -4.755213722863615E-002
   4.57930625000000        4.88446000000000      -4.637346686283752E-002
   4.57930625000000        5.18961375000000      -4.521119091806523E-002
   4.57930625000000        5.49476750000000      -4.403421368185522E-002
   4.57930625000000        5.79992125000000      -4.284980608088745E-002
   4.57930625000000        6.10507500000000      -4.169778007277840E-002
   4.57930625000000        6.41022875000000      -4.064239523913398E-002
   4.57930625000000        6.71538250000000      -3.970315053524097E-002
   4.57930625000000        7.02053625000000      -3.875529661914132E-002
   4.57930625000000        7.32569000000000      -3.776406317740326E-002
   4.88446000000000       2.000000000000000E-003 -6.388522856556490E-002
   4.88446000000000       0.307153750000000      -6.452517844842835E-002
   4.88446000000000       0.612307500000000      -6.594208738567919E-002
   4.88446000000000       0.917461250000000      -6.718965776082736E-002
   4.88446000000000        1.22261500000000      -6.751908714166413E-002
   4.88446000000000        1.52776875000000      -6.668204043778714E-002
   4.88446000000000        1.83292250000000      -6.481561175393459E-002
   4.88446000000000        2.13807625000000      -6.226777803539775E-002
   4.88446000000000        2.44323000000000      -5.944250766913659E-002
   4.88446000000000        2.74838375000000      -5.667689452527105E-002
   4.88446000000000        3.05353750000000      -5.418066112063095E-002
   4.88446000000000        3.35869125000000      -5.203995710808292E-002
   4.88446000000000        3.66384500000000      -5.025170143819658E-002
   4.88446000000000        3.96899875000000      -4.876396549356418E-002
   4.88446000000000        4.27415250000000      -4.750374313479847E-002
   4.88446000000000        4.57930625000000      -4.638466567716341E-002
   4.88446000000000        4.88446000000000      -4.532123784797813E-002
   4.88446000000000        5.18961375000000      -4.425513298813264E-002
   4.88446000000000        5.49476750000000      -4.317044018745315E-002
   4.88446000000000        5.79992125000000      -4.208811881215160E-002
   4.88446000000000        6.10507500000000      -4.104220032237652E-002
   4.88446000000000        6.41022875000000      -4.005364988280926E-002
   4.88446000000000        6.71538250000000      -3.911319758732774E-002
   4.88446000000000        7.02053625000000      -3.817145325183489E-002
   4.88446000000000        7.32569000000000      -3.719923525944696E-002
   5.18961375000000       2.000000000000000E-003 -6.551116782458176E-002
   5.18961375000000       0.307153750000000      -6.555667770554340E-002
   5.18961375000000       0.612307500000000      -6.557962789240682E-002
   5.18961375000000       0.917461250000000      -6.536403995796464E-002
   5.18961375000000        1.22261500000000      -6.465419653707229E-002
   5.18961375000000        1.52776875000000      -6.330872539462030E-002
   5.18961375000000        1.83292250000000      -6.137781575908262E-002
   5.18961375000000        2.13807625000000      -5.906351714445771E-002
   5.18961375000000        2.44323000000000      -5.661769387483814E-002
   5.18961375000000        2.74838375000000      -5.425188642570886E-002
   5.18961375000000        3.05353750000000      -5.210054501450636E-002
   5.18961375000000        3.35869125000000      -5.022877519174335E-002
   5.18961375000000        3.66384500000000      -4.864989683445648E-002
   5.18961375000000        3.96899875000000      -4.733712709493466E-002
   5.18961375000000        4.27415250000000      -4.622942128963298E-002
   5.18961375000000        4.57930625000000      -4.523840339907957E-002
   5.18961375000000        4.88446000000000      -4.427338657346973E-002
   5.18961375000000        5.18961375000000      -4.327681236814732E-002
   5.18961375000000        5.49476750000000      -4.224150776975218E-002
   5.18961375000000        5.79992125000000      -4.119634309509586E-002
   5.18961375000000        6.10507500000000      -4.017098858586048E-002
   5.18961375000000        6.41022875000000      -3.916698836350860E-002
   5.18961375000000        6.71538250000000      -3.815957713188707E-002
   5.18961375000000        7.02053625000000      -3.713380732523652E-002
   5.18961375000000        7.32569000000000      -3.613021879365706E-002
   5.49476750000000       2.000000000000000E-003 -6.780187323218227E-002
   5.49476750000000       0.307153750000000      -6.727407000353129E-002
   5.49476750000000       0.612307500000000      -6.586098172607791E-002
   5.49476750000000       0.917461250000000      -6.410482707924470E-002
   5.49476750000000        1.22261500000000      -6.229293571231405E-002
   5.49476750000000        1.52776875000000      -6.037332793460848E-002
   5.49476750000000        1.83292250000000      -5.829957175150417E-002
   5.49476750000000        2.13807625000000      -5.613357618671004E-002
   5.49476750000000        2.44323000000000      -5.398231152938299E-002
   5.49476750000000        2.74838375000000      -5.193710138298843E-002
   5.49476750000000        3.05353750000000      -5.006268094064372E-002
   5.49476750000000        3.35869125000000      -4.841106271501906E-002
   5.49476750000000        3.66384500000000      -4.701839406099861E-002
   5.49476750000000        3.96899875000000      -4.587990362564960E-002
   5.49476750000000        4.27415250000000      -4.493423668748088E-002
   5.49476750000000        4.57930625000000      -4.407882933902634E-002
   5.49476750000000        4.88446000000000      -4.320990667185166E-002
   5.49476750000000        5.18961375000000      -4.226406696897838E-002
   5.49476750000000        5.49476750000000      -4.123601582696888E-002
   5.49476750000000        5.79992125000000      -4.016009527144787E-002
   5.49476750000000        6.10507500000000      -3.906849079472360E-002
   5.49476750000000        6.41022875000000      -3.795916913959881E-002
   5.49476750000000        6.71538250000000      -3.680194091882467E-002
   5.49476750000000        7.02053625000000      -3.561002468528265E-002
   5.49476750000000        7.32569000000000      -3.452006573823462E-002
   5.79992125000000       2.000000000000000E-003 -7.019332109901978E-002
   5.79992125000000       0.307153750000000      -6.901246999289848E-002
   5.79992125000000       0.612307500000000      -6.613959607771912E-002
   5.79992125000000       0.917461250000000      -6.290884069443629E-002
   5.79992125000000        1.22261500000000      -6.010037224254099E-002
   5.79992125000000        1.52776875000000      -5.775122743299117E-002
   5.79992125000000        1.83292250000000      -5.558576590516934E-002
   5.79992125000000        2.13807625000000      -5.352749117296213E-002
   5.79992125000000        2.44323000000000      -5.157488745264167E-002
   5.79992125000000        2.74838375000000      -4.973040320010757E-002
   5.79992125000000        3.05353750000000      -4.801632466182310E-002
   5.79992125000000        3.35869125000000      -4.650330889623958E-002
   5.79992125000000        3.66384500000000      -4.527535045548482E-002
   5.79992125000000        3.96899875000000      -4.434022410480129E-002
   5.79992125000000        4.27415250000000      -4.359949760594755E-002
   5.79992125000000        4.57930625000000      -4.290996952376694E-002
   5.79992125000000        4.88446000000000      -4.214740163174070E-002
   5.79992125000000        5.18961375000000      -4.124013648456215E-002
   5.79992125000000        5.49476750000000      -4.018142968002429E-002
   5.79992125000000        5.79992125000000      -3.901199291918860E-002
   5.79992125000000        6.10507500000000      -3.777611304518421E-002
   5.79992125000000        6.41022875000000      -3.644873767547831E-002
   5.79992125000000        6.71538250000000      -3.498040849057976E-002
   5.79992125000000        7.02053625000000      -3.346617598673845E-002
   5.79992125000000        7.32569000000000      -3.225712367147662E-002
   6.10507500000000       2.000000000000000E-003 -7.235281237484172E-002
   6.10507500000000       0.307153750000000      -7.037141599494802E-002
   6.10507500000000       0.612307500000000      -6.595163617104824E-002
   6.10507500000000       0.917461250000000      -6.154568843432607E-002
   6.10507500000000        1.22261500000000      -5.805560396278966E-002
   6.10507500000000        1.52776875000000      -5.543752872803628E-002
   6.10507500000000        1.83292250000000      -5.329957043985688E-002
   6.10507500000000        2.13807625000000      -5.131120249325942E-002
   6.10507500000000        2.44323000000000      -4.943881157980457E-002
   6.10507500000000        2.74838375000000      -4.763084645897653E-002
   6.10507500000000        3.05353750000000      -4.588997071591756E-002
   6.10507500000000        3.35869125000000      -4.437196833720158E-002
   6.10507500000000        3.66384500000000      -4.331082950419632E-002
   6.10507500000000        3.96899875000000      -4.268758987318694E-002
   6.10507500000000        4.27415250000000      -4.225427264207277E-002
   6.10507500000000        4.57930625000000      -4.177125010532445E-002
   6.10507500000000        4.88446000000000      -4.111754130711104E-002
   6.10507500000000        5.18961375000000      -4.023084059450655E-002
   6.10507500000000        5.49476750000000      -3.910508710433092E-002
   6.10507500000000        5.79992125000000      -3.779057291387962E-002
   6.10507500000000        6.10507500000000      -3.632770586558629E-002
   6.10507500000000        6.41022875000000      -3.471003750427392E-002
   6.10507500000000        6.71538250000000      -3.283620072141202E-002
   6.10507500000000        7.02053625000000      -3.079703033003429E-002
   6.10507500000000        7.32569000000000      -2.937227631468605E-002
   6.41022875000000       2.000000000000000E-003 -7.344126806848408E-002
   6.41022875000000       0.307153750000000      -7.046276160930259E-002
   6.41022875000000       0.612307500000000      -6.509166907801305E-002
   6.41022875000000       0.917461250000000      -6.041396151272501E-002
   6.41022875000000        1.22261500000000      -5.664586779166162E-002
   6.41022875000000        1.52776875000000      -5.374100502657325E-002
   6.41022875000000        1.83292250000000      -5.152103329644365E-002
   6.41022875000000        2.13807625000000      -4.953012487235157E-002
   6.41022875000000        2.44323000000000      -4.761570897965816E-002
   6.41022875000000        2.74838375000000      -4.565409565603647E-002
   6.41022875000000        3.05353750000000      -4.368016803144081E-002
   6.41022875000000        3.35869125000000      -4.211260985802431E-002
   6.41022875000000        3.66384500000000      -4.130740266079208E-002
   6.41022875000000        3.96899875000000      -4.110125591415099E-002
   6.41022875000000        4.27415250000000      -4.101573223765533E-002
   6.41022875000000        4.57930625000000      -4.073315696060260E-002
   6.41022875000000        4.88446000000000      -4.014233012876944E-002
   6.41022875000000        5.18961375000000      -3.923674616905840E-002
   6.41022875000000        5.49476750000000      -3.800319942383274E-002
   6.41022875000000        5.79992125000000      -3.647017910300858E-002
   6.41022875000000        6.10507500000000      -3.471920430339115E-002
   6.41022875000000        6.41022875000000      -3.285796791121223E-002
   6.41022875000000        6.71538250000000      -3.072670604790217E-002
   6.41022875000000        7.02053625000000      -2.802295717841298E-002
   6.41022875000000        7.32569000000000      -2.610355140445579E-002
   6.71538250000000       2.000000000000000E-003 -7.299062075671411E-002
   6.71538250000000       0.307153750000000      -6.881307180492638E-002
   6.71538250000000       0.612307500000000      -6.478545414142063E-002
   6.71538250000000       0.917461250000000      -6.088888789092286E-002
   6.71538250000000        1.22261500000000      -5.657879727425930E-002
   6.71538250000000        1.52776875000000      -5.295884402707036E-002
   6.71538250000000        1.83292250000000      -5.030173345956458E-002
   6.71538250000000        2.13807625000000      -4.818626054778280E-002
   6.71538250000000        2.44323000000000      -4.617647312385709E-002
   6.71538250000000        2.74838375000000      -4.406182931056894E-002
   6.71538250000000        3.05353750000000      -4.195495079345427E-002
   6.71538250000000        3.35869125000000      -4.031834938591808E-002
   6.71538250000000        3.66384500000000      -3.986989354260561E-002
   6.71538250000000        3.96899875000000      -4.004924389820452E-002
   6.71538250000000        4.27415250000000      -4.005783361019009E-002
   6.71538250000000        4.57930625000000      -3.982146270618484E-002
   6.71538250000000        4.88446000000000      -3.921512507609963E-002
   6.71538250000000        5.18961375000000      -3.823407700722676E-002
   6.71538250000000        5.49476750000000      -3.684676876401406E-002
   6.71538250000000        5.79992125000000      -3.500503212026739E-002
   6.71538250000000        6.10507500000000      -3.285684386347704E-002
   6.71538250000000        6.41022875000000      -3.075160116562759E-002
   6.71538250000000        6.71538250000000      -2.889929452778828E-002
   6.71538250000000        7.02053625000000      -2.610899346281520E-002
   6.71538250000000        7.32569000000000      -2.311326982999657E-002
   7.02053625000000       2.000000000000000E-003 -7.639599025660145E-002
   7.02053625000000       0.307153750000000      -7.073340594691448E-002
   7.02053625000000       0.612307500000000      -6.993238967395371E-002
   7.02053625000000       0.917461250000000      -6.431533351174737E-002
   7.02053625000000        1.22261500000000      -5.781238024739308E-002
   7.02053625000000        1.52776875000000      -5.285510038120361E-002
   7.02053625000000        1.83292250000000      -4.951965143781146E-002
   7.02053625000000        2.13807625000000      -4.721309043053277E-002
   7.02053625000000        2.44323000000000      -4.523475120920649E-002
   7.02053625000000        2.74838375000000      -4.337384994940403E-002
   7.02053625000000        3.05353750000000      -4.151152277973907E-002
   7.02053625000000        3.35869125000000      -3.992963136173812E-002
   7.02053625000000        3.66384500000000      -3.984919644399638E-002
   7.02053625000000        3.96899875000000      -3.980668259701951E-002
   7.02053625000000        4.27415250000000      -3.928202355331337E-002
   7.02053625000000        4.57930625000000      -3.890274324938309E-002
   7.02053625000000        4.88446000000000      -3.828456494585356E-002
   7.02053625000000        5.18961375000000      -3.720891888878858E-002
   7.02053625000000        5.49476750000000      -3.565240313704107E-002
   7.02053625000000        5.79992125000000      -3.349257255600628E-002
   7.02053625000000        6.10507500000000      -3.083324778630159E-002
   7.02053625000000        6.41022875000000      -2.809732976181096E-002
   7.02053625000000        6.71538250000000      -2.621300936808061E-002
   7.02053625000000        7.02053625000000      -2.523090531686920E-002
   7.02053625000000        7.32569000000000      -2.178768782633437E-002
   7.32569000000000       2.000000000000000E-003 -7.542015299949857E-002
   7.32569000000000       0.307153750000000      -7.907666712101508E-002
   7.32569000000000       0.612307500000000      -7.545964148774516E-002
   7.32569000000000       0.917461250000000      -6.635237332563843E-002
   7.32569000000000        1.22261500000000      -5.824777322891052E-002
   7.32569000000000        1.52776875000000      -5.250336612496199E-002
   7.32569000000000        1.83292250000000      -4.879453403965543E-002
   7.32569000000000        2.13807625000000      -4.645391990156379E-002
   7.32569000000000        2.44323000000000      -4.478829386947197E-002
   7.32569000000000        2.74838375000000      -4.365571132992489E-002
   7.32569000000000        3.05353750000000      -4.279478026504347E-002
   7.32569000000000        3.35869125000000      -4.167613199729648E-002
   7.32569000000000        3.66384500000000      -4.029379140700790E-002
   7.32569000000000        3.96899875000000      -3.931175028974236E-002
   7.32569000000000        4.27415250000000      -3.836931092826666E-002
   7.32569000000000        4.57930625000000      -3.792795753031018E-002
   7.32569000000000        4.88446000000000      -3.731489246607268E-002
   7.32569000000000        5.18961375000000      -3.620268463284446E-002
   7.32569000000000        5.49476750000000      -3.455868820721644E-002
   7.32569000000000        5.79992125000000      -3.228233377059937E-002
   7.32569000000000        6.10507500000000      -2.941561391219899E-002
   7.32569000000000        6.41022875000000      -2.620681308931829E-002
   7.32569000000000        6.71538250000000      -2.329842173215331E-002
   7.32569000000000        7.02053625000000      -2.193387440671319E-002
   7.32569000000000        7.32569000000000      -2.308632902354966E-002
