  2.000000000000000E-003  2.000000000000000E-003 -9.195035695321768E-002
  2.000000000000000E-003  0.307153750000000      -9.215672612884664E-002
  2.000000000000000E-003  0.612307500000000      -8.822052724937002E-002
  2.000000000000000E-003  0.917461250000000      -7.996125584921145E-002
  2.000000000000000E-003   1.22261500000000      -7.279063904429542E-002
  2.000000000000000E-003   1.52776875000000      -6.725702480109431E-002
  2.000000000000000E-003   1.83292250000000      -6.298154619971365E-002
  2.000000000000000E-003   2.13807625000000      -5.959684668459529E-002
  2.000000000000000E-003   2.44323000000000      -5.653323116556745E-002
  2.000000000000000E-003   2.74838375000000      -5.418093659689226E-002
  2.000000000000000E-003   3.05353750000000      -5.252150339253121E-002
  2.000000000000000E-003   3.35869125000000      -5.087050607625036E-002
  2.000000000000000E-003   3.66384500000000      -4.913515448220501E-002
  2.000000000000000E-003   3.96899875000000      -4.667908595181224E-002
  2.000000000000000E-003   4.27415250000000      -4.441532692594079E-002
  2.000000000000000E-003   4.57930625000000      -4.351208676427658E-002
  2.000000000000000E-003   4.88446000000000      -4.301650934560411E-002
  2.000000000000000E-003   5.18961375000000      -4.247547642341017E-002
  2.000000000000000E-003   5.49476750000000      -4.194717535648664E-002
  2.000000000000000E-003   5.79992125000000      -4.161381077841634E-002
  2.000000000000000E-003   6.10507500000000      -4.168597236559020E-002
  2.000000000000000E-003   6.41022875000000      -4.232117132812361E-002
  2.000000000000000E-003   6.71538250000000      -4.336028100941692E-002
  2.000000000000000E-003   7.02053625000000      -4.355320781527904E-002
  2.000000000000000E-003   7.32569000000000      -4.109231437146647E-002
  0.307153750000000       2.000000000000000E-003 -0.102437542014526     
  0.307153750000000       0.307153750000000      -9.733701836526361E-002
  0.307153750000000       0.612307500000000      -9.139855850591319E-002
  0.307153750000000       0.917461250000000      -8.352266103604679E-002
  0.307153750000000        1.22261500000000      -7.651807350794633E-002
  0.307153750000000        1.52776875000000      -7.077948450702398E-002
  0.307153750000000        1.83292250000000      -6.594194226400735E-002
  0.307153750000000        2.13807625000000      -6.166097224945329E-002
  0.307153750000000        2.44323000000000      -5.720913932457500E-002
  0.307153750000000        2.74838375000000      -5.273439243034797E-002
  0.307153750000000        3.05353750000000      -4.861773787316268E-002
  0.307153750000000        3.35869125000000      -4.582906926440687E-002
  0.307153750000000        3.66384500000000      -4.623810875644930E-002
  0.307153750000000        3.96899875000000      -4.570334678132684E-002
  0.307153750000000        4.27415250000000      -4.461774674196772E-002
  0.307153750000000        4.57930625000000      -4.427480575850198E-002
  0.307153750000000        4.88446000000000      -4.397755173689179E-002
  0.307153750000000        5.18961375000000      -4.340831484709939E-002
  0.307153750000000        5.49476750000000      -4.271805258844442E-002
  0.307153750000000        5.79992125000000      -4.205660764855491E-002
  0.307153750000000        6.10507500000000      -4.166900222876706E-002
  0.307153750000000        6.41022875000000      -4.179927471292218E-002
  0.307153750000000        6.71538250000000      -4.245835446209344E-002
  0.307153750000000        7.02053625000000      -4.300021191413655E-002
  0.307153750000000        7.32569000000000      -4.327443523821455E-002
  0.612307500000000       2.000000000000000E-003 -0.105912748402750     
  0.612307500000000       0.307153750000000      -0.101768515762394     
  0.612307500000000       0.612307500000000      -9.506912264316168E-002
  0.612307500000000       0.917461250000000      -8.839166767091874E-002
  0.612307500000000        1.22261500000000      -8.197023950369819E-002
  0.612307500000000        1.52776875000000      -7.594480841333712E-002
  0.612307500000000        1.83292250000000      -7.034526486167805E-002
  0.612307500000000        2.13807625000000      -6.500743925232490E-002
  0.612307500000000        2.44323000000000      -5.955877437202931E-002
  0.612307500000000        2.74838375000000      -5.383092803766467E-002
  0.612307500000000        3.05353750000000      -4.869013920248047E-002
  0.612307500000000        3.35869125000000      -4.529584071427587E-002
  0.612307500000000        3.66384500000000      -4.471319040138957E-002
  0.612307500000000        3.96899875000000      -4.528290990905956E-002
  0.612307500000000        4.27415250000000      -4.557469873804684E-002
  0.612307500000000        4.57930625000000      -4.555698792933707E-002
  0.612307500000000        4.88446000000000      -4.512486866696489E-002
  0.612307500000000        5.18961375000000      -4.432783995796284E-002
  0.612307500000000        5.49476750000000      -4.332399168253658E-002
  0.612307500000000        5.79992125000000      -4.221926117429323E-002
  0.612307500000000        6.10507500000000      -4.122959050875031E-002
  0.612307500000000        6.41022875000000      -4.063925795869886E-002
  0.612307500000000        6.71538250000000      -4.083375304200074E-002
  0.612307500000000        7.02053625000000      -4.221172778518990E-002
  0.612307500000000        7.32569000000000      -4.273367973843583E-002
  0.917461250000000       2.000000000000000E-003 -0.109818677111121     
  0.917461250000000       0.307153750000000      -0.107340068555127     
  0.917461250000000       0.612307500000000      -0.102030321173657     
  0.917461250000000       0.917461250000000      -9.593610913636198E-002
  0.917461250000000        1.22261500000000      -8.948578308073321E-002
  0.917461250000000        1.52776875000000      -8.282828531184250E-002
  0.917461250000000        1.83292250000000      -7.620903244956775E-002
  0.917461250000000        2.13807625000000      -6.973900252630408E-002
  0.917461250000000        2.44323000000000      -6.351528050418694E-002
  0.917461250000000        2.74838375000000      -5.750922818674298E-002
  0.917461250000000        3.05353750000000      -5.210683566347990E-002
  0.917461250000000        3.35869125000000      -4.846570061018216E-002
  0.917461250000000        3.66384500000000      -4.703674716575709E-002
  0.917461250000000        3.96899875000000      -4.702027019928729E-002
  0.917461250000000        4.27415250000000      -4.721181751159504E-002
  0.917461250000000        4.57930625000000      -4.698555902660006E-002
  0.917461250000000        4.88446000000000      -4.625519285201091E-002
  0.917461250000000        5.18961375000000      -4.516835246303364E-002
  0.917461250000000        5.49476750000000      -4.383795036342702E-002
  0.917461250000000        5.79992125000000      -4.236909045942531E-002
  0.917461250000000        6.10507500000000      -4.098731779064570E-002
  0.917461250000000        6.41022875000000      -4.003983763158216E-002
  0.917461250000000        6.71538250000000      -3.993803989377792E-002
  0.917461250000000        7.02053625000000      -4.073348546468226E-002
  0.917461250000000        7.32569000000000      -4.100321276954679E-002
   1.22261500000000       2.000000000000000E-003 -0.116827300698956     
   1.22261500000000       0.307153750000000      -0.115202189510615     
   1.22261500000000       0.612307500000000      -0.111051948573264     
   1.22261500000000       0.917461250000000      -0.105351443179405     
   1.22261500000000        1.22261500000000      -9.857992694200936E-002
   1.22261500000000        1.52776875000000      -9.107488009530548E-002
   1.22261500000000        1.83292250000000      -8.330045243891898E-002
   1.22261500000000        2.13807625000000      -7.568704278837876E-002
   1.22261500000000        2.44323000000000      -6.859889832197036E-002
   1.22261500000000        2.74838375000000      -6.230812160258164E-002
   1.22261500000000        3.05353750000000      -5.701823203513688E-002
   1.22261500000000        3.35869125000000      -5.308144808256796E-002
   1.22261500000000        3.66384500000000      -5.082334804340868E-002
   1.22261500000000        3.96899875000000      -4.979399625854027E-002
   1.22261500000000        4.27415250000000      -4.915533556217253E-002
   1.22261500000000        4.57930625000000      -4.835893207109770E-002
   1.22261500000000        4.88446000000000      -4.725805210723701E-002
   1.22261500000000        5.18961375000000      -4.586011336284612E-002
   1.22261500000000        5.49476750000000      -4.425439726207554E-002
   1.22261500000000        5.79992125000000      -4.256022001797284E-002
   1.22261500000000        6.10507500000000      -4.098656005316799E-002
   1.22261500000000        6.41022875000000      -3.985630310428865E-002
   1.22261500000000        6.71538250000000      -3.941384948270482E-002
   1.22261500000000        7.02053625000000      -3.953473071230809E-002
   1.22261500000000        7.32569000000000      -3.950428044408600E-002
   1.52776875000000       2.000000000000000E-003 -0.126188784866090     
   1.52776875000000       0.307153750000000      -0.124904452829652     
   1.52776875000000       0.612307500000000      -0.121331824905527     
   1.52776875000000       0.917461250000000      -0.115785457580221     
   1.52776875000000        1.22261500000000      -0.108600025223358     
   1.52776875000000        1.52776875000000      -0.100238585518019     
   1.52776875000000        1.83292250000000      -9.136051182434211E-002
   1.52776875000000        2.13807625000000      -8.253459829447911E-002
   1.52776875000000        2.44323000000000      -7.437183613837020E-002
   1.52776875000000        2.74838375000000      -6.731918691122224E-002
   1.52776875000000        3.05353750000000      -6.160811450865533E-002
   1.52776875000000        3.35869125000000      -5.731291000104941E-002
   1.52776875000000        3.66384500000000      -5.434347720202288E-002
   1.52776875000000        3.96899875000000      -5.236969401993575E-002
   1.52776875000000        4.27415250000000      -5.091026107063430E-002
   1.52776875000000        4.57930625000000      -4.955181107059467E-002
   1.52776875000000        4.88446000000000      -4.805458763612240E-002
   1.52776875000000        5.18961375000000      -4.635047974493194E-002
   1.52776875000000        5.49476750000000      -4.451065650370664E-002
   1.52776875000000        5.79992125000000      -4.268430429781218E-002
   1.52776875000000        6.10507500000000      -4.103055473265894E-002
   1.52776875000000        6.41022875000000      -3.977519318755380E-002
   1.52776875000000        6.71538250000000      -3.904965785750514E-002
   1.52776875000000        7.02053625000000      -3.872467660012126E-002
   1.52776875000000        7.32569000000000      -3.843121583051500E-002
   1.83292250000000       2.000000000000000E-003 -0.137000948630390     
   1.83292250000000       0.307153750000000      -0.135830212110473     
   1.83292250000000       0.612307500000000      -0.132367027838975     
   1.83292250000000       0.917461250000000      -0.126715950259576     
   1.83292250000000        1.22261500000000      -0.119135643552292     
   1.83292250000000        1.52776875000000      -0.110012582017478     
   1.83292250000000        1.83292250000000      -9.996110745424253E-002
   1.83292250000000        2.13807625000000      -8.981582925816661E-002
   1.83292250000000        2.44323000000000      -8.039948272490534E-002
   1.83292250000000        2.74838375000000      -7.229262888335485E-002
   1.83292250000000        3.05353750000000      -6.574912563406160E-002
   1.83292250000000        3.35869125000000      -6.074742991533791E-002
   1.83292250000000        3.66384500000000      -5.707608395917373E-002
   1.83292250000000        3.96899875000000      -5.439809825685056E-002
   1.83292250000000        4.27415250000000      -5.231953769567436E-002
   1.83292250000000        4.57930625000000      -5.047568316292289E-002
   1.83292250000000        4.88446000000000      -4.861019973546604E-002
   1.83292250000000        5.18961375000000      -4.662460477034719E-002
   1.83292250000000        5.49476750000000      -4.457757091735882E-002
   1.83292250000000        5.79992125000000      -4.262639107334726E-002
   1.83292250000000        6.10507500000000      -4.093956105178009E-002
   1.83292250000000        6.41022875000000      -3.963068720124427E-002
   1.83292250000000        6.71538250000000      -3.873388088024252E-002
   1.83292250000000        7.02053625000000      -3.816279679712531E-002
   1.83292250000000        7.32569000000000      -3.770764300237198E-002
   2.13807625000000       2.000000000000000E-003 -0.148991814368426     
   2.13807625000000       0.307153750000000      -0.147738203287741     
   2.13807625000000       0.612307500000000      -0.144081158784636     
   2.13807625000000       0.917461250000000      -0.138092378537577     
   2.13807625000000        1.22261500000000      -0.129874705337706     
   2.13807625000000        1.52776875000000      -0.119757674957414     
   2.13807625000000        1.83292250000000      -0.108447427586642     
   2.13807625000000        2.13807625000000      -9.693248661103229E-002
   2.13807625000000        2.44323000000000      -8.619420685157060E-002
   2.13807625000000        2.74838375000000      -7.692547898880064E-002
   2.13807625000000        3.05353750000000      -6.941648278930944E-002
   2.13807625000000        3.35869125000000      -6.361339522987990E-002
   2.13807625000000        3.66384500000000      -5.925011407233607E-002
   2.13807625000000        3.96899875000000      -5.596460126135806E-002
   2.13807625000000        4.27415250000000      -5.337262529039762E-002
   2.13807625000000        4.57930625000000      -5.111818021866774E-002
   2.13807625000000        4.88446000000000      -4.893459694733113E-002
   2.13807625000000        5.18961375000000      -4.670559182204985E-002
   2.13807625000000        5.49476750000000      -4.447764739604919E-002
   2.13807625000000        5.79992125000000      -4.240388969274882E-002
   2.13807625000000        6.10507500000000      -4.064789153974793E-002
   2.13807625000000        6.41022875000000      -3.930270938504102E-002
   2.13807625000000        6.71538250000000      -3.836071309248875E-002
   2.13807625000000        7.02053625000000      -3.772423497956315E-002
   2.13807625000000        7.32569000000000      -3.723898982310862E-002
   2.44323000000000       2.000000000000000E-003 -0.162653173092113     
   2.44323000000000       0.307153750000000      -0.161006251470475     
   2.44323000000000       0.612307500000000      -0.156390559360588     
   2.44323000000000       0.917461250000000      -0.149298419469091     
   2.44323000000000        1.22261500000000      -0.139959908184325     
   2.44323000000000        1.52776875000000      -0.128665718911596     
   2.44323000000000        1.83292250000000      -0.116091864006425     
   2.44323000000000        2.13807625000000      -0.103271550499246     
   2.44323000000000        2.44323000000000      -9.128101520129051E-002
   2.44323000000000        2.74838375000000      -8.090023068555958E-002
   2.44323000000000        3.05353750000000      -7.245931722912151E-002
   2.44323000000000        3.35869125000000      -6.589499703347672E-002
   2.44323000000000        3.66384500000000      -6.090731160076090E-002
   2.44323000000000        3.96899875000000      -5.710551072589435E-002
   2.44323000000000        4.27415250000000      -5.409282988527789E-002
   2.44323000000000        4.57930625000000      -5.150556990756777E-002
   2.44323000000000        4.88446000000000      -4.906483501129866E-002
   2.44323000000000        5.18961375000000      -4.663923445195920E-002
   2.44323000000000        5.49476750000000      -4.426112856324312E-002
   2.44323000000000        5.79992125000000      -4.207267867912352E-002
   2.44323000000000        6.10507500000000      -4.022900183648839E-002
   2.44323000000000        6.41022875000000      -3.882026954882124E-002
   2.44323000000000        6.71538250000000      -3.785599968813112E-002
   2.44323000000000        7.02053625000000      -3.727643493076416E-002
   2.44323000000000        7.32569000000000      -3.692288846440035E-002
   2.74838375000000       2.000000000000000E-003 -0.177656026856974     
   2.74838375000000       0.307153750000000      -0.175161351143635     
   2.74838375000000       0.612307500000000      -0.168692242727054     
   2.74838375000000       0.917461250000000      -0.159661609806428     
   2.74838375000000        1.22261500000000      -0.148679458308931     
   2.74838375000000        1.52776875000000      -0.136065153795884     
   2.74838375000000        1.83292250000000      -0.122312315838590     
   2.74838375000000        2.13807625000000      -0.108364344595937     
   2.74838375000000        2.44323000000000      -9.531271490729279E-002
   2.74838375000000        2.74838375000000      -8.398918989829657E-002
   2.74838375000000        3.05353750000000      -7.475737843623388E-002
   2.74838375000000        3.35869125000000      -6.755391225732670E-002
   2.74838375000000        3.66384500000000      -6.205809176207340E-002
   2.74838375000000        3.96899875000000      -5.785419632551489E-002
   2.74838375000000        4.27415250000000      -5.452336944764291E-002
   2.74838375000000        4.57930625000000      -5.168648989886174E-002
   2.74838375000000        4.88446000000000      -4.905400015729328E-002
   2.74838375000000        5.18961375000000      -4.648195371195803E-002
   2.74838375000000        5.49476750000000      -4.398597916589265E-002
   2.74838375000000        5.79992125000000      -4.168918788444010E-002
   2.74838375000000        6.10507500000000      -3.972659901579388E-002
   2.74838375000000        6.41022875000000      -3.818272441713790E-002
   2.74838375000000        6.71538250000000      -3.718545250152643E-002
   2.74838375000000        7.02053625000000      -3.678033049905388E-002
   2.74838375000000        7.32569000000000      -3.670629216562885E-002
   3.05353750000000       2.000000000000000E-003 -0.195431908911944     
   3.05353750000000       0.307153750000000      -0.190726152435764     
   3.05353750000000       0.612307500000000      -0.180381163727692     
   3.05353750000000       0.917461250000000      -0.168524417762972     
   3.05353750000000        1.22261500000000      -0.155568138538293     
   3.05353750000000        1.52776875000000      -0.141561040182473     
   3.05353750000000        1.83292250000000      -0.126796760004392     
   3.05353750000000        2.13807625000000      -0.111980122403142     
   3.05353750000000        2.44323000000000      -9.813689670326771E-002
   3.05353750000000        2.74838375000000      -8.611190874931214E-002
   3.05353750000000        3.05353750000000      -7.628932604528343E-002
   3.05353750000000        3.35869125000000      -6.860933802491408E-002
   3.05353750000000        3.66384500000000      -6.274504143181758E-002
   3.05353750000000        3.96899875000000      -5.826629377858068E-002
   3.05353750000000        4.27415250000000      -5.472705288276866E-002
   3.05353750000000        4.57930625000000      -5.172657411152743E-002
   3.05353750000000        4.88446000000000      -4.896732374962778E-002
   3.05353750000000        5.18961375000000      -4.629677247294738E-002
   3.05353750000000        5.49476750000000      -4.371304889828115E-002
   3.05353750000000        5.79992125000000      -4.131050473425218E-002
   3.05353750000000        6.10507500000000      -3.917443857884380E-002
   3.05353750000000        6.41022875000000      -3.740804545560580E-002
   3.05353750000000        6.71538250000000      -3.636014577387989E-002
   3.05353750000000        7.02053625000000      -3.610850020046348E-002
   3.05353750000000        7.32569000000000      -3.636843494482120E-002
   3.35869125000000       2.000000000000000E-003 -0.215071120187797     
   3.35869125000000       0.307153750000000      -0.206683869023079     
   3.35869125000000       0.612307500000000      -0.190125817795687     
   3.35869125000000       0.917461250000000      -0.174822418076116     
   3.35869125000000        1.22261500000000      -0.160167323755549     
   3.35869125000000        1.52776875000000      -0.144957110958633     
   3.35869125000000        1.83292250000000      -0.129469386846538     
   3.35869125000000        2.13807625000000      -0.114099441298661     
   3.35869125000000        2.44323000000000      -9.977063386186159E-002
   3.35869125000000        2.74838375000000      -8.731685215840455E-002
   3.35869125000000        3.05353750000000      -7.712942130949485E-002
   3.35869125000000        3.35869125000000      -6.915120063112055E-002
   3.35869125000000        3.66384500000000      -6.306194521892557E-002
   3.35869125000000        3.96899875000000      -5.843197700436333E-002
   3.35869125000000        4.27415250000000      -5.478731347848209E-002
   3.35869125000000        4.57930625000000      -5.170276981344508E-002
   3.35869125000000        4.88446000000000      -4.887508039009289E-002
   3.35869125000000        5.18961375000000      -4.614770587827984E-002
   3.35869125000000        5.49476750000000      -4.350544350469879E-002
   3.35869125000000        5.79992125000000      -4.101155091610138E-002
   3.35869125000000        6.10507500000000      -3.867402989796910E-002
   3.35869125000000        6.41022875000000      -3.669889213485462E-002
   3.35869125000000        6.71538250000000      -3.546019598632637E-002
   3.35869125000000        7.02053625000000      -3.518062443627441E-002
   3.35869125000000        7.32569000000000      -3.567127412680593E-002
   3.66384500000000       2.000000000000000E-003 -0.213928532314946     
   3.66384500000000       0.307153750000000      -0.213831707882413     
   3.66384500000000       0.612307500000000      -0.194235759436683     
   3.66384500000000       0.917461250000000      -0.177169210759475     
   3.66384500000000        1.22261500000000      -0.161814684380963     
   3.66384500000000        1.52776875000000      -0.146118681951406     
   3.66384500000000        1.83292250000000      -0.130360030223056     
   3.66384500000000        2.13807625000000      -0.114797052947560     
   3.66384500000000        2.44323000000000      -0.100302522735560     
   3.66384500000000        2.74838375000000      -8.770263955191714E-002
   3.66384500000000        3.05353750000000      -7.738975705685909E-002
   3.66384500000000        3.35869125000000      -6.930707959159106E-002
   3.66384500000000        3.66384500000000      -6.314040051226553E-002
   3.66384500000000        3.96899875000000      -5.846476263637217E-002
   3.66384500000000        4.27415250000000      -5.479144856365212E-002
   3.66384500000000        4.57930625000000      -5.168261762385264E-002
   3.66384500000000        4.88446000000000      -4.883275689086543E-002
   3.66384500000000        5.18961375000000      -4.608432524892752E-002
   3.66384500000000        5.49476750000000      -4.341719197743010E-002
   3.66384500000000        5.79992125000000      -4.087988115502139E-002
   3.66384500000000        6.10507500000000      -3.844311016431221E-002
   3.66384500000000        6.41022875000000      -3.635651936044507E-002
   3.66384500000000        6.71538250000000      -3.495986814794327E-002
   3.66384500000000        7.02053625000000      -3.462481017887772E-002
   3.66384500000000        7.32569000000000      -3.577802185711563E-002
   3.96899875000000       2.000000000000000E-003 -0.215070796861550     
   3.96899875000000       0.307153750000000      -0.206648249373466     
   3.96899875000000       0.612307500000000      -0.190104590940136     
   3.96899875000000       0.917461250000000      -0.174824551956059     
   3.96899875000000        1.22261500000000      -0.160184362340626     
   3.96899875000000        1.52776875000000      -0.144979260974534     
   3.96899875000000        1.83292250000000      -0.129489638473586     
   3.96899875000000        2.13807625000000      -0.114113632545636     
   3.96899875000000        2.44323000000000      -9.977706469053534E-002
   3.96899875000000        2.74838375000000      -8.731612040257106E-002
   3.96899875000000        3.05353750000000      -7.712362321945543E-002
   3.96899875000000        3.35869125000000      -6.914286969203154E-002
   3.96899875000000        3.66384500000000      -6.305309296259465E-002
   3.96899875000000        3.96899875000000      -5.842355324914934E-002
   3.96899875000000        4.27415250000000      -5.477894977288544E-002
   3.96899875000000        4.57930625000000      -5.169278412448316E-002
   3.96899875000000        4.88446000000000      -4.886066814395360E-002
   3.96899875000000        5.18961375000000      -4.612540530558396E-002
   3.96899875000000        5.49476750000000      -4.347158346236529E-002
   3.96899875000000        5.79992125000000      -4.096178526381244E-002
   3.96899875000000        6.10507500000000      -3.859922457406238E-002
   3.96899875000000        6.41022875000000      -3.658450528952547E-002
   3.96899875000000        6.71538250000000      -3.529874174874358E-002
   3.96899875000000        7.02053625000000      -3.500580618481165E-002
   3.96899875000000        7.32569000000000      -3.559904909165135E-002
   4.27415250000000       2.000000000000000E-003 -0.195431608244612     
   4.27415250000000       0.307153750000000      -0.190704979974922     
   4.27415250000000       0.612307500000000      -0.180373129785600     
   4.27415250000000       0.917461250000000      -0.168542355070641     
   4.27415250000000        1.22261500000000      -0.155604070989889     
   4.27415250000000        1.52776875000000      -0.141601431959741     
   4.27415250000000        1.83292250000000      -0.126830725989140     
   4.27415250000000        2.13807625000000      -0.112000546305824     
   4.27415250000000        2.44323000000000      -9.814130054243339E-002
   4.27415250000000        2.74838375000000      -8.610225046890374E-002
   4.27415250000000        3.05353750000000      -7.627037059868758E-002
   4.27415250000000        3.35869125000000      -6.858639694104270E-002
   4.27415250000000        3.66384500000000      -6.272210829676322E-002
   4.27415250000000        3.96899875000000      -5.824509233613347E-002
   4.27415250000000        4.27415250000000      -5.470672902151610E-002
   4.27415250000000        4.57930625000000      -5.170382593378783E-002
   4.27415250000000        4.88446000000000      -4.893685970299615E-002
   4.27415250000000        5.18961375000000      -4.625225708690798E-002
   4.27415250000000        5.49476750000000      -4.364810635353294E-002
   4.27415250000000        5.79992125000000      -4.121892941180613E-002
   4.27415250000000        6.10507500000000      -3.904731007079543E-002
   4.27415250000000        6.41022875000000      -3.723051061955055E-002
   4.27415250000000        6.71538250000000      -3.613593642425482E-002
   4.27415250000000        7.02053625000000      -3.588609489540244E-002
   4.27415250000000        7.32569000000000      -3.623615284049016E-002
   4.57930625000000       2.000000000000000E-003 -0.177655910700039     
   4.57930625000000       0.307153750000000      -0.175164373902584     
   4.57930625000000       0.612307500000000      -0.168711399859049     
   4.57930625000000       0.917461250000000      -0.159701554945321     
   4.57930625000000        1.22261500000000      -0.148731622758119     
   4.57930625000000        1.52776875000000      -0.136115862158188     
   4.57930625000000        1.83292250000000      -0.122348557762770     
   4.57930625000000        2.13807625000000      -0.108377523208542     
   4.57930625000000        2.44323000000000      -9.530089663935119E-002
   4.57930625000000        2.74838375000000      -8.395685098467141E-002
   4.57930625000000        3.05353750000000      -7.471271263312819E-002
   4.57930625000000        3.35869125000000      -6.750526316393671E-002
   4.57930625000000        3.66384500000000      -6.201131645792034E-002
   4.57930625000000        3.96899875000000      -5.781149267214029E-002
   4.57930625000000        4.27415250000000      -5.448327259269139E-002
   4.57930625000000        4.57930625000000      -5.164430229821292E-002
   4.57930625000000        4.88446000000000      -4.900261430843689E-002
   4.57930625000000        5.18961375000000      -4.641308783723099E-002
   4.57930625000000        5.49476750000000      -4.389177791576649E-002
   4.57930625000000        5.79992125000000      -4.156349567845618E-002
   4.57930625000000        6.10507500000000      -3.956499522801066E-002
   4.57930625000000        6.41022875000000      -3.798191374467648E-002
   4.57930625000000        6.71538250000000      -3.695462987845498E-002
   4.57930625000000        7.02053625000000      -3.655819148265096E-002
   4.57930625000000        7.32569000000000      -3.653946933364156E-002
   4.88446000000000       2.000000000000000E-003 -0.162653526741486     
   4.88446000000000       0.307153750000000      -0.161026206294417     
   4.88446000000000       0.612307500000000      -0.156430899883092     
   4.88446000000000       0.917461250000000      -0.149354954055644     
   4.88446000000000        1.22261500000000      -0.140021363028671     
   4.88446000000000        1.52776875000000      -0.128716556424158     
   4.88446000000000        1.83292250000000      -0.116117340965424     
   4.88446000000000        2.13807625000000      -0.103262780803864     
   4.88446000000000        2.44323000000000      -9.123787944571603E-002
   4.88446000000000        2.74838375000000      -8.083064808983111E-002
   4.88446000000000        3.05353750000000      -7.237528899520847E-002
   4.88446000000000        3.35869125000000      -6.580782186476480E-002
   4.88446000000000        3.66384500000000      -6.082428721889039E-002
   4.88446000000000        3.96899875000000      -5.702899888302208E-002
   4.88446000000000        4.27415250000000      -5.402078563700699E-002
   4.88446000000000        4.57930625000000      -5.143252447872800E-002
   4.88446000000000        4.88446000000000      -4.898287413308826E-002
   4.88446000000000        5.18961375000000      -4.653931161919203E-002
   4.88446000000000        5.49476750000000      -4.413478571140932E-002
   4.88446000000000        5.79992125000000      -4.191397133772495E-002
   4.88446000000000        6.10507500000000      -4.003594016329930E-002
   4.88446000000000        6.41022875000000      -3.859603342570902E-002
   4.88446000000000        6.71538250000000      -3.761160669577994E-002
   4.88446000000000        7.02053625000000      -3.703355216319300E-002
   4.88446000000000        7.32569000000000      -3.670328355618098E-002
   5.18961375000000       2.000000000000000E-003 -0.148992626858335     
   5.18961375000000       0.307153750000000      -0.147769074141214     
   5.18961375000000       0.612307500000000      -0.144136198311427     
   5.18961375000000       0.917461250000000      -0.138160055819973     
   5.18961375000000        1.22261500000000      -0.129938721967330     
   5.18961375000000        1.52776875000000      -0.119799619765526     
   5.18961375000000        1.83292250000000      -0.108451521089374     
   5.18961375000000        2.13807625000000      -9.689074564361613E-002
   5.18961375000000        2.44323000000000      -8.610924651629957E-002
   5.18961375000000        2.74838375000000      -7.680887101401009E-002
   5.18961375000000        3.05353750000000      -6.928354136692809E-002
   5.18961375000000        3.35869125000000      -6.347740107559512E-002
   5.18961375000000        3.66384500000000      -5.911895866922475E-002
   5.18961375000000        3.96899875000000      -5.584050766466792E-002
   5.18961375000000        4.27415250000000      -5.325353414028760E-002
   5.18961375000000        4.57930625000000      -5.099903740650427E-002
   5.18961375000000        4.88446000000000      -4.880818352823139E-002
   5.18961375000000        5.18961375000000      -4.656334723358405E-002
   5.18961375000000        5.49476750000000      -4.431107042885190E-002
   5.18961375000000        5.79992125000000      -4.220645755164690E-002
   5.18961375000000        6.10507500000000      -4.041679080589197E-002
   5.18961375000000        6.41022875000000      -3.903981648472645E-002
   5.18961375000000        6.71538250000000      -3.807281645852734E-002
   5.18961375000000        7.02053625000000      -3.742218090572566E-002
   5.18961375000000        7.32569000000000      -3.693413195983693E-002
   5.49476750000000       2.000000000000000E-003 -0.137002064308699     
   5.49476750000000       0.307153750000000      -0.135873832541308     
   5.49476750000000       0.612307500000000      -0.132439636779313     
   5.49476750000000       0.917461250000000      -0.126795560323727     
   5.49476750000000        1.22261500000000      -0.119199672019816     
   5.49476750000000        1.52776875000000      -0.110040905240601     
   5.49476750000000        1.83292250000000      -9.993880811108974E-002
   5.49476750000000        2.13807625000000      -8.973740002771682E-002
   5.49476750000000        2.44323000000000      -8.027083931069318E-002
   5.49476750000000        2.74838375000000      -7.212837913133782E-002
   5.49476750000000        3.05353750000000      -6.556618231843844E-002
   5.49476750000000        3.35869125000000      -6.055882151248870E-002
   5.49476750000000        3.66384500000000      -5.688859359897974E-002
   5.49476750000000        3.96899875000000      -5.421376278384644E-002
   5.49476750000000        4.27415250000000      -5.213783475040647E-002
   5.49476750000000        4.57930625000000      -5.029418664697783E-002
   5.49476750000000        4.88446000000000      -4.842424811556246E-002
   5.49476750000000        5.18961375000000      -4.642726861737774E-002
   5.49476750000000        5.49476750000000      -4.436055981863797E-002
   5.49476750000000        5.79992125000000      -4.238171552221950E-002
   5.49476750000000        6.10507500000000      -4.066113828014661E-002
   5.49476750000000        6.41022875000000      -3.931496460730548E-002
   5.49476750000000        6.71538250000000      -3.837924671056625E-002
   5.49476750000000        7.02053625000000      -3.777078091792620E-002
   5.49476750000000        7.32569000000000      -3.728848269257915E-002
   5.79992125000000       2.000000000000000E-003 -0.126190064184998     
   5.79992125000000       0.307153750000000      -0.124962873777527     
   5.79992125000000       0.612307500000000      -0.121426507731619     
   5.79992125000000       0.917461250000000      -0.115883150363952     
   5.79992125000000        1.22261500000000      -0.108667886482915     
   5.79992125000000        1.52776875000000      -0.100253885127356     
   5.79992125000000        1.83292250000000      -9.131303894703791E-002
   5.79992125000000        2.13807625000000      -8.242357294955989E-002
   5.79992125000000        2.44323000000000      -7.420696304216079E-002
   5.79992125000000        2.74838375000000      -6.711690239498662E-002
   5.79992125000000        3.05353750000000      -6.138404847250754E-002
   5.79992125000000        3.35869125000000      -5.707569008298403E-002
   5.79992125000000        3.66384500000000      -5.409556743916485E-002
   5.79992125000000        3.96899875000000      -5.211357698876642E-002
   5.79992125000000        4.27415250000000      -5.065098619418327E-002
   5.79992125000000        4.57930625000000      -4.929344679078402E-002
   5.79992125000000        4.88446000000000      -4.779686107082878E-002
   5.79992125000000        5.18961375000000      -4.608843460265889E-002
   5.79992125000000        5.49476750000000      -4.423587977365456E-002
   5.79992125000000        5.79992125000000      -4.238658603345920E-002
   5.79992125000000        6.10507500000000      -4.069923394402671E-002
   5.79992125000000        6.41022875000000      -3.939702797176693E-002
   5.79992125000000        6.71538250000000      -3.860823403651276E-002
   5.79992125000000        7.02053625000000      -3.821068449025326E-002
   5.79992125000000        7.32569000000000      -3.786167831848752E-002
   6.10507500000000       2.000000000000000E-003 -0.116828516469055     
   6.10507500000000       0.307153750000000      -0.115274759799368     
   6.10507500000000       0.612307500000000      -0.111168139656215     
   6.10507500000000       0.917461250000000      -0.105466992487416     
   6.10507500000000        1.22261500000000      -9.865332719077932E-002
   6.10507500000000        1.52776875000000      -9.108069392673589E-002
   6.10507500000000        1.83292250000000      -8.323248935108703E-002
   6.10507500000000        2.13807625000000      -7.555207006588746E-002
   6.10507500000000        2.44323000000000      -6.841104639433189E-002
   6.10507500000000        2.74838375000000      -6.208467853590594E-002
   6.10507500000000        3.05353750000000      -5.677015769698518E-002
   6.10507500000000        3.35869125000000      -5.280529829064140E-002
   6.10507500000000        3.66384500000000      -5.050925001552619E-002
   6.10507500000000        3.96899875000000      -4.944684913661899E-002
   6.10507500000000        4.27415250000000      -4.879870352045874E-002
   6.10507500000000        4.57930625000000      -4.801074690385921E-002
   6.10507500000000        4.88446000000000      -4.692207399745967E-002
   6.10507500000000        5.18961375000000      -4.553084802521293E-002
   6.10507500000000        5.49476750000000      -4.392157953112411E-002
   6.10507500000000        5.79992125000000      -4.221089748665481E-002
   6.10507500000000        6.10507500000000      -4.060425353950845E-002
   6.10507500000000        6.41022875000000      -3.941885660525354E-002
   6.10507500000000        6.71538250000000      -3.888767936214445E-002
   6.10507500000000        7.02053625000000      -3.888856052269187E-002
   6.10507500000000        7.32569000000000      -3.876460108040039E-002
   6.41022875000000       2.000000000000000E-003 -0.109819508441251     
   6.41022875000000       0.307153750000000      -0.107411780360155     
   6.41022875000000       0.612307500000000      -0.102151979354841     
   6.41022875000000       0.917461250000000      -9.605702231210474E-002
   6.41022875000000        1.22261500000000      -8.955648314346833E-002
   6.41022875000000        1.52776875000000      -8.282204882202199E-002
   6.41022875000000        1.83292250000000      -7.612320412038504E-002
   6.41022875000000        2.13807625000000      -6.958725488725229E-002
   6.41022875000000        2.44323000000000      -6.331658426786176E-002
   6.41022875000000        2.74838375000000      -5.728229621410546E-002
   6.41022875000000        3.05353750000000      -5.185999091491116E-002
   6.41022875000000        3.35869125000000      -4.817715974596293E-002
   6.41022875000000        3.66384500000000      -4.666369040363147E-002
   6.41022875000000        3.96899875000000      -4.656115205846259E-002
   6.41022875000000        4.27415250000000      -4.672606458460721E-002
   6.41022875000000        4.57930625000000      -4.653189837440297E-002
   6.41022875000000        4.88446000000000      -4.584158155727756E-002
   6.41022875000000        5.18961375000000      -4.477839074036859E-002
   6.41022875000000        5.49476750000000      -4.345540526576951E-002
   6.41022875000000        5.79992125000000      -4.197604292497979E-002
   6.41022875000000        6.10507500000000      -4.056296358411719E-002
   6.41022875000000        6.41022875000000      -3.956286493450697E-002
   6.41022875000000        6.71538250000000      -3.936766910647183E-002
   6.41022875000000        7.02053625000000      -3.999437771593271E-002
   6.41022875000000        7.32569000000000      -4.011049363781426E-002
   6.71538250000000       2.000000000000000E-003 -0.105912744979375     
   6.71538250000000       0.307153750000000      -0.101791104301108     
   6.71538250000000       0.612307500000000      -9.514240703287538E-002
   6.71538250000000       0.917461250000000      -8.847872876654121E-002
   6.71538250000000        1.22261500000000      -8.201239437777479E-002
   6.71538250000000        1.52776875000000      -7.591199569068310E-002
   6.71538250000000        1.83292250000000      -7.023628126084838E-002
   6.71538250000000        2.13807625000000      -6.483854621361601E-002
   6.71538250000000        2.44323000000000      -5.935190310581652E-002
   6.71538250000000        2.74838375000000      -5.361058489419787E-002
   6.71538250000000        3.05353750000000      -4.847298021306183E-002
   6.71538250000000        3.35869125000000      -4.504093239538393E-002
   6.71538250000000        3.66384500000000      -4.431558937257933E-002
   6.71538250000000        3.96899875000000      -4.471636732651408E-002
   6.71538250000000        4.27415250000000      -4.495888376846154E-002
   6.71538250000000        4.57930625000000      -4.499642853942688E-002
   6.71538250000000        4.88446000000000      -4.464478854255587E-002
   6.71538250000000        5.18961375000000      -4.389312808610817E-002
   6.71538250000000        5.49476750000000      -4.290651288149946E-002
   6.71538250000000        5.79992125000000      -4.179055274568887E-002
   6.71538250000000        6.10507500000000      -4.076321344292495E-002
   6.71538250000000        6.41022875000000      -4.012380462531590E-002
   6.71538250000000        6.71538250000000      -4.026468691529103E-002
   6.71538250000000        7.02053625000000      -4.148194441315800E-002
   6.71538250000000        7.32569000000000      -4.174588140661677E-002
   7.02053625000000       2.000000000000000E-003 -0.102437511409429     
   7.02053625000000       0.307153750000000      -9.725734478952532E-002
   7.02053625000000       0.612307500000000      -9.133190475347373E-002
   7.02053625000000       0.917461250000000      -8.350684268823308E-002
   7.02053625000000        1.22261500000000      -7.648855302238648E-002
   7.02053625000000        1.52776875000000      -7.069433611963169E-002
   7.02053625000000        1.83292250000000      -6.579514426659230E-002
   7.02053625000000        2.13807625000000      -6.146514407950421E-002
   7.02053625000000        2.44323000000000      -5.698220228453361E-002
   7.02053625000000        2.74838375000000      -5.250570367312851E-002
   7.02053625000000        3.05353750000000      -4.841253613205187E-002
   7.02053625000000        3.35869125000000      -4.561826844068931E-002
   7.02053625000000        3.66384500000000      -4.587950423859026E-002
   7.02053625000000        3.96899875000000      -4.510168103134984E-002
   7.02053625000000        4.27415250000000      -4.393984944290556E-002
   7.02053625000000        4.57930625000000      -4.366361674145135E-002
   7.02053625000000        4.88446000000000      -4.346292375316623E-002
   7.02053625000000        5.18961375000000      -4.295344922023496E-002
   7.02053625000000        5.49476750000000      -4.228192936321389E-002
   7.02053625000000        5.79992125000000      -4.159811600104425E-002
   7.02053625000000        6.10507500000000      -4.114632984016765E-002
   7.02053625000000        6.41022875000000      -4.118352847013896E-002
   7.02053625000000        6.71538250000000      -4.177811755289160E-002
   7.02053625000000        7.02053625000000      -4.229242196400478E-002
   7.02053625000000        7.32569000000000      -4.221466474666188E-002
   7.32569000000000       2.000000000000000E-003 -9.195061351850453E-002
   7.32569000000000       0.307153750000000      -9.189800975767827E-002
   7.32569000000000       0.612307500000000      -8.794281523200419E-002
   7.32569000000000       0.917461250000000      -7.979036553956786E-002
   7.32569000000000        1.22261500000000      -7.265241826946617E-002
   7.32569000000000        1.52776875000000      -6.709550328930412E-002
   7.32569000000000        1.83292250000000      -6.278075532017770E-002
   7.32569000000000        2.13807625000000      -5.936050292286020E-002
   7.32569000000000        2.44323000000000      -5.626796262024008E-002
   7.32569000000000        2.74838375000000      -5.390507586455916E-002
   7.32569000000000        3.05353750000000      -5.224869119824533E-002
   7.32569000000000        3.35869125000000      -5.058842969633090E-002
   7.32569000000000        3.66384500000000      -4.882934192310864E-002
   7.32569000000000        3.96899875000000      -4.621076388053041E-002
   7.32569000000000        4.27415250000000      -4.382444086357358E-002
   7.32569000000000        4.57930625000000      -4.294840392005896E-002
   7.32569000000000        4.88446000000000      -4.252284594596716E-002
   7.32569000000000        5.18961375000000      -4.202881829332208E-002
   7.32569000000000        5.49476750000000      -4.150869115669539E-002
   7.32569000000000        5.79992125000000      -4.113787681427959E-002
   7.32569000000000        6.10507500000000      -4.111723170817388E-002
   7.32569000000000        6.41022875000000      -4.159526767700582E-002
   7.32569000000000        6.71538250000000      -4.243748474888263E-002
   7.32569000000000        7.02053625000000      -4.255433752129764E-002
   7.32569000000000        7.32569000000000      -4.012250682176489E-002
