  2.000000000000000E-003  2.000000000000000E-003 -0.559656259084175     
  2.000000000000000E-003  0.307153750000000      -0.543295883318938     
  2.000000000000000E-003  0.612307500000000      -0.484261283805516     
  2.000000000000000E-003  0.917461250000000      -0.418340792964913     
  2.000000000000000E-003   1.22261500000000      -0.367288772564300     
  2.000000000000000E-003   1.52776875000000      -0.328569140335477     
  2.000000000000000E-003   1.83292250000000      -0.297603842754053     
  2.000000000000000E-003   2.13807625000000      -0.271672053215931     
  2.000000000000000E-003   2.44323000000000      -0.249495182482265     
  2.000000000000000E-003   2.74838375000000      -0.230462951589415     
  2.000000000000000E-003   3.05353750000000      -0.214687653149686     
  2.000000000000000E-003   3.35869125000000      -0.202763777035369     
  2.000000000000000E-003   3.66384500000000      -0.192923379536686     
  2.000000000000000E-003   3.96899875000000      -0.179017573501292     
  2.000000000000000E-003   4.27415250000000      -0.165852940263582     
  2.000000000000000E-003   4.57930625000000      -0.151358277412881     
  2.000000000000000E-003   4.88446000000000      -0.138265774369261     
  2.000000000000000E-003   5.18961375000000      -0.127759425928545     
  2.000000000000000E-003   5.49476750000000      -0.119654189540413     
  2.000000000000000E-003   5.79992125000000      -0.114088719031446     
  2.000000000000000E-003   6.10507500000000      -0.110780165741193     
  2.000000000000000E-003   6.41022875000000      -0.108975838942023     
  2.000000000000000E-003   6.71538250000000      -0.107525159343058     
  2.000000000000000E-003   7.02053625000000      -0.106063567973519     
  2.000000000000000E-003   7.32569000000000      -0.103045497887031     
  0.307153750000000       2.000000000000000E-003 -0.525776056389567     
  0.307153750000000       0.307153750000000      -0.526914230358615     
  0.307153750000000       0.612307500000000      -0.496093926014195     
  0.307153750000000       0.917461250000000      -0.443569973047427     
  0.307153750000000        1.22261500000000      -0.394171774160751     
  0.307153750000000        1.52776875000000      -0.352807270141361     
  0.307153750000000        1.83292250000000      -0.318156728600559     
  0.307153750000000        2.13807625000000      -0.288604229271368     
  0.307153750000000        2.44323000000000      -0.263315993155518     
  0.307153750000000        2.74838375000000      -0.241119779998858     
  0.307153750000000        3.05353750000000      -0.221897385914237     
  0.307153750000000        3.35869125000000      -0.206863290208665     
  0.307153750000000        3.66384500000000      -0.195867066200657     
  0.307153750000000        3.96899875000000      -0.183082676408634     
  0.307153750000000        4.27415250000000      -0.168956373655182     
  0.307153750000000        4.57930625000000      -0.154533552343631     
  0.307153750000000        4.88446000000000      -0.141498844331143     
  0.307153750000000        5.18961375000000      -0.130831350978003     
  0.307153750000000        5.49476750000000      -0.122415911792921     
  0.307153750000000        5.79992125000000      -0.116371019853016     
  0.307153750000000        6.10507500000000      -0.112431812672479     
  0.307153750000000        6.41022875000000      -0.109855695741856     
  0.307153750000000        6.71538250000000      -0.107437413548927     
  0.307153750000000        7.02053625000000      -0.105571933513034     
  0.307153750000000        7.32569000000000      -0.105398122182205     
  0.612307500000000       2.000000000000000E-003 -0.505145374942158     
  0.612307500000000       0.307153750000000      -0.515335795031491     
  0.612307500000000       0.612307500000000      -0.505226593894580     
  0.612307500000000       0.917461250000000      -0.465632159998453     
  0.612307500000000        1.22261500000000      -0.418477125779633     
  0.612307500000000        1.52776875000000      -0.374674507939980     
  0.612307500000000        1.83292250000000      -0.336370000447599     
  0.612307500000000        2.13807625000000      -0.303733150983067     
  0.612307500000000        2.44323000000000      -0.276013956694885     
  0.612307500000000        2.74838375000000      -0.251715121702339     
  0.612307500000000        3.05353750000000      -0.230489147766620     
  0.612307500000000        3.35869125000000      -0.212839811149607     
  0.612307500000000        3.66384500000000      -0.198467560857730     
  0.612307500000000        3.96899875000000      -0.184760947682350     
  0.612307500000000        4.27415250000000      -0.170461849931692     
  0.612307500000000        4.57930625000000      -0.156455469261306     
  0.612307500000000        4.88446000000000      -0.143862017543046     
  0.612307500000000        5.18961375000000      -0.133379700518460     
  0.612307500000000        5.49476750000000      -0.124825249590899     
  0.612307500000000        5.79992125000000      -0.118253041718389     
  0.612307500000000        6.10507500000000      -0.113533819483250     
  0.612307500000000        6.41022875000000      -0.110110579757828     
  0.612307500000000        6.71538250000000      -0.107403682253334     
  0.612307500000000        7.02053625000000      -0.105839485461812     
  0.612307500000000        7.32569000000000      -0.104153474172321     
  0.917461250000000       2.000000000000000E-003 -0.550579068840596     
  0.917461250000000       0.307153750000000      -0.547129177489419     
  0.917461250000000       0.612307500000000      -0.526562189059162     
  0.917461250000000       0.917461250000000      -0.486368978239306     
  0.917461250000000        1.22261500000000      -0.438479074311168     
  0.917461250000000        1.52776875000000      -0.391973762353358     
  0.917461250000000        1.83292250000000      -0.350491266984565     
  0.917461250000000        2.13807625000000      -0.315763188630958     
  0.917461250000000        2.44323000000000      -0.286130751678058     
  0.917461250000000        2.74838375000000      -0.260239542300446     
  0.917461250000000        3.05353750000000      -0.237637141937914     
  0.917461250000000        3.35869125000000      -0.218092781688173     
  0.917461250000000        3.66384500000000      -0.201176053039781     
  0.917461250000000        3.96899875000000      -0.185815735255348     
  0.917461250000000        4.27415250000000      -0.171273502013896     
  0.917461250000000        4.57930625000000      -0.157726548906828     
  0.917461250000000        4.88446000000000      -0.145735676174101     
  0.917461250000000        5.18961375000000      -0.135507366561950     
  0.917461250000000        5.49476750000000      -0.126930399429851     
  0.917461250000000        5.79992125000000      -0.119918851927630     
  0.917461250000000        6.10507500000000      -0.114491992831745     
  0.917461250000000        6.41022875000000      -0.110352639443238     
  0.917461250000000        6.71538250000000      -0.107209205448640     
  0.917461250000000        7.02053625000000      -0.104734475144958     
  0.917461250000000        7.32569000000000      -0.101524396476719     
   1.22261500000000       2.000000000000000E-003 -0.582472069248937     
   1.22261500000000       0.307153750000000      -0.573149411597917     
   1.22261500000000       0.612307500000000      -0.544496646671454     
   1.22261500000000       0.917461250000000      -0.501166303322719     
   1.22261500000000        1.22261500000000      -0.451544374471486     
   1.22261500000000        1.52776875000000      -0.402873264630488     
   1.22261500000000        1.83292250000000      -0.359866148515511     
   1.22261500000000        2.13807625000000      -0.323767138566731     
   1.22261500000000        2.44323000000000      -0.292600582891258     
   1.22261500000000        2.74838375000000      -0.265400188837509     
   1.22261500000000        3.05353750000000      -0.241694508420191     
   1.22261500000000        3.35869125000000      -0.221082184405065     
   1.22261500000000        3.66384500000000      -0.202937603524216     
   1.22261500000000        3.96899875000000      -0.186693548296033     
   1.22261500000000        4.27415250000000      -0.172023602551359     
   1.22261500000000        4.57930625000000      -0.158903187852728     
   1.22261500000000        4.88446000000000      -0.147347453664567     
   1.22261500000000        5.18961375000000      -0.137330049062648     
   1.22261500000000        5.49476750000000      -0.128760334036474     
   1.22261500000000        5.79992125000000      -0.121473994510375     
   1.22261500000000        6.10507500000000      -0.115439561773985     
   1.22261500000000        6.41022875000000      -0.110542651429690     
   1.22261500000000        6.71538250000000      -0.106532565975524     
   1.22261500000000        7.02053625000000      -0.102948574977825     
   1.22261500000000        7.32569000000000      -9.901380032323519E-002
   1.52776875000000       2.000000000000000E-003 -0.590475407999620     
   1.52776875000000       0.307153750000000      -0.579737410452334     
   1.52776875000000       0.612307500000000      -0.549591645014295     
   1.52776875000000       0.917461250000000      -0.505563669459868     
   1.52776875000000        1.22261500000000      -0.455579504887227     
   1.52776875000000        1.52776875000000      -0.406921434465929     
   1.52776875000000        1.83292250000000      -0.364303276455863     
   1.52776875000000        2.13807625000000      -0.327113609456522     
   1.52776875000000        2.44323000000000      -0.294815610714004     
   1.52776875000000        2.74838375000000      -0.266892609286779     
   1.52776875000000        3.05353750000000      -0.242765661027947     
   1.52776875000000        3.35869125000000      -0.221808003913449     
   1.52776875000000        3.66384500000000      -0.203419706616991     
   1.52776875000000        3.96899875000000      -0.187137809773852     
   1.52776875000000        4.27415250000000      -0.172687229921877     
   1.52776875000000        4.57930625000000      -0.159913267077065     
   1.52776875000000        4.88446000000000      -0.148689929865274     
   1.52776875000000        5.18961375000000      -0.138878960818260     
   1.52776875000000        5.49476750000000      -0.130330709001807     
   1.52776875000000        5.79992125000000      -0.122889121417444     
   1.52776875000000        6.10507500000000      -0.116390967949663     
   1.52776875000000        6.41022875000000      -0.110789703938182     
   1.52776875000000        6.71538250000000      -0.105940786744906     
   1.52776875000000        7.02053625000000      -0.101539549414346     
   1.52776875000000        7.32569000000000      -9.721654858099324E-002
   1.83292250000000       2.000000000000000E-003 -0.580562874550360     
   1.83292250000000       0.307153750000000      -0.570193987079081     
   1.83292250000000       0.612307500000000      -0.540584244571449     
   1.83292250000000       0.917461250000000      -0.498213879125271     
   1.83292250000000        1.22261500000000      -0.451580086752481     
   1.83292250000000        1.52776875000000      -0.405797885625784     
   1.83292250000000        1.83292250000000      -0.363291803183642     
   1.83292250000000        2.13807625000000      -0.325381943901976     
   1.83292250000000        2.44323000000000      -0.292584211952194     
   1.83292250000000        2.74838375000000      -0.264695935746432     
   1.83292250000000        3.05353750000000      -0.240996689444620     
   1.83292250000000        3.35869125000000      -0.220585420599869     
   1.83292250000000        3.66384500000000      -0.202697041272293     
   1.83292250000000        3.96899875000000      -0.186855398970778     
   1.83292250000000        4.27415250000000      -0.172830181438519     
   1.83292250000000        4.57930625000000      -0.160484366361961     
   1.83292250000000        4.88446000000000      -0.149648851580745     
   1.83292250000000        5.18961375000000      -0.140100611277306     
   1.83292250000000        5.49476750000000      -0.131617898213312     
   1.83292250000000        5.79992125000000      -0.124034784142089     
   1.83292250000000        6.10507500000000      -0.117246291491649     
   1.83292250000000        6.41022875000000      -0.111172795682035     
   1.83292250000000        6.71538250000000      -0.105732550579213     
   1.83292250000000        7.02053625000000      -0.100817627955124     
   1.83292250000000        7.32569000000000      -9.626543294880066E-002
   2.13807625000000       2.000000000000000E-003 -0.561532755871331     
   2.13807625000000       0.307153750000000      -0.551703321544300     
   2.13807625000000       0.612307500000000      -0.524840749801780     
   2.13807625000000       0.917461250000000      -0.486738457889730     
   2.13807625000000        1.22261500000000      -0.443179952571828     
   2.13807625000000        1.52776875000000      -0.398645827036021     
   2.13807625000000        1.83292250000000      -0.356383530752751     
   2.13807625000000        2.13807625000000      -0.318559738901028     
   2.13807625000000        2.44323000000000      -0.286200871315429     
   2.13807625000000        2.74838375000000      -0.259209210758519     
   2.13807625000000        3.05353750000000      -0.236681578776105     
   2.13807625000000        3.35869125000000      -0.217451398678190     
   2.13807625000000        3.66384500000000      -0.200576851769729     
   2.13807625000000        3.96899875000000      -0.185549335462586     
   2.13807625000000        4.27415250000000      -0.172196543438084     
   2.13807625000000        4.57930625000000      -0.160438212215703     
   2.13807625000000        4.88446000000000      -0.150100426570635     
   2.13807625000000        5.18961375000000      -0.140898311872424     
   2.13807625000000        5.49476750000000      -0.132546759168916     
   2.13807625000000        5.79992125000000      -0.124872381199820     
   2.13807625000000        6.10507500000000      -0.117835608724365     
   2.13807625000000        6.41022875000000      -0.111465319612767     
   2.13807625000000        6.71538250000000      -0.105768056752073     
   2.13807625000000        7.02053625000000      -0.100672039427040     
   2.13807625000000        7.32569000000000      -9.604140123348547E-002
   2.44323000000000       2.000000000000000E-003 -0.553056170045326     
   2.44323000000000       0.307153750000000      -0.542092431481687     
   2.44323000000000       0.612307500000000      -0.512539840744645     
   2.44323000000000       0.917461250000000      -0.472911047937807     
   2.44323000000000        1.22261500000000      -0.429203186546144     
   2.44323000000000        1.52776875000000      -0.385250240354062     
   2.44323000000000        1.83292250000000      -0.343926291473987     
   2.44323000000000        2.13807625000000      -0.307325614784365     
   2.44323000000000        2.44323000000000      -0.276473971774087     
   2.44323000000000        2.74838375000000      -0.251191515118434     
   2.44323000000000        3.05353750000000      -0.230400398591188     
   2.44323000000000        3.35869125000000      -0.212750066009030     
   2.44323000000000        3.66384500000000      -0.197193841825893     
   2.44323000000000        3.96899875000000      -0.183224711852724     
   2.44323000000000        4.27415250000000      -0.170735988746665     
   2.44323000000000        4.57930625000000      -0.159705328422400     
   2.44323000000000        4.88446000000000      -0.149961880166151     
   2.44323000000000        5.18961375000000      -0.141175668010507     
   2.44323000000000        5.49476750000000      -0.133016956715036     
   2.44323000000000        5.79992125000000      -0.125316694542866     
   2.44323000000000        6.10507500000000      -0.118104575506722     
   2.44323000000000        6.41022875000000      -0.111525382396605     
   2.44323000000000        6.71538250000000      -0.105710509352750     
   2.44323000000000        7.02053625000000      -0.100654071306463     
   2.44323000000000        7.32569000000000      -9.613029855592786E-002
   2.74838375000000       2.000000000000000E-003 -0.545027799371511     
   2.74838375000000       0.307153750000000      -0.533721786128625     
   2.74838375000000       0.612307500000000      -0.501950043414030     
   2.74838375000000       0.917461250000000      -0.457202852749867     
   2.74838375000000        1.22261500000000      -0.410570627256456     
   2.74838375000000        1.52776875000000      -0.366909614889339     
   2.74838375000000        1.83292250000000      -0.327331440751107     
   2.74838375000000        2.13807625000000      -0.293011271090433     
   2.74838375000000        2.44323000000000      -0.264544505087286     
   2.74838375000000        2.74838375000000      -0.241542021161057     
   2.74838375000000        3.05353750000000      -0.222804158045213     
   2.74838375000000        3.35869125000000      -0.206911580179083     
   2.74838375000000        3.66384500000000      -0.192807090344517     
   2.74838375000000        3.96899875000000      -0.180025153923438     
   2.74838375000000        4.27415250000000      -0.168519283548797     
   2.74838375000000        4.57930625000000      -0.158304614028440     
   2.74838375000000        4.88446000000000      -0.149206335581542     
   2.74838375000000        5.18961375000000      -0.140866053422938     
   2.74838375000000        5.49476750000000      -0.132935582378691     
   2.74838375000000        5.79992125000000      -0.125262691631741     
   2.74838375000000        6.10507500000000      -0.117934241244062     
   2.74838375000000        6.41022875000000      -0.111194408983482     
   2.74838375000000        6.71538250000000      -0.105370138207075     
   2.74838375000000        7.02053625000000      -0.100655004534018     
   2.74838375000000        7.32569000000000      -9.656489692417736E-002
   3.05353750000000       2.000000000000000E-003 -0.530877777246206     
   3.05353750000000       0.307153750000000      -0.520128598225237     
   3.05353750000000       0.612307500000000      -0.486951121964584     
   3.05353750000000       0.917461250000000      -0.439297794929287     
   3.05353750000000        1.22261500000000      -0.389287157582824     
   3.05353750000000        1.52776875000000      -0.345715715783510     
   3.05353750000000        1.83292250000000      -0.308471964367336     
   3.05353750000000        2.13807625000000      -0.277106532033957     
   3.05353750000000        2.44323000000000      -0.251505881815653     
   3.05353750000000        2.74838375000000      -0.231024212724210     
   3.05353750000000        3.05353750000000      -0.214414910227260     
   3.05353750000000        3.35869125000000      -0.200296030162575     
   3.05353750000000        3.66384500000000      -0.187672089266810     
   3.05353750000000        3.96899875000000      -0.176134511959321     
   3.05353750000000        4.27415250000000      -0.165672190137745     
   3.05353750000000        4.57930625000000      -0.156307011603703     
   3.05353750000000        4.88446000000000      -0.147853113889425     
   3.05353750000000        5.18961375000000      -0.139946181695360     
   3.05353750000000        5.49476750000000      -0.132250475709038     
   3.05353750000000        5.79992125000000      -0.124637085592708     
   3.05353750000000        6.10507500000000      -0.117203806442871     
   3.05353750000000        6.41022875000000      -0.110216952362282     
   3.05353750000000        6.71538250000000      -0.104324308856506     
   3.05353750000000        7.02053625000000      -0.100166608346927     
   3.05353750000000        7.32569000000000      -9.690800670229645E-002
   3.35869125000000       2.000000000000000E-003 -0.510524231430796     
   3.35869125000000       0.307153750000000      -0.503257229475081     
   3.35869125000000       0.612307500000000      -0.468636324800556     
   3.35869125000000       0.917461250000000      -0.417265143824761     
   3.35869125000000        1.22261500000000      -0.365915246844459     
   3.35869125000000        1.52776875000000      -0.323023394915076     
   3.35869125000000        1.83292250000000      -0.288679666689344     
   3.35869125000000        2.13807625000000      -0.260629058479341     
   3.35869125000000        2.44323000000000      -0.238050488768966     
   3.35869125000000        2.74838375000000      -0.220096931860075     
   3.35869125000000        3.05353750000000      -0.205555786989478     
   3.35869125000000        3.35869125000000      -0.193157031695137     
   3.35869125000000        3.66384500000000      -0.182002673153866     
   3.35869125000000        3.96899875000000      -0.171730211345069     
   3.35869125000000        4.27415250000000      -0.162328297909922     
   3.35869125000000        4.57930625000000      -0.153798979888792     
   3.35869125000000        4.88446000000000      -0.145949211678747     
   3.35869125000000        5.18961375000000      -0.138438821798177     
   3.35869125000000        5.49476750000000      -0.130976697071605     
   3.35869125000000        5.79992125000000      -0.123461624252408     
   3.35869125000000        6.10507500000000      -0.115933802650616     
   3.35869125000000        6.41022875000000      -0.108605683486283     
   3.35869125000000        6.71538250000000      -0.102340877928666     
   3.35869125000000        7.02053625000000      -9.853993649200402E-002
   3.35869125000000        7.32569000000000      -9.622966827843400E-002
   3.66384500000000       2.000000000000000E-003 -0.472463769527670     
   3.66384500000000       0.307153750000000      -0.472431975893286     
   3.66384500000000       0.612307500000000      -0.437895823811977     
   3.66384500000000       0.917461250000000      -0.387023455898664     
   3.66384500000000        1.22261500000000      -0.338244946036657     
   3.66384500000000        1.52776875000000      -0.298681973436117     
   3.66384500000000        1.83292250000000      -0.268245164070486     
   3.66384500000000        2.13807625000000      -0.243872038712802     
   3.66384500000000        2.44323000000000      -0.224409486838133     
   3.66384500000000        2.74838375000000      -0.208963856593372     
   3.66384500000000        3.05353750000000      -0.196434149487775     
   3.66384500000000        3.35869125000000      -0.185706926716310     
   3.66384500000000        3.66384500000000      -0.175997000296523     
   3.66384500000000        3.96899875000000      -0.166974967255656     
   3.66384500000000        4.27415250000000      -0.158605133485719     
   3.66384500000000        4.57930625000000      -0.150859619183098     
   3.66384500000000        4.88446000000000      -0.143554216526872     
   3.66384500000000        5.18961375000000      -0.136405454749175     
   3.66384500000000        5.49476750000000      -0.129197294794483     
   3.66384500000000        5.79992125000000      -0.121873533003660     
   3.66384500000000        6.10507500000000      -0.114427513238889     
   3.66384500000000        6.41022875000000      -0.107031387286485     
   3.66384500000000        6.71538250000000      -0.100573207692596     
   3.66384500000000        7.02053625000000      -9.688799913969486E-002
   3.66384500000000        7.32569000000000      -9.547885382778336E-002
   3.96899875000000       2.000000000000000E-003 -0.408525598599037     
   3.96899875000000       0.307153750000000      -0.406637995511661     
   3.96899875000000       0.612307500000000      -0.383014404765816     
   3.96899875000000       0.917461250000000      -0.343879661819848     
   3.96899875000000        1.22261500000000      -0.304389690984435     
   3.96899875000000        1.52776875000000      -0.272025505592110     
   3.96899875000000        1.83292250000000      -0.246904504037602     
   3.96899875000000        2.13807625000000      -0.226753403870149     
   3.96899875000000        2.44323000000000      -0.210639422166249     
   3.96899875000000        2.74838375000000      -0.197794774424958     
   3.96899875000000        3.05353750000000      -0.187290092272587     
   3.96899875000000        3.35869125000000      -0.178199514587349     
   3.96899875000000        3.66384500000000      -0.169871830178514     
   3.96899875000000        3.96899875000000      -0.162022040325358     
   3.96899875000000        4.27415250000000      -0.154595629840799     
   3.96899875000000        4.57930625000000      -0.147547161248530     
   3.96899875000000        4.88446000000000      -0.140724131477768     
   3.96899875000000        5.18961375000000      -0.133924000844334     
   3.96899875000000        5.49476750000000      -0.127024456678163     
   3.96899875000000        5.79992125000000      -0.120039046724124     
   3.96899875000000        6.10507500000000      -0.113011324800946     
   3.96899875000000        6.41022875000000      -0.106152860619999     
   3.96899875000000        6.71538250000000      -0.100403775064807     
   3.96899875000000        7.02053625000000      -9.719090934898794E-002
   3.96899875000000        7.32569000000000      -9.541953772582797E-002
   4.27415250000000       2.000000000000000E-003 -0.329920361084879     
   4.27415250000000       0.307153750000000      -0.327958162517643     
   4.27415250000000       0.612307500000000      -0.315699286580136     
   4.27415250000000       0.917461250000000      -0.292622247539274     
   4.27415250000000        1.22261500000000      -0.266406752811021     
   4.27415250000000        1.52776875000000      -0.243609626152564     
   4.27415250000000        1.83292250000000      -0.224831486040324     
   4.27415250000000        2.13807625000000      -0.209453230716216     
   4.27415250000000        2.44323000000000      -0.197008106981087     
   4.27415250000000        2.74838375000000      -0.186922997807078     
   4.27415250000000        3.05353750000000      -0.178466717611567     
   4.27415250000000        3.35869125000000      -0.170932177795131     
   4.27415250000000        3.66384500000000      -0.163841838137076     
   4.27415250000000        3.96899875000000      -0.156995724458482     
   4.27415250000000        4.27415250000000      -0.150356420599615     
   4.27415250000000        4.57930625000000      -0.143890755711038     
   4.27415250000000        4.88446000000000      -0.137498146353559     
   4.27415250000000        5.18961375000000      -0.131062401023382     
   4.27415250000000        5.49476750000000      -0.124547701561931     
   4.27415250000000        5.79992125000000      -0.118033984575472     
   4.27415250000000        6.10507500000000      -0.111661333338484     
   4.27415250000000        6.41022875000000      -0.105655334393965     
   4.27415250000000        6.71538250000000      -0.100789729659680     
   4.27415250000000        7.02053625000000      -9.770608764419454E-002
   4.27415250000000        7.32569000000000      -9.533166688160104E-002
   4.57930625000000       2.000000000000000E-003 -0.261737489814455     
   4.57930625000000       0.307153750000000      -0.260720497821686     
   4.57930625000000       0.612307500000000      -0.255407807742631     
   4.57930625000000       0.917461250000000      -0.244159661404785     
   4.57930625000000        1.22261500000000      -0.229640695334725     
   4.57930625000000        1.52776875000000      -0.215529339016804     
   4.57930625000000        1.83292250000000      -0.203163824718690     
   4.57930625000000        2.13807625000000      -0.192762527205726     
   4.57930625000000        2.44323000000000      -0.184128850771112     
   4.57930625000000        2.74838375000000      -0.176825476455622     
   4.57930625000000        3.05353750000000      -0.170313421386245     
   4.57930625000000        3.35869125000000      -0.164133489163394     
   4.57930625000000        3.66384500000000      -0.158030001900615     
   4.57930625000000        3.96899875000000      -0.151941466747827     
   4.57930625000000        4.27415250000000      -0.145894154850476     
   4.57930625000000        4.57930625000000      -0.139895802868238     
   4.57930625000000        4.88446000000000      -0.133903041706248     
   4.57930625000000        5.18961375000000      -0.127869123179666     
   4.57930625000000        5.49476750000000      -0.121813375861947     
   4.57930625000000        5.79992125000000      -0.115843266186289     
   4.57930625000000        6.10507500000000      -0.110124029507294     
   4.57930625000000        6.41022875000000      -0.104864382006295     
   4.57930625000000        6.71538250000000      -0.100432493105846     
   4.57930625000000        7.02053625000000      -9.703145362240387E-002
   4.57930625000000        7.32569000000000      -9.396263657638443E-002
   4.88446000000000       2.000000000000000E-003 -0.212574221961351     
   4.88446000000000       0.307153750000000      -0.212353387987430     
   4.88446000000000       0.612307500000000      -0.210392713588356     
   4.88446000000000       0.917461250000000      -0.205089462572363     
   4.88446000000000        1.22261500000000      -0.197826812374798     
   4.88446000000000        1.52776875000000      -0.190376935539812     
   4.88446000000000        1.83292250000000      -0.183651392836245     
   4.88446000000000        2.13807625000000      -0.177838642445160     
   4.88446000000000        2.44323000000000      -0.172714903244263     
   4.88446000000000        2.74838375000000      -0.167886113640225     
   4.88446000000000        3.05353750000000      -0.162987740673260     
   4.88446000000000        3.35869125000000      -0.157822893431803     
   4.88446000000000        3.66384500000000      -0.152388998059823     
   4.88446000000000        3.96899875000000      -0.146799384156130     
   4.88446000000000        4.27415250000000      -0.141171967901676     
   4.88446000000000        4.57930625000000      -0.135562310626326     
   4.88446000000000        4.88446000000000      -0.129967984637199     
   4.88446000000000        5.18961375000000      -0.124380702655557     
   4.88446000000000        5.49476750000000      -0.118838189464364     
   4.88446000000000        5.79992125000000      -0.113433975937443     
   4.88446000000000        6.10507500000000      -0.108291009647042     
   4.88446000000000        6.41022875000000      -0.103537773898226     
   4.88446000000000        6.71538250000000      -9.929654286337300E-002
   4.88446000000000        7.02053625000000      -9.558762533261049E-002
   4.88446000000000        7.32569000000000      -9.209716802642416E-002
   5.18961375000000       2.000000000000000E-003 -0.179319098775029     
   5.18961375000000       0.307153750000000      -0.179009382923029     
   5.18961375000000       0.612307500000000      -0.177824356489723     
   5.18961375000000       0.917461250000000      -0.175628461165594     
   5.18961375000000        1.22261500000000      -0.172876550232455     
   5.18961375000000        1.52776875000000      -0.170168785444020     
   5.18961375000000        1.83292250000000      -0.167777135347741     
   5.18961375000000        2.13807625000000      -0.165563036801788     
   5.18961375000000        2.44323000000000      -0.163143227852024     
   5.18961375000000        2.74838375000000      -0.160128776720058     
   5.18961375000000        3.05353750000000      -0.156318374188679     
   5.18961375000000        3.35869125000000      -0.151767667557268     
   5.18961375000000        3.66384500000000      -0.146718031202797     
   5.18961375000000        3.96899875000000      -0.141448746234405     
   5.18961375000000        4.27415250000000      -0.136155388765671     
   5.18961375000000        4.57930625000000      -0.130918008278526     
   5.18961375000000        4.88446000000000      -0.125745242222742     
   5.18961375000000        5.18961375000000      -0.120638989901815     
   5.18961375000000        5.49476750000000      -0.115633271135366     
   5.18961375000000        5.79992125000000      -0.110790605090039     
   5.18961375000000        6.10507500000000      -0.106174738680452     
   5.18961375000000        6.41022875000000      -0.101828916314845     
   5.18961375000000        6.71538250000000      -9.776623944480838E-002
   5.18961375000000        7.02053625000000      -9.395338280817259E-002
   5.18961375000000        7.32569000000000      -9.029946109358435E-002
   5.49476750000000       2.000000000000000E-003 -0.155644784769663     
   5.49476750000000       0.307153750000000      -0.155401794338978     
   5.49476750000000       0.612307500000000      -0.155065682286770     
   5.49476750000000       0.917461250000000      -0.155004809947924     
   5.49476750000000        1.22261500000000      -0.155200624625800     
   5.49476750000000        1.52776875000000      -0.155573093902176     
   5.49476750000000        1.83292250000000      -0.155971117764827     
   5.49476750000000        2.13807625000000      -0.156004736449113     
   5.49476750000000        2.44323000000000      -0.155183122511417     
   5.49476750000000        2.74838375000000      -0.153151995984535     
   5.49476750000000        3.05353750000000      -0.149866375194848     
   5.49476750000000        3.35869125000000      -0.145597939388861     
   5.49476750000000        3.66384500000000      -0.140781841775128     
   5.49476750000000        3.96899875000000      -0.135805046470775     
   5.49476750000000        4.27415250000000      -0.130878731636894     
   5.49476750000000        4.57930625000000      -0.126057299439891     
   5.49476750000000        4.88446000000000      -0.121333292275534     
   5.49476750000000        5.18961375000000      -0.116711114717258     
   5.49476750000000        5.49476750000000      -0.112225705718817     
   5.49476750000000        5.79992125000000      -0.107921019323149     
   5.49476750000000        6.10507500000000      -0.103818405243047     
   5.49476750000000        6.41022875000000      -9.989708452088800E-002
   5.49476750000000        6.71538250000000      -9.609762473931836E-002
   5.49476750000000        7.02053625000000      -9.236743603592504E-002
   5.49476750000000        7.32569000000000      -8.871451701398490E-002
   5.79992125000000       2.000000000000000E-003 -0.143279687125762     
   5.79992125000000       0.307153750000000      -0.142773645320426     
   5.79992125000000       0.612307500000000      -0.141945929573883     
   5.79992125000000       0.917461250000000      -0.142065336384999     
   5.79992125000000        1.22261500000000      -0.143538160380059     
   5.79992125000000        1.52776875000000      -0.145701313559958     
   5.79992125000000        1.83292250000000      -0.147454686107935     
   5.79992125000000        2.13807625000000      -0.148414982452865     
   5.79992125000000        2.44323000000000      -0.148139803441373     
   5.79992125000000        2.74838375000000      -0.146365210794252     
   5.79992125000000        3.05353750000000      -0.143179657061348     
   5.79992125000000        3.35869125000000      -0.139015085077981     
   5.79992125000000        3.66384500000000      -0.134449342360855     
   5.79992125000000        3.96899875000000      -0.129903717064595     
   5.79992125000000        4.27415250000000      -0.125492162019353     
   5.79992125000000        4.57930625000000      -0.121163049895272     
   5.79992125000000        4.88446000000000      -0.116885648295950     
   5.79992125000000        5.18961375000000      -0.112696823467758     
   5.79992125000000        5.49476750000000      -0.108666683514028     
   5.79992125000000        5.79992125000000      -0.104854811984560     
   5.79992125000000        6.10507500000000      -0.101276537386452     
   5.79992125000000        6.41022875000000      -9.785974733075843E-002
   5.79992125000000        6.71538250000000      -9.444489290564266E-002
   5.79992125000000        7.02053625000000      -9.091784165553497E-002
   5.79992125000000        7.32569000000000      -8.731879578768370E-002
   6.10507500000000       2.000000000000000E-003 -0.139501863499009     
   6.10507500000000       0.307153750000000      -0.138277041245971     
   6.10507500000000       0.612307500000000      -0.136201319478527     
   6.10507500000000       0.917461250000000      -0.135472708414770     
   6.10507500000000        1.22261500000000      -0.136572644759046     
   6.10507500000000        1.52776875000000      -0.138806829974794     
   6.10507500000000        1.83292250000000      -0.140842489503637     
   6.10507500000000        2.13807625000000      -0.141759468831920     
   6.10507500000000        2.44323000000000      -0.141323563293253     
   6.10507500000000        2.74838375000000      -0.139379531751899     
   6.10507500000000        3.05353750000000      -0.136067718084960     
   6.10507500000000        3.35869125000000      -0.131902138197113     
   6.10507500000000        3.66384500000000      -0.127690050872058     
   6.10507500000000        3.96899875000000      -0.123896471726646     
   6.10507500000000        4.27415250000000      -0.120280560568495     
   6.10507500000000        4.57930625000000      -0.116509161703824     
   6.10507500000000        4.88446000000000      -0.112595922883696     
   6.10507500000000        5.18961375000000      -0.108711228020798     
   6.10507500000000        5.49476750000000      -0.105013850275066     
   6.10507500000000        5.79992125000000      -0.101614862518213     
   6.10507500000000        6.10507500000000      -9.857966332822697E-002
   6.10507500000000        6.41022875000000      -9.574864774296797E-002
   6.10507500000000        6.71538250000000      -9.283549220879084E-002
   6.10507500000000        7.02053625000000      -8.961185823589286E-002
   6.10507500000000        7.32569000000000      -8.610436204766350E-002
   6.41022875000000       2.000000000000000E-003 -0.138748428226441     
   6.41022875000000       0.307153750000000      -0.136642578620224     
   6.41022875000000       0.612307500000000      -0.133761148093327     
   6.41022875000000       0.917461250000000      -0.132539021856054     
   6.41022875000000        1.22261500000000      -0.132692396963294     
   6.41022875000000        1.52776875000000      -0.133801444060224     
   6.41022875000000        1.83292250000000      -0.135038040691952     
   6.41022875000000        2.13807625000000      -0.135356747201956     
   6.41022875000000        2.44323000000000      -0.134479162294396     
   6.41022875000000        2.74838375000000      -0.132287053943175     
   6.41022875000000        3.05353750000000      -0.128642440400910     
   6.41022875000000        3.35869125000000      -0.124255296575037     
   6.41022875000000        3.66384500000000      -0.120651484733221     
   6.41022875000000        3.96899875000000      -0.118208011289780     
   6.41022875000000        4.27415250000000      -0.115761123803832     
   6.41022875000000        4.57930625000000      -0.112477836007949     
   6.41022875000000        4.88446000000000      -0.108659249979696     
   6.41022875000000        5.18961375000000      -0.104843425176135     
   6.41022875000000        5.49476750000000      -0.101293007608857     
   6.41022875000000        5.79992125000000      -9.820578630338457E-002
   6.41022875000000        6.10507500000000      -9.568328627893358E-002
   6.41022875000000        6.41022875000000      -9.346934811262143E-002
   6.41022875000000        6.71538250000000      -9.113587472710624E-002
   6.41022875000000        7.02053625000000      -8.831479820963242E-002
   6.41022875000000        7.32569000000000      -8.502373883670369E-002
   6.71538250000000       2.000000000000000E-003 -0.134824604325408     
   6.71538250000000       0.307153750000000      -0.132273327687483     
   6.71538250000000       0.612307500000000      -0.132323498852912     
   6.71538250000000       0.917461250000000      -0.132157081346330     
   6.71538250000000        1.22261500000000      -0.130823462522148     
   6.71538250000000        1.52776875000000      -0.129964016857035     
   6.71538250000000        1.83292250000000      -0.129661816493807     
   6.71538250000000        2.13807625000000      -0.129106464003984     
   6.71538250000000        2.44323000000000      -0.127826988158682     
   6.71538250000000        2.74838375000000      -0.125422160917036     
   6.71538250000000        3.05353750000000      -0.121371952689976     
   6.71538250000000        3.35869125000000      -0.116921815494182     
   6.71538250000000        3.66384500000000      -0.114397224956821     
   6.71538250000000        3.96899875000000      -0.113993535409313     
   6.71538250000000        4.27415250000000      -0.112755123195733     
   6.71538250000000        4.57930625000000      -0.109468379769049     
   6.71538250000000        4.88446000000000      -0.105181124659288     
   6.71538250000000        5.18961375000000      -0.101100881015517     
   6.71538250000000        5.49476750000000      -9.748987150484684E-002
   6.71538250000000        5.79992125000000      -9.461248401119109E-002
   6.71538250000000        6.10507500000000      -9.251609392076318E-002
   6.71538250000000        6.41022875000000      -9.088010093599842E-002
   6.71538250000000        6.71538250000000      -8.909525678715405E-002
   6.71538250000000        7.02053625000000      -8.674044017990452E-002
   6.71538250000000        7.32569000000000      -8.397101810456870E-002
   7.02053625000000       2.000000000000000E-003 -0.132403676877298     
   7.02053625000000       0.307153750000000      -0.131195611256652     
   7.02053625000000       0.612307500000000      -0.136789752650742     
   7.02053625000000       0.917461250000000      -0.134653453566075     
   7.02053625000000        1.22261500000000      -0.129940677500208     
   7.02053625000000        1.52776875000000      -0.126556329916561     
   7.02053625000000        1.83292250000000      -0.124608327924254     
   7.02053625000000        2.13807625000000      -0.123177034631849     
   7.02053625000000        2.44323000000000      -0.121654420835339     
   7.02053625000000        2.74838375000000      -0.119202880811870     
   7.02053625000000        3.05353750000000      -0.115625673299926     
   7.02053625000000        3.35869125000000      -0.112257147467499     
   7.02053625000000        3.66384500000000      -0.111058692595068     
   7.02053625000000        3.96899875000000      -0.112141280239444     
   7.02053625000000        4.27415250000000      -0.111185966551540     
   7.02053625000000        4.57930625000000      -0.107072693210528     
   7.02053625000000        4.88446000000000      -0.101941971166418     
   7.02053625000000        5.18961375000000      -9.736476790155438E-002
   7.02053625000000        5.49476750000000      -9.360826654748264E-002
   7.02053625000000        5.79992125000000      -9.085374160889471E-002
   7.02053625000000        6.10507500000000      -8.907799518535038E-002
   7.02053625000000        6.41022875000000      -8.798455765980023E-002
   7.02053625000000        6.71538250000000      -8.683732209373497E-002
   7.02053625000000        7.02053625000000      -8.512870997992786E-002
   7.02053625000000        7.32569000000000      -8.283814686153709E-002
   7.32569000000000       2.000000000000000E-003 -0.130346548398839     
   7.32569000000000       0.307153750000000      -0.143357935906271     
   7.32569000000000       0.612307500000000      -0.143771862599246     
   7.32569000000000       0.917461250000000      -0.134966980956528     
   7.32569000000000        1.22261500000000      -0.127268418633191     
   7.32569000000000        1.52776875000000      -0.122399998543463     
   7.32569000000000        1.83292250000000      -0.119521560969918     
   7.32569000000000        2.13807625000000      -0.117579223915544     
   7.32569000000000        2.44323000000000      -0.115902340662049     
   7.32569000000000        2.74838375000000      -0.113805746703610     
   7.32569000000000        3.05353750000000      -0.111562435166999     
   7.32569000000000        3.35869125000000      -0.110306628640022     
   7.32569000000000        3.66384500000000      -0.108684664374045     
   7.32569000000000        3.96899875000000      -0.109505328726276     
   7.32569000000000        4.27415250000000      -0.108496133897561     
   7.32569000000000        4.57930625000000      -0.103754546584533     
   7.32569000000000        4.88446000000000      -9.820687264328885E-002
   7.32569000000000        5.18961375000000      -9.343744000988340E-002
   7.32569000000000        5.49476750000000      -8.967084130983428E-002
   7.32569000000000        5.79992125000000      -8.701158661360565E-002
   7.32569000000000        6.10507500000000      -8.545960414768351E-002
   7.32569000000000        6.41022875000000      -8.485127646540495E-002
   7.32569000000000        6.71538250000000      -8.465436219645023E-002
   7.32569000000000        7.02053625000000      -8.353842686189945E-002
   7.32569000000000        7.32569000000000      -8.091184391310643E-002
