  2.000000000000000E-003  2.000000000000000E-003 -0.232227924911460     
  2.000000000000000E-003  0.307153750000000      -0.238601977748323     
  2.000000000000000E-003  0.612307500000000      -0.232597748944946     
  2.000000000000000E-003  0.917461250000000      -0.227401124903697     
  2.000000000000000E-003   1.22261500000000      -0.218857705233323     
  2.000000000000000E-003   1.52776875000000      -0.208172324054342     
  2.000000000000000E-003   1.83292250000000      -0.196832193639076     
  2.000000000000000E-003   2.13807625000000      -0.185595129266774     
  2.000000000000000E-003   2.44323000000000      -0.174520426587472     
  2.000000000000000E-003   2.74838375000000      -0.163818792959460     
  2.000000000000000E-003   3.05353750000000      -0.155626301248156     
  2.000000000000000E-003   3.35869125000000      -0.153297077543180     
  2.000000000000000E-003   3.66384500000000      -0.152743519373653     
  2.000000000000000E-003   3.96899875000000      -0.146363157885626     
  2.000000000000000E-003   4.27415250000000      -0.139028680747863     
  2.000000000000000E-003   4.57930625000000      -0.129150434626869     
  2.000000000000000E-003   4.88446000000000      -0.119426508411135     
  2.000000000000000E-003   5.18961375000000      -0.111125135922666     
  2.000000000000000E-003   5.49476750000000      -0.104219333512534     
  2.000000000000000E-003   5.79992125000000      -9.892217457029369E-002
  2.000000000000000E-003   6.10507500000000      -9.508010503370655E-002
  2.000000000000000E-003   6.41022875000000      -9.235819295493185E-002
  2.000000000000000E-003   6.71538250000000      -9.031243107256240E-002
  2.000000000000000E-003   7.02053625000000      -8.872372220540638E-002
  2.000000000000000E-003   7.32569000000000      -8.800307059200366E-002
  0.307153750000000       2.000000000000000E-003 -0.239469963095323     
  0.307153750000000       0.307153750000000      -0.246712077832063     
  0.307153750000000       0.612307500000000      -0.247750969434342     
  0.307153750000000       0.917461250000000      -0.243723339735321     
  0.307153750000000        1.22261500000000      -0.234984670599368     
  0.307153750000000        1.52776875000000      -0.223872227358288     
  0.307153750000000        1.83292250000000      -0.211958721567091     
  0.307153750000000        2.13807625000000      -0.199836038323732     
  0.307153750000000        2.44323000000000      -0.187773891504925     
  0.307153750000000        2.74838375000000      -0.175817551930187     
  0.307153750000000        3.05353750000000      -0.165816407663856     
  0.307153750000000        3.35869125000000      -0.160524511213528     
  0.307153750000000        3.66384500000000      -0.158258199176716     
  0.307153750000000        3.96899875000000      -0.152440270461326     
  0.307153750000000        4.27415250000000      -0.143989927758092     
  0.307153750000000        4.57930625000000      -0.133937175226302     
  0.307153750000000        4.88446000000000      -0.124148987720194     
  0.307153750000000        5.18961375000000      -0.115683375417006     
  0.307153750000000        5.49476750000000      -0.108583910821810     
  0.307153750000000        5.79992125000000      -0.103127102667455     
  0.307153750000000        6.10507500000000      -9.918581780594718E-002
  0.307153750000000        6.41022875000000      -9.640434145338594E-002
  0.307153750000000        6.71538250000000      -9.423342796819009E-002
  0.307153750000000        7.02053625000000      -9.265502374334721E-002
  0.307153750000000        7.32569000000000      -9.012050852027537E-002
  0.612307500000000       2.000000000000000E-003 -0.257279160186699     
  0.612307500000000       0.307153750000000      -0.261019186411407     
  0.612307500000000       0.612307500000000      -0.263377791025036     
  0.612307500000000       0.917461250000000      -0.259314560177349     
  0.612307500000000        1.22261500000000      -0.250588615358069     
  0.612307500000000        1.52776875000000      -0.239602816046712     
  0.612307500000000        1.83292250000000      -0.227562457132257     
  0.612307500000000        2.13807625000000      -0.215072658597172     
  0.612307500000000        2.44323000000000      -0.202576185173873     
  0.612307500000000        2.74838375000000      -0.190078795148162     
  0.612307500000000        3.05353750000000      -0.178927026673238     
  0.612307500000000        3.35869125000000      -0.170520620613026     
  0.612307500000000        3.66384500000000      -0.164249079590186     
  0.612307500000000        3.96899875000000      -0.157086822156212     
  0.612307500000000        4.27415250000000      -0.148013909679984     
  0.612307500000000        4.57930625000000      -0.138072386119891     
  0.612307500000000        4.88446000000000      -0.128576160856137     
  0.612307500000000        5.18961375000000      -0.120184626817043     
  0.612307500000000        5.49476750000000      -0.113063797982385     
  0.612307500000000        5.79992125000000      -0.107453120636665     
  0.612307500000000        6.10507500000000      -0.103350000926712     
  0.612307500000000        6.41022875000000      -0.100392953760256     
  0.612307500000000        6.71538250000000      -9.786448776539522E-002
  0.612307500000000        7.02053625000000      -9.471794537699227E-002
  0.612307500000000        7.32569000000000      -9.054373871114132E-002
  0.917461250000000       2.000000000000000E-003 -0.286680432808778     
  0.917461250000000       0.307153750000000      -0.287003703136946     
  0.917461250000000       0.612307500000000      -0.285245240389206     
  0.917461250000000       0.917461250000000      -0.278901629548569     
  0.917461250000000        1.22261500000000      -0.268901737609923     
  0.917461250000000        1.52776875000000      -0.256978446970477     
  0.917461250000000        1.83292250000000      -0.244093064810292     
  0.917461250000000        2.13807625000000      -0.230885366764738     
  0.917461250000000        2.44323000000000      -0.217731753704419     
  0.917461250000000        2.74838375000000      -0.204722901292818     
  0.917461250000000        3.05353750000000      -0.192428201185359     
  0.917461250000000        3.35869125000000      -0.181558643206989     
  0.917461250000000        3.66384500000000      -0.171855068617703     
  0.917461250000000        3.96899875000000      -0.162267100447968     
  0.917461250000000        4.27415250000000      -0.152281579266692     
  0.917461250000000        4.57930625000000      -0.142338930023740     
  0.917461250000000        4.88446000000000      -0.133014207356419     
  0.917461250000000        5.18961375000000      -0.124630548954730     
  0.917461250000000        5.49476750000000      -0.117415761495271     
  0.917461250000000        5.79992125000000      -0.111511547578645     
  0.917461250000000        6.10507500000000      -0.106924910472989     
  0.917461250000000        6.41022875000000      -0.103298266935492     
  0.917461250000000        6.71538250000000      -9.993589099920069E-002
  0.917461250000000        7.02053625000000      -9.594972293554681E-002
  0.917461250000000        7.32569000000000      -9.116255997972249E-002
   1.22261500000000       2.000000000000000E-003 -0.329576289104896     
   1.22261500000000       0.307153750000000      -0.327376689131304     
   1.22261500000000       0.612307500000000      -0.320591603836785     
   1.22261500000000       0.917461250000000      -0.309234659848891     
   1.22261500000000        1.22261500000000      -0.294781553756173     
   1.22261500000000        1.52776875000000      -0.279000068187811     
   1.22261500000000        1.83292250000000      -0.262922042061517     
   1.22261500000000        2.13807625000000      -0.247326444703736     
   1.22261500000000        2.44323000000000      -0.232551429153047     
   1.22261500000000        2.74838375000000      -0.218371412940014     
   1.22261500000000        3.05353750000000      -0.204719613860634     
   1.22261500000000        3.35869125000000      -0.191796420524332     
   1.22261500000000        3.66384500000000      -0.179635826022966     
   1.22261500000000        3.96899875000000      -0.168073470000017     
   1.22261500000000        4.27415250000000      -0.157114727128076     
   1.22261500000000        4.57930625000000      -0.146899788900311     
   1.22261500000000        4.88446000000000      -0.137492630347342     
   1.22261500000000        5.18961375000000      -0.128977574522507     
   1.22261500000000        5.49476750000000      -0.121473416205794     
   1.22261500000000        5.79992125000000      -0.115075213034570     
   1.22261500000000        6.10507500000000      -0.109744603944843     
   1.22261500000000        6.41022875000000      -0.105184763224212     
   1.22261500000000        6.71538250000000      -0.100886690065702     
   1.22261500000000        7.02053625000000      -9.631833616662175E-002
   1.22261500000000        7.32569000000000      -9.133590710602332E-002
   1.52776875000000       2.000000000000000E-003 -0.395346006656730     
   1.52776875000000       0.307153750000000      -0.390530801237043     
   1.52776875000000       0.612307500000000      -0.376932765402740     
   1.52776875000000       0.917461250000000      -0.356881452038451     
   1.52776875000000        1.22261500000000      -0.333383910200328     
   1.52776875000000        1.52776875000000      -0.309027410410992     
   1.52776875000000        1.83292250000000      -0.285675120829206     
   1.52776875000000        2.13807625000000      -0.265008158518472     
   1.52776875000000        2.44323000000000      -0.246988750044303     
   1.52776875000000        2.74838375000000      -0.230758060357969     
   1.52776875000000        3.05353750000000      -0.215499973556464     
   1.52776875000000        3.35869125000000      -0.200872258024245     
   1.52776875000000        3.66384500000000      -0.186951398712621     
   1.52776875000000        3.96899875000000      -0.173981567398944     
   1.52776875000000        4.27415250000000      -0.162163657572401     
   1.52776875000000        4.57930625000000      -0.151513320793697     
   1.52776875000000        4.88446000000000      -0.141882507611901     
   1.52776875000000        5.18961375000000      -0.133118406287601     
   1.52776875000000        5.49476750000000      -0.125177975559909     
   1.52776875000000        5.79992125000000      -0.118103942177269     
   1.52776875000000        6.10507500000000      -0.111905794210092     
   1.52776875000000        6.41022875000000      -0.106395657993385     
   1.52776875000000        6.71538250000000      -0.101261815074779     
   1.52776875000000        7.02053625000000      -9.620706445652207E-002
   1.52776875000000        7.32569000000000      -9.114456519270771E-002
   1.83292250000000       2.000000000000000E-003 -0.494458428642448     
   1.83292250000000       0.307153750000000      -0.485705566496115     
   1.83292250000000       0.612307500000000      -0.461797842324619     
   1.83292250000000       0.917461250000000      -0.427537142870877     
   1.83292250000000        1.22261500000000      -0.388041091074814     
   1.83292250000000        1.52776875000000      -0.348763066260803     
   1.83292250000000        1.83292250000000      -0.313784338885036     
   1.83292250000000        2.13807625000000      -0.284801137854535     
   1.83292250000000        2.44323000000000      -0.261405812434106     
   1.83292250000000        2.74838375000000      -0.241995272369919     
   1.83292250000000        3.05353750000000      -0.224836829789606     
   1.83292250000000        3.35869125000000      -0.208828978388945     
   1.83292250000000        3.66384500000000      -0.193691543927479     
   1.83292250000000        3.96899875000000      -0.179670769495440     
   1.83292250000000        4.27415250000000      -0.167072428512982     
   1.83292250000000        4.57930625000000      -0.155932886967312     
   1.83292250000000        4.88446000000000      -0.145992000423363     
   1.83292250000000        5.18961375000000      -0.136903076311179     
   1.83292250000000        5.49476750000000      -0.128458763904475     
   1.83292250000000        5.79992125000000      -0.120648318602756     
   1.83292250000000        6.10507500000000      -0.113540724459328     
   1.83292250000000        6.41022875000000      -0.107129142345151     
   1.83292250000000        6.71538250000000      -0.101278031029113     
   1.83292250000000        7.02053625000000      -9.582302228478361E-002
   1.83292250000000        7.32569000000000      -9.069412384445029E-002
   2.13807625000000       2.000000000000000E-003 -0.638978232781177     
   2.13807625000000       0.307153750000000      -0.623155142877570     
   2.13807625000000       0.612307500000000      -0.580566077106033     
   2.13807625000000       0.917461250000000      -0.521933230400249     
   2.13807625000000        1.22261500000000      -0.458538414882880     
   2.13807625000000        1.52776875000000      -0.398863045479962     
   2.13807625000000        1.83292250000000      -0.347850522952672     
   2.13807625000000        2.13807625000000      -0.307234490092297     
   2.13807625000000        2.44323000000000      -0.276188000612723     
   2.13807625000000        2.74838375000000      -0.252293839961388     
   2.13807625000000        3.05353750000000      -0.232761230521104     
   2.13807625000000        3.35869125000000      -0.215483450856667     
   2.13807625000000        3.66384500000000      -0.199494378238739     
   2.13807625000000        3.96899875000000      -0.184748980038164     
   2.13807625000000        4.27415250000000      -0.171531744883333     
   2.13807625000000        4.57930625000000      -0.159925786232825     
   2.13807625000000        4.88446000000000      -0.149637947225488     
   2.13807625000000        5.18961375000000      -0.140188842560475     
   2.13807625000000        5.49476750000000      -0.131228736710422     
   2.13807625000000        5.79992125000000      -0.122693688296501     
   2.13807625000000        6.10507500000000      -0.114718522541596     
   2.13807625000000        6.41022875000000      -0.107446360625734     
   2.13807625000000        6.71538250000000      -0.100919612724324     
   2.13807625000000        7.02053625000000      -9.510246090022437E-002
   2.13807625000000        7.32569000000000      -8.993226271358541E-002
   2.44323000000000       2.000000000000000E-003 -0.845614243475153     
   2.44323000000000       0.307153750000000      -0.816376920721578     
   2.44323000000000       0.612307500000000      -0.739820900618283     
   2.44323000000000       0.917461250000000      -0.642272679687847     
   2.44323000000000        1.22261500000000      -0.544653233568212     
   2.44323000000000        1.52776875000000      -0.458018966757171     
   2.44323000000000        1.83292250000000      -0.386828707460382     
   2.44323000000000        2.13807625000000      -0.331826854031151     
   2.44323000000000        2.44323000000000      -0.291280732953191     
   2.44323000000000        2.74838375000000      -0.261787355692198     
   2.44323000000000        3.05353750000000      -0.239393387947081     
   2.44323000000000        3.35869125000000      -0.220823417401021     
   2.44323000000000        3.66384500000000      -0.204203265331255     
   2.44323000000000        3.96899875000000      -0.188988948160328     
   2.44323000000000        4.27415250000000      -0.175323862142198     
   2.44323000000000        4.57930625000000      -0.163318881876615     
   2.44323000000000        4.88446000000000      -0.152691524806301     
   2.44323000000000        5.18961375000000      -0.142884230123780     
   2.44323000000000        5.49476750000000      -0.133433412918991     
   2.44323000000000        5.79992125000000      -0.124213003408010     
   2.44323000000000        6.10507500000000      -0.115389290389350     
   2.44323000000000        6.41022875000000      -0.107217760400889     
   2.44323000000000        6.71538250000000      -9.991646807050812E-002
   2.44323000000000        7.02053625000000      -9.367568058826783E-002
   2.44323000000000        7.32569000000000      -8.856576781210072E-002
   2.74838375000000       2.000000000000000E-003  -1.11957729741197     
   2.74838375000000       0.307153750000000       -1.07294320355088     
   2.74838375000000       0.612307500000000      -0.950119874064728     
   2.74838375000000       0.917461250000000      -0.791536152164399     
   2.74838375000000        1.22261500000000      -0.642838822295757     
   2.74838375000000        1.52776875000000      -0.521858630540170     
   2.74838375000000        1.83292250000000      -0.427443444510780     
   2.74838375000000        2.13807625000000      -0.356679686811302     
   2.74838375000000        2.44323000000000      -0.305864030964539     
   2.74838375000000        2.74838375000000      -0.270300511698414     
   2.74838375000000        3.05353750000000      -0.244818503001231     
   2.74838375000000        3.35869125000000      -0.224935505068996     
   2.74838375000000        3.66384500000000      -0.207798125733257     
   2.74838375000000        3.96899875000000      -0.192280450201762     
   2.74838375000000        4.27415250000000      -0.178314725884449     
   2.74838375000000        4.57930625000000      -0.166004648268889     
   2.74838375000000        4.88446000000000      -0.155085598518031     
   2.74838375000000        5.18961375000000      -0.144957763144867     
   2.74838375000000        5.49476750000000      -0.135069944443791     
   2.74838375000000        5.79992125000000      -0.125216579506781     
   2.74838375000000        6.10507500000000      -0.115522189535819     
   2.74838375000000        6.41022875000000      -0.106238117131880     
   2.74838375000000        6.71538250000000      -9.788109541618083E-002
   2.74838375000000        7.02053625000000      -9.129308257963627E-002
   2.74838375000000        7.32569000000000      -8.655416069623088E-002
   3.05353750000000       2.000000000000000E-003  -1.42022790988899     
   3.05353750000000       0.307153750000000       -1.35488783728562     
   3.05353750000000       0.612307500000000       -1.17873986939023     
   3.05353750000000       0.917461250000000      -0.954008191564827     
   3.05353750000000        1.22261500000000      -0.742625483137467     
   3.05353750000000        1.52776875000000      -0.582028763102045     
   3.05353750000000        1.83292250000000      -0.464186341626714     
   3.05353750000000        2.13807625000000      -0.378600638627028     
   3.05353750000000        2.44323000000000      -0.318378260813928     
   3.05353750000000        2.74838375000000      -0.277270218040668     
   3.05353750000000        3.05353750000000      -0.248952984994346     
   3.05353750000000        3.35869125000000      -0.227870322946770     
   3.05353750000000        3.66384500000000      -0.210300528172767     
   3.05353750000000        3.96899875000000      -0.194588070674210     
   3.05353750000000        4.27415250000000      -0.180442617185672     
   3.05353750000000        4.57930625000000      -0.167929441861878     
   3.05353750000000        4.88446000000000      -0.156794112541162     
   3.05353750000000        5.18961375000000      -0.146415177715587     
   3.05353750000000        5.49476750000000      -0.136174908165427     
   3.05353750000000        5.79992125000000      -0.125768631533628     
   3.05353750000000        6.10507500000000      -0.115172201274885     
   3.05353750000000        6.41022875000000      -0.104539130552779     
   3.05353750000000        6.71538250000000      -9.503535133428756E-002
   3.05353750000000        7.02053625000000      -8.818450400837731E-002
   3.05353750000000        7.32569000000000      -8.416200782449808E-002
   3.35869125000000       2.000000000000000E-003  -1.65242066161533     
   3.35869125000000       0.307153750000000       -1.57970944313934     
   3.35869125000000       0.612307500000000       -1.36601446015576     
   3.35869125000000       0.917461250000000       -1.08352936941567     
   3.35869125000000        1.22261500000000      -0.822368369988787     
   3.35869125000000        1.52776875000000      -0.626471918459753     
   3.35869125000000        1.83292250000000      -0.490264273779456     
   3.35869125000000        2.13807625000000      -0.393844148032532     
   3.35869125000000        2.44323000000000      -0.326941260440640     
   3.35869125000000        2.74838375000000      -0.281914394508461     
   3.35869125000000        3.05353750000000      -0.251574192791556     
   3.35869125000000        3.35869125000000      -0.229618837220126     
   3.35869125000000        3.66384500000000      -0.211739822940646     
   3.35869125000000        3.96899875000000      -0.195923366799056     
   3.35869125000000        4.27415250000000      -0.181695992181421     
   3.35869125000000        4.57930625000000      -0.169073098573712     
   3.35869125000000        4.88446000000000      -0.157808543431976     
   3.35869125000000        5.18961375000000      -0.147273552070853     
   3.35869125000000        5.49476750000000      -0.136803491259511     
   3.35869125000000        5.79992125000000      -0.125997930422002     
   3.35869125000000        6.10507500000000      -0.114616316915366     
   3.35869125000000        6.41022875000000      -0.102840469873827     
   3.35869125000000        6.71538250000000      -9.220809341772652E-002
   3.35869125000000        7.02053625000000      -8.531383732593753E-002
   3.35869125000000        7.32569000000000      -8.202802707725999E-002
   3.66384500000000       2.000000000000000E-003  -1.79261392860295     
   3.66384500000000       0.307153750000000       -1.66486679334912     
   3.66384500000000       0.612307500000000       -1.43873285230842     
   3.66384500000000       0.917461250000000       -1.13364931741323     
   3.66384500000000        1.22261500000000      -0.853077833230413     
   3.66384500000000        1.52776875000000      -0.643059271706678     
   3.66384500000000        1.83292250000000      -0.499749574285125     
   3.66384500000000        2.13807625000000      -0.399320436536788     
   3.66384500000000        2.44323000000000      -0.329992152832204     
   3.66384500000000        2.74838375000000      -0.283546543970875     
   3.66384500000000        3.05353750000000      -0.252467086925265     
   3.66384500000000        3.35869125000000      -0.230184304869325     
   3.66384500000000        3.66384500000000      -0.212186536818412     
   3.66384500000000        3.96899875000000      -0.196339756371891     
   3.66384500000000        4.27415250000000      -0.182093184249090     
   3.66384500000000        4.57930625000000      -0.169437848115390     
   3.66384500000000        4.88446000000000      -0.158133391684366     
   3.66384500000000        5.18961375000000      -0.147550856258410     
   3.66384500000000        5.49476750000000      -0.137007417587850     
   3.66384500000000        5.79992125000000      -0.126061513882895     
   3.66384500000000        6.10507500000000      -0.114376999970843     
   3.66384500000000        6.41022875000000      -0.102161571163035     
   3.66384500000000        6.71538250000000      -9.106728770913713E-002
   3.66384500000000        7.02053625000000      -8.437675734921553E-002
   3.66384500000000        7.32569000000000      -8.065548484052759E-002
   3.96899875000000       2.000000000000000E-003  -1.65242513768459     
   3.96899875000000       0.307153750000000       -1.57969096837696     
   3.96899875000000       0.612307500000000       -1.36599292923060     
   3.96899875000000       0.917461250000000       -1.08351030800273     
   3.96899875000000        1.22261500000000      -0.822350169092032     
   3.96899875000000        1.52776875000000      -0.626452160746263     
   3.96899875000000        1.83292250000000      -0.490243220468295     
   3.96899875000000        2.13807625000000      -0.393822714948469     
   3.96899875000000        2.44323000000000      -0.326919533459300     
   3.96899875000000        2.74838375000000      -0.281891319164186     
   3.96899875000000        3.05353750000000      -0.251547925683008     
   3.96899875000000        3.35869125000000      -0.229587601195200     
   3.96899875000000        3.66384500000000      -0.211702828699756     
   3.96899875000000        3.96899875000000      -0.195881328846416     
   3.96899875000000        4.27415250000000      -0.181651553636930     
   3.96899875000000        4.57930625000000      -0.169030819991209     
   3.96899875000000        4.88446000000000      -0.157774306844456     
   3.96899875000000        5.18961375000000      -0.147253723705401     
   3.96899875000000        5.49476750000000      -0.136804332452534     
   3.96899875000000        5.79992125000000      -0.126027362296609     
   3.96899875000000        6.10507500000000      -0.114693012862184     
   3.96899875000000        6.41022875000000      -0.102993645193264     
   3.96899875000000        6.71538250000000      -9.245195930097011E-002
   3.96899875000000        7.02053625000000      -8.559181155561153E-002
   3.96899875000000        7.32569000000000      -8.215551914194205E-002
   4.27415250000000       2.000000000000000E-003  -1.42023586885801     
   4.27415250000000       0.307153750000000       -1.35487016593194     
   4.27415250000000       0.612307500000000       -1.17871346669496     
   4.27415250000000       0.917461250000000      -0.953981216332477     
   4.27415250000000        1.22261500000000      -0.742597390869189     
   4.27415250000000        1.52776875000000      -0.581997253518693     
   4.27415250000000        1.83292250000000      -0.464152444708861     
   4.27415250000000        2.13807625000000      -0.378565663294208     
   4.27415250000000        2.44323000000000      -0.318341994526703     
   4.27415250000000        2.74838375000000      -0.277230300084127     
   4.27415250000000        3.05353750000000      -0.248905921198605     
   4.27415250000000        3.35869125000000      -0.227813024109067     
   4.27415250000000        3.66384500000000      -0.210231578925929     
   4.27415250000000        3.96899875000000      -0.194508835964641     
   4.27415250000000        4.27415250000000      -0.180357721923398     
   4.27415250000000        4.57930625000000      -0.167846724896641     
   4.27415250000000        4.88446000000000      -0.156723877524811     
   4.27415250000000        5.18961375000000      -0.146368681613293     
   4.27415250000000        5.49476750000000      -0.136162952159796     
   4.27415250000000        5.79992125000000      -0.125802705945736     
   4.27415250000000        6.10507500000000      -0.115271962470932     
   4.27415250000000        6.41022875000000      -0.104739606048346     
   4.27415250000000        6.71538250000000      -9.533625431391572E-002
   4.27415250000000        7.02053625000000      -8.850915911081057E-002
   4.27415250000000        7.32569000000000      -8.436517171050367E-002
   4.57930625000000       2.000000000000000E-003  -1.11958501148339     
   4.57930625000000       0.307153750000000       -1.07293386588718     
   4.57930625000000       0.612307500000000      -0.950100983015018     
   4.57930625000000       0.917461250000000      -0.791513869963991     
   4.57930625000000        1.22261500000000      -0.642812308753339     
   4.57930625000000        1.52776875000000      -0.521827351061271     
   4.57930625000000        1.83292250000000      -0.427409089892697     
   4.57930625000000        2.13807625000000      -0.356643425257791     
   4.57930625000000        2.44323000000000      -0.305824577827998     
   4.57930625000000        2.74838375000000      -0.270254204602056     
   4.57930625000000        3.05353750000000      -0.244760592225146     
   4.57930625000000        3.35869125000000      -0.224862251007647     
   4.57930625000000        3.66384500000000      -0.207708070180384     
   4.57930625000000        3.96899875000000      -0.192175184953203     
   4.57930625000000        4.27415250000000      -0.178199426332117     
   4.57930625000000        4.57930625000000      -0.165888165606254     
   4.57930625000000        4.88446000000000      -0.154980082149376     
   4.57930625000000        5.18961375000000      -0.144876999485325     
   4.57930625000000        5.49476750000000      -0.135027345508165     
   4.57930625000000        5.79992125000000      -0.125223988323080     
   4.57930625000000        6.10507500000000      -0.115591699467830     
   4.57930625000000        6.41022875000000      -0.106385440870575     
   4.57930625000000        6.71538250000000      -9.810244130665796E-002
   4.57930625000000        7.02053625000000      -9.152751053376515E-002
   4.57930625000000        7.32569000000000      -8.672030627148128E-002
   4.88446000000000       2.000000000000000E-003 -0.845620099231311     
   4.88446000000000       0.307153750000000      -0.816375881728172     
   4.88446000000000       0.612307500000000      -0.739814928327179     
   4.88446000000000       0.917461250000000      -0.642261881281466     
   4.88446000000000        1.22261500000000      -0.544636986630677     
   4.88446000000000        1.52776875000000      -0.457998061855856     
   4.88446000000000        1.83292250000000      -0.386804853650542     
   4.88446000000000        2.13807625000000      -0.331800327055633     
   4.88446000000000        2.44323000000000      -0.291248955974797     
   4.88446000000000        2.74838375000000      -0.261745627247711     
   4.88446000000000        3.05353750000000      -0.239336745446255     
   4.88446000000000        3.35869125000000      -0.220748581562386     
   4.88446000000000        3.66384500000000      -0.204109130902806     
   4.88446000000000        3.96899875000000      -0.188876566310649     
   4.88446000000000        4.27415250000000      -0.175196733060789     
   4.88446000000000        4.57930625000000      -0.163183849150418     
   4.88446000000000        4.88446000000000      -0.152559349429008     
   4.88446000000000        5.18961375000000      -0.142768888806705     
   4.88446000000000        5.49476750000000      -0.133349538523704     
   4.88446000000000        5.79992125000000      -0.124172973703086     
   4.88446000000000        6.10507500000000      -0.115401073345914     
   4.88446000000000        6.41022875000000      -0.107283447380009     
   4.88446000000000        6.71538250000000      -0.100027205463124     
   4.88446000000000        7.02053625000000      -9.380330633390242E-002
   4.88446000000000        7.32569000000000      -8.867353622019229E-002
   5.18961375000000       2.000000000000000E-003 -0.638981847841122     
   5.18961375000000       0.307153750000000      -0.623161288001055     
   5.18961375000000       0.612307500000000      -0.580571802127940     
   5.18961375000000       0.917461250000000      -0.521935490610218     
   5.18961375000000        1.22261500000000      -0.458536006208759     
   5.18961375000000        1.52776875000000      -0.398857046273298     
   5.18961375000000        1.83292250000000      -0.347842212198519     
   5.18961375000000        2.13807625000000      -0.307223067997572     
   5.18961375000000        2.44323000000000      -0.276169891981608     
   5.18961375000000        2.74838375000000      -0.252264373356103     
   5.18961375000000        3.05353750000000      -0.232716992121443     
   5.18961375000000        3.35869125000000      -0.215423330500575     
   5.18961375000000        3.66384500000000      -0.199418280061713     
   5.18961375000000        3.96899875000000      -0.184656030420279     
   5.18961375000000        4.27415250000000      -0.171420662408369     
   5.18961375000000        4.57930625000000      -0.159797648647162     
   5.18961375000000        4.88446000000000      -0.149498914075856     
   5.18961375000000        5.18961375000000      -0.140050812602864     
   5.18961375000000        5.49476750000000      -0.131106907047254     
   5.18961375000000        5.79992125000000      -0.122602265209044     
   5.18961375000000        6.10507500000000      -0.114666921064153     
   5.18961375000000        6.41022875000000      -0.107437109027615     
   5.18961375000000        6.71538250000000      -0.100948171047334     
   5.18961375000000        7.02053625000000      -9.515891112065214E-002
   5.18961375000000        7.32569000000000      -9.000686606105752E-002
   5.49476750000000       2.000000000000000E-003 -0.494460347652853     
   5.49476750000000       0.307153750000000      -0.485718953677352     
   5.49476750000000       0.612307500000000      -0.461816169443284     
   5.49476750000000       0.917461250000000      -0.427552962410940     
   5.49476750000000        1.22261500000000      -0.388052241448308     
   5.49476750000000        1.52776875000000      -0.348770977939153     
   5.49476750000000        1.83292250000000      -0.313790125091355     
   5.49476750000000        2.13807625000000      -0.284803098492983     
   5.49476750000000        2.44323000000000      -0.261400291906352     
   5.49476750000000        2.74838375000000      -0.241979466774471     
   5.49476750000000        3.05353750000000      -0.224811798009805     
   5.49476750000000        3.35869125000000      -0.208798957521661     
   5.49476750000000        3.66384500000000      -0.193658613648633     
   5.49476750000000        3.96899875000000      -0.179630044903534     
   5.49476750000000        4.27415250000000      -0.167013137979818     
   5.49476750000000        4.57930625000000      -0.155845566324699     
   5.49476750000000        4.88446000000000      -0.145875159397018     
   5.49476750000000        5.18961375000000      -0.136765090313033     
   5.49476750000000        5.49476750000000      -0.128315011484279     
   5.49476750000000        5.79992125000000      -0.120515659940167     
   5.49476750000000        6.10507500000000      -0.113432530622025     
   5.49476750000000        6.41022875000000      -0.107053833434982     
   5.49476750000000        6.71538250000000      -0.101242733518354     
   5.49476750000000        7.02053625000000      -9.583689853225008E-002
   5.49476750000000        7.32569000000000      -9.076236609519216E-002
   5.79992125000000       2.000000000000000E-003 -0.395346869979094     
   5.79992125000000       0.307153750000000      -0.390550297483627     
   5.79992125000000       0.612307500000000      -0.376961296844867     
   5.79992125000000       0.917461250000000      -0.356909293702309     
   5.79992125000000        1.22261500000000      -0.333406851388377     
   5.79992125000000        1.52776875000000      -0.309045219080430     
   5.79992125000000        1.83292250000000      -0.285689307426035     
   5.79992125000000        2.13807625000000      -0.265016387407256     
   5.79992125000000        2.44323000000000      -0.246987794135646     
   5.79992125000000        2.74838375000000      -0.230749114079534     
   5.79992125000000        3.05353750000000      -0.215493332195103     
   5.79992125000000        3.35869125000000      -0.200884349138284     
   5.79992125000000        3.66384500000000      -0.186990758344656     
   5.79992125000000        3.96899875000000      -0.174034445605740     
   5.79992125000000        4.27415250000000      -0.162199600773396     
   5.79992125000000        4.57930625000000      -0.151505367440483     
   5.79992125000000        4.88446000000000      -0.141820001450747     
   5.79992125000000        5.18961375000000      -0.133007119481894     
   5.79992125000000        5.49476750000000      -0.125034003952015     
   5.79992125000000        5.79992125000000      -0.117945928743397     
   5.79992125000000        6.10507500000000      -0.111749761255986     
   5.79992125000000        6.41022875000000      -0.106265358294338     
   5.79992125000000        6.71538250000000      -0.101186366475886     
   5.79992125000000        7.02053625000000      -9.621389409433104E-002
   5.79992125000000        7.32569000000000      -9.124575239438258E-002
   6.10507500000000       2.000000000000000E-003 -0.329576451421198     
   6.10507500000000       0.307153750000000      -0.327402761418497     
   6.10507500000000       0.612307500000000      -0.320626281620035     
   6.10507500000000       0.917461250000000      -0.309267051075878     
   6.10507500000000        1.22261500000000      -0.294810293449368     
   6.10507500000000        1.52776875000000      -0.279024531396145     
   6.10507500000000        1.83292250000000      -0.262939052486661     
   6.10507500000000        2.13807625000000      -0.247332192332755     
   6.10507500000000        2.44323000000000      -0.232542296189160     
   6.10507500000000        2.74838375000000      -0.218352868506089     
   6.10507500000000        3.05353750000000      -0.204717364191794     
   6.10507500000000        3.35869125000000      -0.191857120872563     
   6.10507500000000        3.66384500000000      -0.179790504369596     
   6.10507500000000        3.96899875000000      -0.168288044979450     
   6.10507500000000        4.27415250000000      -0.157306879893937     
   6.10507500000000        4.57930625000000      -0.147012655651520     
   6.10507500000000        4.88446000000000      -0.137512090791428     
   6.10507500000000        5.18961375000000      -0.128914343479433     
   6.10507500000000        5.49476750000000      -0.121347152027379     
   6.10507500000000        5.79992125000000      -0.114904408282832     
   6.10507500000000        6.10507500000000      -0.109558499909502     
   6.10507500000000        6.41022875000000      -0.105021603742823     
   6.10507500000000        6.71538250000000      -0.100793041017694     
   6.10507500000000        7.02053625000000      -9.634271577961975E-002
   6.10507500000000        7.32569000000000      -9.149739385291064E-002
   6.41022875000000       2.000000000000000E-003 -0.286680481893238     
   6.41022875000000       0.307153750000000      -0.287041362444256     
   6.41022875000000       0.612307500000000      -0.285284898712815     
   6.41022875000000       0.917461250000000      -0.278933476699587     
   6.41022875000000        1.22261500000000      -0.268932051780139     
   6.41022875000000        1.52776875000000      -0.257007885186194     
   6.41022875000000        1.83292250000000      -0.244112066461935     
   6.41022875000000        2.13807625000000      -0.230883360453249     
   6.41022875000000        2.44323000000000      -0.217700747129942     
   6.41022875000000        2.74838375000000      -0.204666196577538     
   6.41022875000000        3.05353750000000      -0.192389446427475     
   6.41022875000000        3.35869125000000      -0.181640737685256     
   6.41022875000000        3.66384500000000      -0.172145499028760     
   6.41022875000000        3.96899875000000      -0.162713899408288     
   6.41022875000000        4.27415250000000      -0.152712323169522     
   6.41022875000000        4.57930625000000      -0.142617511450136     
   6.41022875000000        4.88446000000000      -0.133130361260092     
   6.41022875000000        5.18961375000000      -0.124623371812158     
   6.41022875000000        5.49476750000000      -0.117315517089574     
   6.41022875000000        5.79992125000000      -0.111345314432555     
   6.41022875000000        6.10507500000000      -0.106733611333591     
   6.41022875000000        6.41022875000000      -0.103122566544132     
   6.41022875000000        6.71538250000000      -9.983007924493513E-002
   6.41022875000000        7.02053625000000      -9.598981629741253E-002
   6.41022875000000        7.32569000000000      -9.138139847380973E-002
   6.71538250000000       2.000000000000000E-003 -0.257279574527072     
   6.71538250000000       0.307153750000000      -0.261083992252296     
   6.71538250000000       0.612307500000000      -0.263430253982416     
   6.71538250000000       0.917461250000000      -0.259351693385636     
   6.71538250000000        1.22261500000000      -0.250626412476776     
   6.71538250000000        1.52776875000000      -0.239643023918371     
   6.71538250000000        1.83292250000000      -0.227589692261243     
   6.71538250000000        2.13807625000000      -0.215065560252877     
   6.71538250000000        2.44323000000000      -0.202516360202835     
   6.71538250000000        2.74838375000000      -0.189953640090591     
   6.71538250000000        3.05353750000000      -0.178785678394299     
   6.71538250000000        3.35869125000000      -0.170523881957633     
   6.71538250000000        3.66384500000000      -0.164597770858782     
   6.71538250000000        3.96899875000000      -0.157737208158092     
   6.71538250000000        4.27415250000000      -0.148665561153712     
   6.71538250000000        4.57930625000000      -0.138514934923358     
   6.71538250000000        4.88446000000000      -0.128777335411831     
   6.71538250000000        5.18961375000000      -0.120223387335588     
   6.71538250000000        5.49476750000000      -0.112990226420889     
   6.71538250000000        5.79992125000000      -0.107313341976065     
   6.71538250000000        6.10507500000000      -0.103188766668055     
   6.71538250000000        6.41022875000000      -0.100240628832935     
   6.71538250000000        6.71538250000000      -9.775373950728652E-002
   6.71538250000000        7.02053625000000      -9.474000533978298E-002
   6.71538250000000        7.32569000000000      -9.078516501128811E-002
   7.02053625000000       2.000000000000000E-003 -0.239470375604796     
   7.02053625000000       0.307153750000000      -0.246830042630434     
   7.02053625000000       0.612307500000000      -0.247863842281147     
   7.02053625000000       0.917461250000000      -0.243800918261455     
   7.02053625000000        1.22261500000000      -0.235050574458946     
   7.02053625000000        1.52776875000000      -0.223937121791943     
   7.02053625000000        1.83292250000000      -0.212006556390057     
   7.02053625000000        2.13807625000000      -0.199837210557936     
   7.02053625000000        2.44323000000000      -0.187698799098138     
   7.02053625000000        2.74838375000000      -0.175636292256859     
   7.02053625000000        3.05353750000000      -0.165558094819496     
   7.02053625000000        3.35869125000000      -0.160347401169253     
   7.02053625000000        3.66384500000000      -0.158441846642807     
   7.02053625000000        3.96899875000000      -0.153057616170532     
   7.02053625000000        4.27415250000000      -0.144673588854622     
   7.02053625000000        4.57930625000000      -0.134414914346151     
   7.02053625000000        4.88446000000000      -0.124378582017076     
   7.02053625000000        5.18961375000000      -0.115741265164808     
   7.02053625000000        5.49476750000000      -0.108537593868135     
   7.02053625000000        5.79992125000000      -0.103038061654175     
   7.02053625000000        6.10507500000000      -9.910327038159826E-002
   7.02053625000000        6.41022875000000      -9.635344265989848E-002
   7.02053625000000        6.71538250000000      -9.420391011728148E-002
   7.02053625000000        7.02053625000000      -9.266560290305406E-002
   7.02053625000000        7.32569000000000      -9.040346104514438E-002
   7.32569000000000       2.000000000000000E-003 -0.232227747332656     
   7.32569000000000       0.307153750000000      -0.238865396880302     
   7.32569000000000       0.612307500000000      -0.232871035347789     
   7.32569000000000       0.917461250000000      -0.227563875873867     
   7.32569000000000        1.22261500000000      -0.218974212773812     
   7.32569000000000        1.52776875000000      -0.208276866283149     
   7.32569000000000        1.83292250000000      -0.196914633112685     
   7.32569000000000        2.13807625000000      -0.185625213915390     
   7.32569000000000        2.44323000000000      -0.174467823755832     
   7.32569000000000        2.74838375000000      -0.163654017221435     
   7.32569000000000        3.05353750000000      -0.155376675351867     
   7.32569000000000        3.35869125000000      -0.153107562046849     
   7.32569000000000        3.66384500000000      -0.152729550312174     
   7.32569000000000        3.96899875000000      -0.146583588726330     
   7.32569000000000        4.27415250000000      -0.139442151882560     
   7.32569000000000        4.57930625000000      -0.129481605335762     
   7.32569000000000        4.88446000000000      -0.119595567708444     
   7.32569000000000        5.18961375000000      -0.111171625925598     
   7.32569000000000        5.49476750000000      -0.104200260755760     
   7.32569000000000        5.79992125000000      -9.890116607469604E-002
   7.32569000000000        6.10507500000000      -9.511254030533471E-002
   7.32569000000000        6.41022875000000      -9.247732182694716E-002
   7.32569000000000        6.71538250000000      -9.051496638908839E-002
   7.32569000000000        7.02053625000000      -8.898037594445292E-002
   7.32569000000000        7.32569000000000      -8.831159027594576E-002
