  2.000000000000000E-003  2.000000000000000E-003 -7.780601083744910E-002
  2.000000000000000E-003  0.307153750000000      -7.672309641457101E-002
  2.000000000000000E-003  0.612307500000000      -7.208842183912198E-002
  2.000000000000000E-003  0.917461250000000      -6.648970243470392E-002
  2.000000000000000E-003   1.22261500000000      -6.053481397932307E-002
  2.000000000000000E-003   1.52776875000000      -5.485386603334833E-002
  2.000000000000000E-003   1.83292250000000      -4.988735921579880E-002
  2.000000000000000E-003   2.13807625000000      -4.576451025615707E-002
  2.000000000000000E-003   2.44323000000000      -4.199339768714948E-002
  2.000000000000000E-003   2.74838375000000      -3.912367016091460E-002
  2.000000000000000E-003   3.05353750000000      -3.749775194362584E-002
  2.000000000000000E-003   3.35869125000000      -3.688932314273213E-002
  2.000000000000000E-003   3.66384500000000      -3.709575725378174E-002
  2.000000000000000E-003   3.96899875000000      -3.209709506431112E-002
  2.000000000000000E-003   4.27415250000000      -2.852254880731734E-002
  2.000000000000000E-003   4.57930625000000      -2.805017555302426E-002
  2.000000000000000E-003   4.88446000000000      -2.872939942584859E-002
  2.000000000000000E-003   5.18961375000000      -2.941160736681288E-002
  2.000000000000000E-003   5.49476750000000      -2.988931821500640E-002
  2.000000000000000E-003   5.79992125000000      -3.038548799494136E-002
  2.000000000000000E-003   6.10507500000000      -3.095199452557467E-002
  2.000000000000000E-003   6.41022875000000      -3.153765521968970E-002
  2.000000000000000E-003   6.71538250000000      -3.190695929132507E-002
  2.000000000000000E-003   7.02053625000000      -3.146322518435371E-002
  2.000000000000000E-003   7.32569000000000      -2.897429108596648E-002
  0.307153750000000       2.000000000000000E-003 -8.701158537179832E-002
  0.307153750000000       0.307153750000000      -8.322226401270934E-002
  0.307153750000000       0.612307500000000      -7.732470559440478E-002
  0.307153750000000       0.917461250000000      -7.120897997976233E-002
  0.307153750000000        1.22261500000000      -6.499664478314575E-002
  0.307153750000000        1.52776875000000      -5.882832026419678E-002
  0.307153750000000        1.83292250000000      -5.303443350743208E-002
  0.307153750000000        2.13807625000000      -4.777673139490913E-002
  0.307153750000000        2.44323000000000      -4.238002600210401E-002
  0.307153750000000        2.74838375000000      -3.710647846365366E-002
  0.307153750000000        3.05353750000000      -3.293164313850745E-002
  0.307153750000000        3.35869125000000      -3.148884502546378E-002
  0.307153750000000        3.66384500000000      -3.414264926280856E-002
  0.307153750000000        3.96899875000000      -3.290391828068563E-002
  0.307153750000000        4.27415250000000      -3.026894874364545E-002
  0.307153750000000        4.57930625000000      -2.964918577697304E-002
  0.307153750000000        4.88446000000000      -3.001700331384251E-002
  0.307153750000000        5.18961375000000      -3.034899939293699E-002
  0.307153750000000        5.49476750000000      -3.049895343629732E-002
  0.307153750000000        5.79992125000000      -3.056354632064679E-002
  0.307153750000000        6.10507500000000      -3.060023381437260E-002
  0.307153750000000        6.41022875000000      -3.064312190449013E-002
  0.307153750000000        6.71538250000000      -3.066776332305688E-002
  0.307153750000000        7.02053625000000      -3.094228309410194E-002
  0.307153750000000        7.32569000000000      -3.297724457491052E-002
  0.612307500000000       2.000000000000000E-003 -9.005987676209438E-002
  0.612307500000000       0.307153750000000      -8.731984833115808E-002
  0.612307500000000       0.612307500000000      -8.234785709536978E-002
  0.612307500000000       0.917461250000000      -7.692728921292369E-002
  0.612307500000000        1.22261500000000      -7.083032362994914E-002
  0.612307500000000        1.52776875000000      -6.422108900602323E-002
  0.612307500000000        1.83292250000000      -5.760209701301330E-002
  0.612307500000000        2.13807625000000      -5.129582005411865E-002
  0.612307500000000        2.44323000000000      -4.504107379175910E-002
  0.612307500000000        2.74838375000000      -3.866842398775635E-002
  0.612307500000000        3.05353750000000      -3.375683726276125E-002
  0.612307500000000        3.35869125000000      -3.177864690592032E-002
  0.612307500000000        3.66384500000000      -3.284703038884181E-002
  0.612307500000000        3.96899875000000      -3.335168436080851E-002
  0.612307500000000        4.27415250000000      -3.251313020004315E-002
  0.612307500000000        4.57930625000000      -3.189242447323922E-002
  0.612307500000000        4.88446000000000      -3.166690108552182E-002
  0.612307500000000        5.18961375000000      -3.139072900100694E-002
  0.612307500000000        5.49476750000000      -3.102605330952358E-002
  0.612307500000000        5.79992125000000      -3.050785189146364E-002
  0.612307500000000        6.10507500000000      -2.982934042842125E-002
  0.612307500000000        6.41022875000000      -2.916127320173972E-002
  0.612307500000000        6.71538250000000      -2.919864902358342E-002
  0.612307500000000        7.02053625000000      -3.157108003425699E-002
  0.612307500000000        7.32569000000000      -3.362641002009130E-002
  0.917461250000000       2.000000000000000E-003 -9.346081153580263E-002
  0.917461250000000       0.307153750000000      -9.216203116667739E-002
  0.917461250000000       0.612307500000000      -8.896665368060326E-002
  0.917461250000000       0.917461250000000      -8.432616334401158E-002
  0.917461250000000        1.22261500000000      -7.826774847436829E-002
  0.917461250000000        1.52776875000000      -7.114681047698269E-002
  0.917461250000000        1.83292250000000      -6.366992387811439E-002
  0.917461250000000        2.13807625000000      -5.640666911693767E-002
  0.917461250000000        2.44323000000000      -4.960079658221787E-002
  0.917461250000000        2.74838375000000      -4.328309100805104E-002
  0.917461250000000        3.05353750000000      -3.812593605215346E-002
  0.917461250000000        3.35869125000000      -3.544054401253843E-002
  0.917461250000000        3.66384500000000      -3.495492894769787E-002
  0.917461250000000        3.96899875000000      -3.499896973588643E-002
  0.917461250000000        4.27415250000000      -3.457505987796546E-002
  0.917461250000000        4.57930625000000      -3.388384720925718E-002
  0.917461250000000        4.88446000000000      -3.314504675652378E-002
  0.917461250000000        5.18961375000000      -3.236905260780111E-002
  0.917461250000000        5.49476750000000      -3.152937277148443E-002
  0.917461250000000        5.79992125000000      -3.055300530108770E-002
  0.917461250000000        6.10507500000000      -2.945317613132233E-002
  0.917461250000000        6.41022875000000      -2.857594495766410E-002
  0.917461250000000        6.71538250000000      -2.869375153356016E-002
  0.917461250000000        7.02053625000000      -3.039152049706758E-002
  0.917461250000000        7.32569000000000      -3.159205092475052E-002
   1.22261500000000       2.000000000000000E-003 -0.101200186032128     
   1.22261500000000       0.307153750000000      -0.100373935997081     
   1.22261500000000       0.612307500000000      -9.784907236400309E-002
   1.22261500000000       0.917461250000000      -9.344676867384576E-002
   1.22261500000000        1.22261500000000      -8.715312491123109E-002
   1.22261500000000        1.52776875000000      -7.940805236991684E-002
   1.22261500000000        1.83292250000000      -7.106429630265841E-002
   1.22261500000000        2.13807625000000      -6.288626790628185E-002
   1.22261500000000        2.44323000000000      -5.539606484343901E-002
   1.22261500000000        2.74838375000000      -4.897419609635385E-002
   1.22261500000000        3.05353750000000      -4.387652774596146E-002
   1.22261500000000        3.35869125000000      -4.039794061584843E-002
   1.22261500000000        3.66384500000000      -3.855139361992446E-002
   1.22261500000000        3.96899875000000      -3.752277460017536E-002
   1.22261500000000        4.27415250000000      -3.655759797108558E-002
   1.22261500000000        4.57930625000000      -3.547713605246906E-002
   1.22261500000000        4.88446000000000      -3.434918267120454E-002
   1.22261500000000        5.18961375000000      -3.319525283000526E-002
   1.22261500000000        5.49476750000000      -3.200289939819003E-002
   1.22261500000000        5.79992125000000      -3.074616311311521E-002
   1.22261500000000        6.10507500000000      -2.947078072206725E-002
   1.22261500000000        6.41022875000000      -2.851000094044007E-002
   1.22261500000000        6.71538250000000      -2.834238731087713E-002
   1.22261500000000        7.02053625000000      -2.904476547456078E-002
   1.22261500000000        7.32569000000000      -2.962200957672297E-002
   1.52776875000000       2.000000000000000E-003 -0.111863150680526     
   1.52776875000000       0.307153750000000      -0.111051668977073     
   1.52776875000000       0.612307500000000      -0.108483229874148     
   1.52776875000000       0.917461250000000      -0.103838432235167     
   1.52776875000000        1.22261500000000      -9.707143665165685E-002
   1.52776875000000        1.52776875000000      -8.866751266783009E-002
   1.52776875000000        1.83292250000000      -7.952031234523532E-002
   1.52776875000000        2.13807625000000      -7.036631729328718E-002
   1.52776875000000        2.44323000000000      -6.195422859283690E-002
   1.52776875000000        2.74838375000000      -5.481723785595632E-002
   1.52776875000000        3.05353750000000      -4.919207558321365E-002
   1.52776875000000        3.35869125000000      -4.506116517878295E-002
   1.52776875000000        3.66384500000000      -4.217249994482777E-002
   1.52776875000000        3.96899875000000      -4.008346032430280E-002
   1.52776875000000        4.27415250000000      -3.837464846361746E-002
   1.52776875000000        4.57930625000000      -3.681750467684379E-002
   1.52776875000000        4.88446000000000      -3.532223498784164E-002
   1.52776875000000        5.18961375000000      -3.384896032805643E-002
   1.52776875000000        5.49476750000000      -3.238548410152475E-002
   1.52776875000000        5.79992125000000      -3.095020128560939E-002
   1.52776875000000        6.10507500000000      -2.959948890266190E-002
   1.52776875000000        6.41022875000000      -2.854176073252658E-002
   1.52776875000000        6.71538250000000      -2.804206040581514E-002
   1.52776875000000        7.02053625000000      -2.808617047264142E-002
   1.52776875000000        7.32569000000000      -2.822241926253734E-002
   1.83292250000000       2.000000000000000E-003 -0.123803806150951     
   1.83292250000000       0.307153750000000      -0.122873627500923     
   1.83292250000000       0.612307500000000      -0.119942858247855     
   1.83292250000000       0.917461250000000      -0.114818355651552     
   1.83292250000000        1.22261500000000      -0.107581338792884     
   1.83292250000000        1.52776875000000      -9.860367652956140E-002
   1.83292250000000        1.83292250000000      -8.854928169059803E-002
   1.83292250000000        2.13807625000000      -7.832331639372538E-002
   1.83292250000000        2.44323000000000      -6.881979903719425E-002
   1.83292250000000        2.74838375000000      -6.066573433099185E-002
   1.83292250000000        3.05353750000000      -5.411079316280096E-002
   1.83292250000000        3.35869125000000      -4.907637048442878E-002
   1.83292250000000        3.66384500000000      -4.527938346385260E-002
   1.83292250000000        3.96899875000000      -4.236275851656848E-002
   1.83292250000000        4.27415250000000      -4.000486029630333E-002
   1.83292250000000        4.57930625000000      -3.797227533123648E-002
   1.83292250000000        4.88446000000000      -3.611388131766828E-002
   1.83292250000000        5.18961375000000      -3.434467310869241E-002
   1.83292250000000        5.49476750000000      -3.264299276668545E-002
   1.83292250000000        5.79992125000000      -3.104602264769520E-002
   1.83292250000000        6.10507500000000      -2.963356955022696E-002
   1.83292250000000        6.41022875000000      -2.850920192600040E-002
   1.83292250000000        6.71538250000000      -2.777787788297090E-002
   1.83292250000000        7.02053625000000      -2.744669189498570E-002
   1.83292250000000        7.32569000000000      -2.731078231630165E-002
   2.13807625000000       2.000000000000000E-003 -0.136302996639703     
   2.13807625000000       0.307153750000000      -0.135146016784241     
   2.13807625000000       0.612307500000000      -0.131748316350616     
   2.13807625000000       0.917461250000000      -0.126104609814389     
   2.13807625000000        1.22261500000000      -0.118248053219400     
   2.13807625000000        1.52776875000000      -0.108462298832049     
   2.13807625000000        1.83292250000000      -9.742146059950847E-002
   2.13807625000000        2.13807625000000      -8.609389901204731E-002
   2.13807625000000        2.44323000000000      -7.545671709219505E-002
   2.13807625000000        2.74838375000000      -6.620732899574237E-002
   2.13807625000000        3.05353750000000      -5.863225945436339E-002
   2.13807625000000        3.35869125000000      -5.266078577146166E-002
   2.13807625000000        3.66384500000000      -4.801879097776509E-002
   2.13807625000000        3.96899875000000      -4.437757124454882E-002
   2.13807625000000        4.27415250000000      -4.143913521524595E-002
   2.13807625000000        4.57930625000000      -3.895989216056558E-002
   2.13807625000000        4.88446000000000      -3.675425573650883E-002
   2.13807625000000        5.18961375000000      -3.470682234488599E-002
   2.13807625000000        5.49476750000000      -3.278356291763361E-002
   2.13807625000000        5.79992125000000      -3.102276572488259E-002
   2.13807625000000        6.10507500000000      -2.950184535045021E-002
   2.13807625000000        6.41022875000000      -2.829739344894685E-002
   2.13807625000000        6.71538250000000      -2.745498047342830E-002
   2.13807625000000        7.02053625000000      -2.696269773493916E-002
   2.13807625000000        7.32569000000000      -2.672315972248885E-002
   2.44323000000000       2.000000000000000E-003 -0.149783009150693     
   2.44323000000000       0.307153750000000      -0.148162052271377     
   2.44323000000000       0.612307500000000      -0.143710141523892     
   2.44323000000000       0.917461250000000      -0.136952116454420     
   2.44323000000000        1.22261500000000      -0.128092029471464     
   2.44323000000000        1.52776875000000      -0.117361604441191     
   2.44323000000000        1.83292250000000      -0.105352508049903     
   2.44323000000000        2.13807625000000      -9.300504916923441E-002
   2.44323000000000        2.44323000000000      -8.132468376930933E-002
   2.44323000000000        2.74838375000000      -7.105970494031930E-002
   2.44323000000000        3.05353750000000      -6.253993930437216E-002
   2.44323000000000        3.35869125000000      -5.572016963020046E-002
   2.44323000000000        3.66384500000000      -5.034015560095609E-002
   2.44323000000000        3.96899875000000      -4.607995458928975E-002
   2.44323000000000        4.27415250000000      -4.264191872569183E-002
   2.44323000000000        4.57930625000000      -3.976848742130366E-002
   2.44323000000000        4.88446000000000      -3.725127741314339E-002
   2.44323000000000        5.18961375000000      -3.495490355049294E-002
   2.44323000000000        5.49476750000000      -3.283293005998297E-002
   2.44323000000000        5.79992125000000      -3.091432426996796E-002
   2.44323000000000        6.10507500000000      -2.926088605143521E-002
   2.44323000000000        6.41022875000000      -2.792567480741311E-002
   2.44323000000000        6.71538250000000      -2.694817394312476E-002
   2.44323000000000        7.02053625000000      -2.637745107890696E-002
   2.44323000000000        7.32569000000000      -2.622555474014064E-002
   2.74838375000000       2.000000000000000E-003 -0.163745413656750     
   2.74838375000000       0.307153750000000      -0.161321440501415     
   2.74838375000000       0.612307500000000      -0.155185423905103     
   2.74838375000000       0.917461250000000      -0.146662377815846     
   2.74838375000000        1.22261500000000      -0.136386217241736     
   2.74838375000000        1.52776875000000      -0.124619979672671     
   2.74838375000000        1.83292250000000      -0.111739495046421     
   2.74838375000000        2.13807625000000      -9.854692417113875E-002
   2.74838375000000        2.44323000000000      -8.601445344391813E-002
   2.74838375000000        2.74838375000000      -7.491642323079982E-002
   2.74838375000000        3.05353750000000      -6.562204784115160E-002
   2.74838375000000        3.35869125000000      -5.811501415758972E-002
   2.74838375000000        3.66384500000000      -5.214842708609765E-002
   2.74838375000000        3.96899875000000      -4.740239776343676E-002
   2.74838375000000        4.27415250000000      -4.356905662527521E-002
   2.74838375000000        4.57930625000000      -4.037658432126927E-002
   2.74838375000000        4.88446000000000      -3.760377988653577E-002
   2.74838375000000        5.18961375000000      -3.510403795279289E-002
   2.74838375000000        5.49476750000000      -3.281850127403175E-002
   2.74838375000000        5.79992125000000      -3.075719197757652E-002
   2.74838375000000        6.10507500000000      -2.894746694140181E-002
   2.74838375000000        6.41022875000000      -2.739274973147558E-002
   2.74838375000000        6.71538250000000      -2.621400163068061E-002
   2.74838375000000        7.02053625000000      -2.566588471188194E-002
   2.74838375000000        7.32569000000000      -2.580457780691031E-002
   3.05353750000000       2.000000000000000E-003 -0.179642812796208     
   3.05353750000000       0.307153750000000      -0.175186969897121     
   3.05353750000000       0.612307500000000      -0.165614245185251     
   3.05353750000000       0.917461250000000      -0.154663980230366     
   3.05353750000000        1.22261500000000      -0.142745631298378     
   3.05353750000000        1.52776875000000      -0.129896272970419     
   3.05353750000000        1.83292250000000      -0.116288761961902     
   3.05353750000000        2.13807625000000      -0.102473093781787     
   3.05353750000000        2.44323000000000      -8.932934344948643E-002
   3.05353750000000        2.74838375000000      -7.763102921296644E-002
   3.05353750000000        3.05353750000000      -6.777594532561559E-002
   3.05353750000000        3.35869125000000      -5.977361155532881E-002
   3.05353750000000        3.66384500000000      -5.339098019025763E-002
   3.05353750000000        3.96899875000000      -4.830681399292360E-002
   3.05353750000000        4.27415250000000      -4.419795648354208E-002
   3.05353750000000        4.57930625000000      -4.077820859184406E-002
   3.05353750000000        4.88446000000000      -3.782094149847086E-002
   3.05353750000000        5.18961375000000      -3.517500970426059E-002
   3.05353750000000        5.49476750000000      -3.276963191842131E-002
   3.05353750000000        5.79992125000000      -3.058753849178626E-002
   3.05353750000000        6.10507500000000      -2.859509311906087E-002
   3.05353750000000        6.41022875000000      -2.678039592426251E-002
   3.05353750000000        6.71538250000000      -2.549936530446203E-002
   3.05353750000000        7.02053625000000      -2.503090779424796E-002
   3.05353750000000        7.32569000000000      -2.556938259759711E-002
   3.35869125000000       2.000000000000000E-003 -0.197215889465632     
   3.35869125000000       0.307153750000000      -0.189391116764999     
   3.35869125000000       0.612307500000000      -0.174208323032567     
   3.35869125000000       0.917461250000000      -0.160225417979598     
   3.35869125000000        1.22261500000000      -0.146885667947438     
   3.35869125000000        1.52776875000000      -0.133095484083994     
   3.35869125000000        1.83292250000000      -0.118970080214873     
   3.35869125000000        2.13807625000000      -0.104769241379867     
   3.35869125000000        2.44323000000000      -9.126241335433388E-002
   3.35869125000000        2.74838375000000      -7.920704848293877E-002
   3.35869125000000        3.05353750000000      -6.901569836076801E-002
   3.35869125000000        3.35869125000000      -6.071491126787386E-002
   3.35869125000000        3.66384500000000      -5.408510062664146E-002
   3.35869125000000        3.96899875000000      -4.880753954815571E-002
   3.35869125000000        4.27415250000000      -4.454374162393564E-002
   3.35869125000000        4.57930625000000      -4.099386439672062E-002
   3.35869125000000        4.88446000000000      -3.792902781686493E-002
   3.35869125000000        5.18961375000000      -3.519743024219561E-002
   3.35869125000000        5.49476750000000      -3.271979897485829E-002
   3.35869125000000        5.79992125000000      -3.045234954331316E-002
   3.35869125000000        6.10507500000000      -2.829063074960240E-002
   3.35869125000000        6.41022875000000      -2.634937853086233E-002
   3.35869125000000        6.71538250000000      -2.507667235214285E-002
   3.35869125000000        7.02053625000000      -2.486980229262295E-002
   3.35869125000000        7.32569000000000      -2.571533321643116E-002
   3.66384500000000       2.000000000000000E-003 -0.196047595212402     
   3.66384500000000       0.307153750000000      -0.195961841229945     
   3.66384500000000       0.612307500000000      -0.177954917712659     
   3.66384500000000       0.917461250000000      -0.162343296930347     
   3.66384500000000        1.22261500000000      -0.148377342215373     
   3.66384500000000        1.52776875000000      -0.134186938992956     
   3.66384500000000        1.83292250000000      -0.119859147771833     
   3.66384500000000        2.13807625000000      -0.105521755940971     
   3.66384500000000        2.44323000000000      -9.189134053956130E-002
   3.66384500000000        2.74838375000000      -7.971570200432899E-002
   3.66384500000000        3.05353750000000      -6.941099427306716E-002
   3.66384500000000        3.35869125000000      -6.100898106490210E-002
   3.66384500000000        3.66384500000000      -5.429626705917651E-002
   3.66384500000000        3.96899875000000      -4.895692386308424E-002
   3.66384500000000        4.27415250000000      -4.464511336790447E-002
   3.66384500000000        4.57930625000000      -4.105463956686251E-002
   3.66384500000000        4.88446000000000      -3.795599133725942E-002
   3.66384500000000        5.18961375000000      -3.519773553600376E-002
   3.66384500000000        5.49476750000000      -3.269793995048225E-002
   3.66384500000000        5.79992125000000      -3.040213350024984E-002
   3.66384500000000        6.10507500000000      -2.818168022788484E-002
   3.66384500000000        6.41022875000000      -2.622570186932513E-002
   3.66384500000000        6.71538250000000      -2.503550978115155E-002
   3.66384500000000        7.02053625000000      -2.522879302623307E-002
   3.66384500000000        7.32569000000000      -2.629689370433341E-002
   3.96899875000000       2.000000000000000E-003 -0.197218227496185     
   3.96899875000000       0.307153750000000      -0.189627366422041     
   3.96899875000000       0.612307500000000      -0.174439460388774     
   3.96899875000000       0.917461250000000      -0.160381226229050     
   3.96899875000000        1.22261500000000      -0.146973964420792     
   3.96899875000000        1.52776875000000      -0.133142123146473     
   3.96899875000000        1.83292250000000      -0.118992938389938     
   3.96899875000000        2.13807625000000      -0.104775683629170     
   3.96899875000000        2.44323000000000      -9.125745966903237E-002
   3.96899875000000        2.74838375000000      -7.919478097957568E-002
   3.96899875000000        3.05353750000000      -6.899913320580213E-002
   3.96899875000000        3.35869125000000      -6.069598086415085E-002
   3.96899875000000        3.66384500000000      -5.406492230618585E-002
   3.96899875000000        3.96899875000000      -4.878689545602319E-002
   3.96899875000000        4.27415250000000      -4.452341661034400E-002
   3.96899875000000        4.57930625000000      -4.097483338748846E-002
   3.96899875000000        4.88446000000000      -3.791247344666307E-002
   3.96899875000000        5.18961375000000      -3.518487759551925E-002
   3.96899875000000        5.49476750000000      -3.271355051869786E-002
   3.96899875000000        5.79992125000000      -3.045670087683099E-002
   3.96899875000000        6.10507500000000      -2.831547288091482E-002
   3.96899875000000        6.41022875000000      -2.641036166073736E-002
   3.96899875000000        6.71538250000000      -2.518683534394657E-002
   3.96899875000000        7.02053625000000      -2.502338037729258E-002
   3.96899875000000        7.32569000000000      -2.590044516656003E-002
   4.27415250000000       2.000000000000000E-003 -0.179644746476663     
   4.27415250000000       0.307153750000000      -0.175418556429859     
   4.27415250000000       0.612307500000000      -0.165889882069841     
   4.27415250000000       0.917461250000000      -0.154872801020607     
   4.27415250000000        1.22261500000000      -0.142869575267111     
   4.27415250000000        1.52776875000000      -0.129964443691148     
   4.27415250000000        1.83292250000000      -0.116318855187180     
   4.27415250000000        2.13807625000000      -0.102475211271402     
   4.27415250000000        2.44323000000000      -8.931201030605075E-002
   4.27415250000000        2.74838375000000      -7.760169318295544E-002
   4.27415250000000        3.05353750000000      -6.774024254595440E-002
   4.27415250000000        3.35869125000000      -5.973504700940922E-002
   4.27415250000000        3.66384500000000      -5.335131837169114E-002
   4.27415250000000        3.96899875000000      -4.826691854567679E-002
   4.27415250000000        4.27415250000000      -4.415856392422960E-002
   4.27415250000000        4.57930625000000      -4.074041723491629E-002
   4.27415250000000        4.88446000000000      -3.778643473006223E-002
   4.27415250000000        5.18961375000000      -3.514636787346144E-002
   4.27415250000000        5.49476750000000      -3.275089829467987E-002
   4.27415250000000        5.79992125000000      -3.058568459828590E-002
   4.27415250000000        6.10507500000000      -2.862349769608872E-002
   4.27415250000000        6.41022875000000      -2.686276978069632E-002
   4.27415250000000        6.71538250000000      -2.565621747329308E-002
   4.27415250000000        7.02053625000000      -2.527079156691416E-002
   4.27415250000000        7.32569000000000      -2.587464373294114E-002
   4.57930625000000       2.000000000000000E-003 -0.163746713976144     
   4.57930625000000       0.307153750000000      -0.161475021654978     
   4.57930625000000       0.612307500000000      -0.155390454994073     
   4.57930625000000       0.917461250000000      -0.146828598717482     
   4.57930625000000        1.22261500000000      -0.136492811940201     
   4.57930625000000        1.52776875000000      -0.124675866453058     
   4.57930625000000        1.83292250000000      -0.111753187481344     
   4.57930625000000        2.13807625000000      -9.852778650236427E-002
   4.57930625000000        2.44323000000000      -8.597293856453435E-002
   4.57930625000000        2.74838375000000      -7.486252218852225E-002
   4.57930625000000        3.05353750000000      -6.556346792278596E-002
   4.57930625000000        3.35869125000000      -5.805628054923415E-002
   4.57930625000000        3.66384500000000      -5.209115630596258E-002
   4.57930625000000        3.96899875000000      -4.734634984365660E-002
   4.57930625000000        4.27415250000000      -4.351349702800229E-002
   4.57930625000000        4.57930625000000      -4.032134400263866E-002
   4.57930625000000        4.88446000000000      -3.754999739394340E-002
   4.57930625000000        5.18961375000000      -3.505466656305757E-002
   4.57930625000000        5.49476750000000      -3.277880330627557E-002
   4.57930625000000        5.79992125000000      -3.073546733847694E-002
   4.57930625000000        6.10507500000000      -2.895644374108105E-002
   4.57930625000000        6.41022875000000      -2.745163466575544E-002
   4.57930625000000        6.71538250000000      -2.634278998308354E-002
   4.57930625000000        7.02053625000000      -2.586906369857669E-002
   4.57930625000000        7.32569000000000      -2.606115397821913E-002
   4.88446000000000       2.000000000000000E-003 -0.149784136691500     
   4.88446000000000       0.307153750000000      -0.148242987938729     
   4.88446000000000       0.612307500000000      -0.143821410032304     
   4.88446000000000       0.917461250000000      -0.137048311853704     
   4.88446000000000        1.22261500000000      -0.128151345265429     
   4.88446000000000        1.52776875000000      -0.117377669383445     
   4.88446000000000        1.83292250000000      -0.105327842569909     
   4.88446000000000        2.13807625000000      -9.294816946992007E-002
   4.88446000000000        2.44323000000000      -8.124747591389370E-002
   4.88446000000000        2.74838375000000      -7.097427638226336E-002
   4.88446000000000        3.05353750000000      -6.245570794064501E-002
   4.88446000000000        3.35869125000000      -5.564219397987225E-002
   4.88446000000000        3.66384500000000      -5.026897302187307E-002
   4.88446000000000        3.96899875000000      -4.601287468117182E-002
   4.88446000000000        4.27415250000000      -4.257511732504433E-002
   4.88446000000000        4.57930625000000      -3.969910338609040E-002
   4.88446000000000        4.88446000000000      -3.717889450471740E-002
   4.88446000000000        5.18961375000000      -3.488240541301396E-002
   4.88446000000000        5.49476750000000      -3.276663005698782E-002
   4.88446000000000        5.79992125000000      -3.086370757664023E-002
   4.88446000000000        6.10507500000000      -2.923813544550652E-002
   4.88446000000000        6.41022875000000      -2.794469709746249E-002
   4.88446000000000        6.71538250000000      -2.702137527722229E-002
   4.88446000000000        7.02053625000000      -2.650820864174037E-002
   4.88446000000000        7.32569000000000      -2.639960618012433E-002
   5.18961375000000       2.000000000000000E-003 -0.136304180314183     
   5.18961375000000       0.307153750000000      -0.135180016400928     
   5.18961375000000       0.612307500000000      -0.131794469776384     
   5.18961375000000       0.917461250000000      -0.126137351700984     
   5.18961375000000        1.22261500000000      -0.118249072200654     
   5.18961375000000        1.52776875000000      -0.108423710569562     
   5.18961375000000        1.83292250000000      -9.734499732080826E-002
   5.18961375000000        2.13807625000000      -8.598881865983114E-002
   5.18961375000000        2.44323000000000      -7.533677738189888E-002
   5.18961375000000        2.74838375000000      -6.608690346118433E-002
   5.18961375000000        3.05353750000000      -5.852254343228600E-002
   5.18961375000000        3.35869125000000      -5.256708214501064E-002
   5.18961375000000        3.66384500000000      -4.793973993463686E-002
   5.18961375000000        3.96899875000000      -4.430667530096478E-002
   5.18961375000000        4.27415250000000      -4.136806665774468E-002
   5.18961375000000        4.57930625000000      -3.888201548813378E-002
   5.18961375000000        4.88446000000000      -3.666715058887869E-002
   5.18961375000000        5.18961375000000      -3.461322971677537E-002
   5.18961375000000        5.49476750000000      -3.269096090270904E-002
   5.18961375000000        5.79992125000000      -3.094213498260042E-002
   5.18961375000000        6.10507500000000      -2.944625341232170E-002
   5.18961375000000        6.41022875000000      -2.828045770900471E-002
   5.18961375000000        6.71538250000000      -2.748809032267546E-002
   5.18961375000000        7.02053625000000      -2.704994183867131E-002
   5.18961375000000        7.32569000000000      -2.685638292659703E-002
   5.49476750000000       2.000000000000000E-003 -0.123805058723949     
   5.49476750000000       0.307153750000000      -0.122883221674408     
   5.49476750000000       0.612307500000000      -0.119947261631710     
   5.49476750000000       0.917461250000000      -0.114799704753958     
   5.49476750000000        1.22261500000000      -0.107526922373552     
   5.49476750000000        1.52776875000000      -9.850907262868561E-002
   5.49476750000000        1.83292250000000      -8.841865875291083E-002
   5.49476750000000        2.13807625000000      -7.816828934586954E-002
   5.49476750000000        2.44323000000000      -6.865681697073092E-002
   5.49476750000000        2.74838375000000      -6.051209187004877E-002
   5.49476750000000        3.05353750000000      -5.398003899143829E-002
   5.49476750000000        3.35869125000000      -4.897420189147101E-002
   5.49476750000000        3.66384500000000      -4.520171420123723E-002
   5.49476750000000        3.96899875000000      -4.229769106626900E-002
   5.49476750000000        4.27415250000000      -3.993819392911192E-002
   5.49476750000000        4.57930625000000      -3.789330568552703E-002
   5.49476750000000        4.88446000000000      -3.601862533583569E-002
   5.49476750000000        5.18961375000000      -3.423621298864942E-002
   5.49476750000000        5.49476750000000      -3.252995980941542E-002
   5.49476750000000        5.79992125000000      -3.094046660435255E-002
   5.49476750000000        6.10507500000000      -2.954963114388915E-002
   5.49476750000000        6.41022875000000      -2.846330913267788E-002
   5.49476750000000        6.71538250000000      -2.778899581513744E-002
   5.49476750000000        7.02053625000000      -2.752907071711383E-002
   5.49476750000000        7.32569000000000      -2.745898969538281E-002
   5.79992125000000       2.000000000000000E-003 -0.111864453413223     
   5.79992125000000       0.307153750000000      -0.111052167513772     
   5.79992125000000       0.612307500000000      -0.108467838176492     
   5.79992125000000       0.917461250000000      -0.103788168450044     
   5.79992125000000        1.22261500000000      -9.697518356027136E-002
   5.79992125000000        1.52776875000000      -8.852640489202639E-002
   5.79992125000000        1.83292250000000      -7.934290702153673E-002
   5.79992125000000        2.13807625000000      -7.016777569345764E-002
   5.79992125000000        2.44323000000000      -6.175450434733025E-002
   5.79992125000000        2.74838375000000      -5.463749734921652E-002
   5.79992125000000        3.05353750000000      -4.904968562193344E-002
   5.79992125000000        3.35869125000000      -4.496344665887312E-002
   5.79992125000000        3.66384500000000      -4.211159207112952E-002
   5.79992125000000        3.96899875000000      -4.003848579118107E-002
   5.79992125000000        4.27415250000000      -3.832299985324936E-002
   5.79992125000000        4.57930625000000      -3.674513887491246E-002
   5.79992125000000        4.88446000000000      -3.522589835667303E-002
   5.79992125000000        5.18961375000000      -3.373357217468074E-002
   5.79992125000000        5.49476750000000      -3.226045965359731E-002
   5.79992125000000        5.79992125000000      -3.082625199251353E-002
   5.79992125000000        6.10507500000000      -2.948839023568837E-002
   5.79992125000000        6.41022875000000      -2.847226746560950E-002
   5.79992125000000        6.71538250000000      -2.805512282367730E-002
   5.79992125000000        7.02053625000000      -2.821207247754047E-002
   5.79992125000000        7.32569000000000      -2.845056010513670E-002
   6.10507500000000       2.000000000000000E-003 -0.101201457688884     
   6.10507500000000       0.307153750000000      -0.100383905767939     
   6.10507500000000       0.612307500000000      -9.784148303773958E-002
   6.10507500000000       0.917461250000000      -9.339237701337683E-002
   6.10507500000000        1.22261500000000      -8.703775517311307E-002
   6.10507500000000        1.52776875000000      -7.923623769664268E-002
   6.10507500000000        1.83292250000000      -7.085335943158468E-002
   6.10507500000000        2.13807625000000      -6.265598968900338E-002
   6.10507500000000        2.44323000000000      -5.517029347329063E-002
   6.10507500000000        2.74838375000000      -4.877885704694806E-002
   6.10507500000000        3.05353750000000      -4.373620081124290E-002
   6.10507500000000        3.35869125000000      -4.032739181576099E-002
   6.10507500000000        3.66384500000000      -3.853761430698557E-002
   6.10507500000000        3.96899875000000      -3.752487365802600E-002
   6.10507500000000        4.27415250000000      -3.653542282146940E-002
   6.10507500000000        4.57930625000000      -3.541718185733818E-002
   6.10507500000000        4.88446000000000      -3.425600448602008E-002
   6.10507500000000        5.18961375000000      -3.307927243494387E-002
   6.10507500000000        5.49476750000000      -3.187385193888520E-002
   6.10507500000000        5.79992125000000      -3.060856149699065E-002
   6.10507500000000        6.10507500000000      -2.934198518428129E-002
   6.10507500000000        6.41022875000000      -2.843157413808959E-002
   6.10507500000000        6.71538250000000      -2.837936551042510E-002
   6.10507500000000        7.02053625000000      -2.925642936205439E-002
   6.10507500000000        7.32569000000000      -2.998800195248647E-002
   6.41022875000000       2.000000000000000E-003 -9.346198183814242E-002
   6.41022875000000       0.307153750000000      -9.220262820654607E-002
   6.41022875000000       0.612307500000000      -8.899489296026934E-002
   6.41022875000000       0.917461250000000      -8.429299401815454E-002
   6.41022875000000        1.22261500000000      -7.815503547377629E-002
   6.41022875000000        1.52776875000000      -7.096284829724873E-002
   6.41022875000000        1.83292250000000      -6.343981015969893E-002
   6.41022875000000        2.13807625000000      -5.615799774226537E-002
   6.41022875000000        2.44323000000000      -4.936055335809496E-002
   6.41022875000000        2.74838375000000      -4.308095466873361E-002
   6.41022875000000        3.05353750000000      -3.799772598363618E-002
   6.41022875000000        3.35869125000000      -3.541109781275701E-002
   6.41022875000000        3.66384500000000      -3.500651131110978E-002
   6.41022875000000        3.96899875000000      -3.506530631110192E-002
   6.41022875000000        4.27415250000000      -3.459219564619067E-002
   6.41022875000000        4.57930625000000      -3.383521712040134E-002
   6.41022875000000        4.88446000000000      -3.305220995630727E-002
   6.41022875000000        5.18961375000000      -3.225475677496700E-002
   6.41022875000000        5.49476750000000      -3.140380833319761E-002
   6.41022875000000        5.79992125000000      -3.041995429623307E-002
   6.41022875000000        6.10507500000000      -2.933450900212375E-002
   6.41022875000000        6.41022875000000      -2.851476045725184E-002
   6.41022875000000        6.71538250000000      -2.877043434010775E-002
   6.41022875000000        7.02053625000000      -3.071273349115232E-002
   6.41022875000000        7.32569000000000      -3.213016244757185E-002
   6.71538250000000       2.000000000000000E-003 -9.006102966441278E-002
   6.71538250000000       0.307153750000000      -8.740369818954985E-002
   6.71538250000000       0.612307500000000      -8.241506383895171E-002
   6.71538250000000       0.917461250000000      -7.691671023327439E-002
   6.71538250000000        1.22261500000000      -7.072456930423072E-002
   6.71538250000000        1.52776875000000      -6.403413072140668E-002
   6.71538250000000        1.83292250000000      -5.736388428979316E-002
   6.71538250000000        2.13807625000000      -5.104036506828408E-002
   6.71538250000000        2.44323000000000      -4.479602781649698E-002
   6.71538250000000        2.74838375000000      -3.846282334962672E-002
   6.71538250000000        3.05353750000000      -3.362742859135636E-002
   6.71538250000000        3.35869125000000      -3.175468891401323E-002
   6.71538250000000        3.66384500000000      -3.292165094521064E-002
   6.71538250000000        3.96899875000000      -3.343663040126423E-002
   6.71538250000000        4.27415250000000      -3.252138652484109E-002
   6.71538250000000        4.57930625000000      -3.182520990768755E-002
   6.71538250000000        4.88446000000000      -3.155986413428129E-002
   6.71538250000000        5.18961375000000      -3.127570156400301E-002
   6.71538250000000        5.49476750000000      -3.091445104436997E-002
   6.71538250000000        5.79992125000000      -3.041130223042401E-002
   6.71538250000000        6.10507500000000      -2.977536456064218E-002
   6.71538250000000        6.41022875000000      -2.919065419240749E-002
   6.71538250000000        6.71538250000000      -2.936700679620003E-002
   6.71538250000000        7.02053625000000      -3.199138807365103E-002
   6.71538250000000        7.32569000000000      -3.431793458503513E-002
   7.02053625000000       2.000000000000000E-003 -8.701360982068926E-002
   7.02053625000000       0.307153750000000      -8.333086879301127E-002
   7.02053625000000       0.612307500000000      -7.736998637055521E-002
   7.02053625000000       0.917461250000000      -7.117438437536781E-002
   7.02053625000000        1.22261500000000      -6.487407205242779E-002
   7.02053625000000        1.52776875000000      -5.863106363041783E-002
   7.02053625000000        1.83292250000000      -5.279198572788725E-002
   7.02053625000000        2.13807625000000      -4.752259122775734E-002
   7.02053625000000        2.44323000000000      -4.213920554283013E-002
   7.02053625000000        2.74838375000000      -3.690235068023221E-002
   7.02053625000000        3.05353750000000      -3.277844060048416E-002
   7.02053625000000        3.35869125000000      -3.138276473523357E-002
   7.02053625000000        3.66384500000000      -3.410175799487109E-002
   7.02053625000000        3.96899875000000      -3.287264662647890E-002
   7.02053625000000        4.27415250000000      -3.016016322755458E-002
   7.02053625000000        4.57930625000000      -2.949897994866349E-002
   7.02053625000000        4.88446000000000      -2.987040009459689E-002
   7.02053625000000        5.18961375000000      -3.022796668935335E-002
   7.02053625000000        5.49476750000000      -3.041282875010076E-002
   7.02053625000000        5.79992125000000      -3.053305631589963E-002
   7.02053625000000        6.10507500000000      -3.067160321139437E-002
   7.02053625000000        6.41022875000000      -3.088804893718104E-002
   7.02053625000000        6.71538250000000      -3.111524033419960E-002
   7.02053625000000        7.02053625000000      -3.145050678814258E-002
   7.02053625000000        7.32569000000000      -3.369810530729814E-002
   7.32569000000000       2.000000000000000E-003 -7.780719514959558E-002
   7.32569000000000       0.307153750000000      -7.673222905874084E-002
   7.32569000000000       0.612307500000000      -7.201441579624809E-002
   7.32569000000000       0.917461250000000      -6.636775526649383E-002
   7.32569000000000        1.22261500000000      -6.035905197840236E-002
   7.32569000000000        1.52776875000000      -5.463045920904436E-002
   7.32569000000000        1.83292250000000      -4.963795150844974E-002
   7.32569000000000        2.13807625000000      -4.551574651169881E-002
   7.32569000000000        2.44323000000000      -4.176587474648174E-002
   7.32569000000000        2.74838375000000      -3.893245417836237E-002
   7.32569000000000        3.05353750000000      -3.733603047849175E-002
   7.32569000000000        3.35869125000000      -3.671255057434490E-002
   7.32569000000000        3.66384500000000      -3.689890416803021E-002
   7.32569000000000        3.96899875000000      -3.181603551228847E-002
   7.32569000000000        4.27415250000000      -2.820333612738340E-002
   7.32569000000000        4.57930625000000      -2.777525903002032E-002
   7.32569000000000        4.88446000000000      -2.852724347816047E-002
   7.32569000000000        5.18961375000000      -2.928123517084998E-002
   7.32569000000000        5.49476750000000      -2.983034108837167E-002
   7.32569000000000        5.79992125000000      -3.042064464876752E-002
   7.32569000000000        6.10507500000000      -3.114049298583296E-002
   7.32569000000000        6.41022875000000      -3.198063417348060E-002
   7.32569000000000        6.71538250000000      -3.267392822188934E-002
   7.32569000000000        7.02053625000000      -3.224180905140386E-002
   7.32569000000000        7.32569000000000      -2.947017049131069E-002
