  2.000000000000000E-003  2.000000000000000E-003  -2.34510030241186     
  2.000000000000000E-003  0.307153750000000       -2.27943853289778     
  2.000000000000000E-003  0.612307500000000       -1.89210603338311     
  2.000000000000000E-003  0.917461250000000       -1.40354855352856     
  2.000000000000000E-003   1.22261500000000       -1.02487456801787     
  2.000000000000000E-003   1.52776875000000      -0.758601797030392     
  2.000000000000000E-003   1.83292250000000      -0.571811642188585     
  2.000000000000000E-003   2.13807625000000      -0.438469520322951     
  2.000000000000000E-003   2.44323000000000      -0.337238116641805     
  2.000000000000000E-003   2.74838375000000      -0.261184111346561     
  2.000000000000000E-003   3.05353750000000      -0.213725722539345     
  2.000000000000000E-003   3.35869125000000      -0.202523070327867     
  2.000000000000000E-003   3.66384500000000      -0.211663266793700     
  2.000000000000000E-003   3.96899875000000      -0.160526153953394     
  2.000000000000000E-003   4.27415250000000      -0.124088928666868     
  2.000000000000000E-003   4.57930625000000      -0.107246621990990     
  2.000000000000000E-003   4.88446000000000      -0.100692570076671     
  2.000000000000000E-003   5.18961375000000      -9.743768842188488E-002
  2.000000000000000E-003   5.49476750000000      -9.389752714166079E-002
  2.000000000000000E-003   5.79992125000000      -9.178980326208924E-002
  2.000000000000000E-003   6.10507500000000      -8.911787241995622E-002
  2.000000000000000E-003   6.41022875000000      -8.190007532299813E-002
  2.000000000000000E-003   6.71538250000000      -6.784424865871658E-002
  2.000000000000000E-003   7.02053625000000      -6.122124448382772E-002
  2.000000000000000E-003   7.32569000000000      -6.322739611473631E-002
  0.307153750000000       2.000000000000000E-003  -2.27914412511637     
  0.307153750000000       0.307153750000000       -2.02762819776442     
  0.307153750000000       0.612307500000000       -1.68207018419990     
  0.307153750000000       0.917461250000000       -1.29655591588642     
  0.307153750000000        1.22261500000000      -0.972974818932108     
  0.307153750000000        1.52776875000000      -0.732583765886182     
  0.307153750000000        1.83292250000000      -0.558865012811252     
  0.307153750000000        2.13807625000000      -0.433034229080269     
  0.307153750000000        2.44323000000000      -0.337929568751636     
  0.307153750000000        2.74838375000000      -0.267190895189124     
  0.307153750000000        3.05353750000000      -0.225962064606077     
  0.307153750000000        3.35869125000000      -0.218341099166845     
  0.307153750000000        3.66384500000000      -0.218557301252465     
  0.307153750000000        3.96899875000000      -0.176255727605867     
  0.307153750000000        4.27415250000000      -0.135090880203199     
  0.307153750000000        4.57930625000000      -0.113382706354076     
  0.307153750000000        4.88446000000000      -0.104082959728528     
  0.307153750000000        5.18961375000000      -9.899724275472992E-002
  0.307153750000000        5.49476750000000      -9.473943876411280E-002
  0.307153750000000        5.79992125000000      -9.222228681542420E-002
  0.307153750000000        6.10507500000000      -8.950261168825675E-002
  0.307153750000000        6.41022875000000      -8.346454329242183E-002
  0.307153750000000        6.71538250000000      -7.326913701511883E-002
  0.307153750000000        7.02053625000000      -6.809525310011590E-002
  0.307153750000000        7.32569000000000      -6.906472678255222E-002
  0.612307500000000       2.000000000000000E-003  -1.89174728074269     
  0.612307500000000       0.307153750000000       -1.68184976466375     
  0.612307500000000       0.612307500000000       -1.36452136227396     
  0.612307500000000       0.917461250000000       -1.08944222129707     
  0.612307500000000        1.22261500000000      -0.855886161117838     
  0.612307500000000        1.52776875000000      -0.668944011333253     
  0.612307500000000        1.83292250000000      -0.525337085431941     
  0.612307500000000        2.13807625000000      -0.417618141814966     
  0.612307500000000        2.44323000000000      -0.336759211141259     
  0.612307500000000        2.74838375000000      -0.277407378214360     
  0.612307500000000        3.05353750000000      -0.244302401966266     
  0.612307500000000        3.35869125000000      -0.234082219986569     
  0.612307500000000        3.66384500000000      -0.223846485940632     
  0.612307500000000        3.96899875000000      -0.190519682137154     
  0.612307500000000        4.27415250000000      -0.151687648954691     
  0.612307500000000        4.57930625000000      -0.125372454199079     
  0.612307500000000        4.88446000000000      -0.111397346695676     
  0.612307500000000        5.18961375000000      -0.102724507886504     
  0.612307500000000        5.49476750000000      -9.698776943548257E-002
  0.612307500000000        5.79992125000000      -9.336614761545034E-002
  0.612307500000000        6.10507500000000      -9.016265781815544E-002
  0.612307500000000        6.41022875000000      -8.548990927098472E-002
  0.612307500000000        6.71538250000000      -7.938663240320631E-002
  0.612307500000000        7.02053625000000      -7.525073646039114E-002
  0.612307500000000        7.32569000000000      -7.356567157001739E-002
  0.917461250000000       2.000000000000000E-003  -1.40317639027940     
  0.917461250000000       0.307153750000000       -1.29626201988563     
  0.917461250000000       0.612307500000000       -1.08930989857234     
  0.917461250000000       0.917461250000000      -0.894479926140410     
  0.917461250000000        1.22261500000000      -0.729187475433293     
  0.917461250000000        1.52776875000000      -0.591884172490585     
  0.917461250000000        1.83292250000000      -0.481164379026304     
  0.917461250000000        2.13807625000000      -0.394519225006072     
  0.917461250000000        2.44323000000000      -0.328714263425133     
  0.917461250000000        2.74838375000000      -0.281013101951199     
  0.917461250000000        3.05353750000000      -0.251171853631042     
  0.917461250000000        3.35869125000000      -0.234762362052241     
  0.917461250000000        3.66384500000000      -0.217867102750062     
  0.917461250000000        3.96899875000000      -0.190569798770385     
  0.917461250000000        4.27415250000000      -0.159288096589388     
  0.917461250000000        4.57930625000000      -0.134430280351602     
  0.917461250000000        4.88446000000000      -0.117905447959874     
  0.917461250000000        5.18961375000000      -0.107127897621690     
  0.917461250000000        5.49476750000000      -0.100191780135835     
  0.917461250000000        5.79992125000000      -9.539061305380062E-002
  0.917461250000000        6.10507500000000      -9.133493622641102E-002
  0.917461250000000        6.41022875000000      -8.678384211867696E-002
  0.917461250000000        6.71538250000000      -8.171765149092587E-002
  0.917461250000000        7.02053625000000      -7.732851683258447E-002
  0.917461250000000        7.32569000000000      -7.433751141804433E-002
   1.22261500000000       2.000000000000000E-003  -1.02456827868599     
   1.22261500000000       0.307153750000000      -0.972713452149899     
   1.22261500000000       0.612307500000000      -0.855729040214589     
   1.22261500000000       0.917461250000000      -0.729130370063388     
   1.22261500000000        1.22261500000000      -0.614930032029717     
   1.22261500000000        1.52776875000000      -0.516680312239659     
   1.22261500000000        1.83292250000000      -0.434173412977415     
   1.22261500000000        2.13807625000000      -0.366846813678001     
   1.22261500000000        2.44323000000000      -0.314222321104374     
   1.22261500000000        2.74838375000000      -0.275003178833098     
   1.22261500000000        3.05353750000000      -0.247166442761279     
   1.22261500000000        3.35869125000000      -0.226870730920234     
   1.22261500000000        3.66384500000000      -0.207323844936111     
   1.22261500000000        3.96899875000000      -0.184078503644217     
   1.22261500000000        4.27415250000000      -0.159528010835221     
   1.22261500000000        4.57930625000000      -0.138364288765695     
   1.22261500000000        4.88446000000000      -0.122395316227724     
   1.22261500000000        5.18961375000000      -0.111311897972160     
   1.22261500000000        5.49476750000000      -0.103846906431495     
   1.22261500000000        5.79992125000000      -9.833658106092630E-002
   1.22261500000000        6.10507500000000      -9.352530196804387E-002
   1.22261500000000        6.41022875000000      -8.864654001370841E-002
   1.22261500000000        6.71538250000000      -8.368353257786193E-002
   1.22261500000000        7.02053625000000      -7.926937023641020E-002
   1.22261500000000        7.32569000000000      -7.604521513875533E-002
   1.52776875000000       2.000000000000000E-003 -0.758416186393044     
   1.52776875000000       0.307153750000000      -0.732421786624293     
   1.52776875000000       0.612307500000000      -0.668838932412831     
   1.52776875000000       0.917461250000000      -0.591838917930340     
   1.52776875000000        1.22261500000000      -0.516672861631288     
   1.52776875000000        1.52776875000000      -0.448478743625402     
   1.52776875000000        1.83292250000000      -0.388386877375783     
   1.52776875000000        2.13807625000000      -0.337423373739712     
   1.52776875000000        2.44323000000000      -0.295903311867677     
   1.52776875000000        2.74838375000000      -0.263203418158065     
   1.52776875000000        3.05353750000000      -0.237678104248947     
   1.52776875000000        3.35869125000000      -0.216644587753131     
   1.52776875000000        3.66384500000000      -0.196988542484928     
   1.52776875000000        3.96899875000000      -0.176916092425961     
   1.52776875000000        4.27415250000000      -0.157104819206480     
   1.52776875000000        4.57930625000000      -0.139468573186474     
   1.52776875000000        4.88446000000000      -0.125361624896233     
   1.52776875000000        5.18961375000000      -0.114971607263834     
   1.52776875000000        5.49476750000000      -0.107533988682611     
   1.52776875000000        5.79992125000000      -0.101822488343620     
   1.52776875000000        6.10507500000000      -9.668792968307108E-002
   1.52776875000000        6.41022875000000      -9.162723490128256E-002
   1.52776875000000        6.71538250000000      -8.673395028272415E-002
   1.52776875000000        7.02053625000000      -8.244673961133007E-002
   1.52776875000000        7.32569000000000      -7.912312749315198E-002
   1.83292250000000       2.000000000000000E-003 -0.571778256814112     
   1.83292250000000       0.307153750000000      -0.558839320282442     
   1.83292250000000       0.612307500000000      -0.525331006315632     
   1.83292250000000       0.917461250000000      -0.481177861892154     
   1.83292250000000        1.22261500000000      -0.434194768898626     
   1.83292250000000        1.52776875000000      -0.388402595279888     
   1.83292250000000        1.83292250000000      -0.345997319865640     
   1.83292250000000        2.13807625000000      -0.308304423977509     
   1.83292250000000        2.44323000000000      -0.275953855255063     
   1.83292250000000        2.74838375000000      -0.248841101502825     
   1.83292250000000        3.05353750000000      -0.226119341322564     
   1.83292250000000        3.35869125000000      -0.206374199847448     
   1.83292250000000        3.66384500000000      -0.188133682625517     
   1.83292250000000        3.96899875000000      -0.170605440809132     
   1.83292250000000        4.27415250000000      -0.154046599385542     
   1.83292250000000        4.57930625000000      -0.139349777928842     
   1.83292250000000        4.88446000000000      -0.127272620837447     
   1.83292250000000        5.18961375000000      -0.117947429950660     
   1.83292250000000        5.49476750000000      -0.110856627268544     
   1.83292250000000        5.79992125000000      -0.105142379313216     
   1.83292250000000        6.10507500000000      -0.100023096668235     
   1.83292250000000        6.41022875000000      -9.509169127701637E-002
   1.83292250000000        6.71538250000000      -9.039240332667318E-002
   1.83292250000000        7.02053625000000      -8.625749436172660E-002
   1.83292250000000        7.32569000000000      -8.286292001628730E-002
   2.13807625000000       2.000000000000000E-003 -0.438605918637089     
   2.13807625000000       0.307153750000000      -0.433163053831344     
   2.13807625000000       0.612307500000000      -0.417728318799497     
   2.13807625000000       0.917461250000000      -0.394606972279312     
   2.13807625000000        1.22261500000000      -0.366912088486233     
   2.13807625000000        1.52776875000000      -0.337466761457542     
   2.13807625000000        1.83292250000000      -0.308326207963760     
   2.13807625000000        2.13807625000000      -0.280838935233695     
   2.13807625000000        2.44323000000000      -0.255794549431649     
   2.13807625000000        2.74838375000000      -0.233487644332077     
   2.13807625000000        3.05353750000000      -0.213746073328967     
   2.13807625000000        3.35869125000000      -0.196046599681245     
   2.13807625000000        3.66384500000000      -0.179790880898481     
   2.13807625000000        3.96899875000000      -0.164653871880564     
   2.13807625000000        4.27415250000000      -0.150758287882033     
   2.13807625000000        4.57930625000000      -0.138517381533530     
   2.13807625000000        4.88446000000000      -0.128277175521754     
   2.13807625000000        5.18961375000000      -0.120032211643713     
   2.13807625000000        5.49476750000000      -0.113385557202871     
   2.13807625000000        5.79992125000000      -0.107748107354468     
   2.13807625000000        6.10507500000000      -0.102633999127994     
   2.13807625000000        6.41022875000000      -9.786421901483719E-002
   2.13807625000000        6.71538250000000      -9.354402966400692E-002
   2.13807625000000        7.02053625000000      -8.981100241494193E-002
   2.13807625000000        7.32569000000000      -8.656411071084683E-002
   2.44323000000000       2.000000000000000E-003 -0.337559871079780     
   2.44323000000000       0.307153750000000      -0.338222072844451     
   2.44323000000000       0.612307500000000      -0.336985264733366     
   2.44323000000000       0.917461250000000      -0.328875657593867     
   2.44323000000000        1.22261500000000      -0.314333974059049     
   2.44323000000000        1.52776875000000      -0.295978197618894     
   2.44323000000000        1.83292250000000      -0.276000394316724     
   2.44323000000000        2.13807625000000      -0.255817229711913     
   2.44323000000000        2.44323000000000      -0.236322960575811     
   2.44323000000000        2.74838375000000      -0.218059621918210     
   2.44323000000000        3.05353750000000      -0.201264499821690     
   2.44323000000000        3.35869125000000      -0.185915330759815     
   2.44323000000000        3.66384500000000      -0.171856748150025     
   2.44323000000000        3.96899875000000      -0.158980774995990     
   2.44323000000000        4.27415250000000      -0.147340163542957     
   2.44323000000000        4.57930625000000      -0.137097378787904     
   2.44323000000000        4.88446000000000      -0.128356530921365     
   2.44323000000000        5.18961375000000      -0.121014958793882     
   2.44323000000000        5.49476750000000      -0.114748551730186     
   2.44323000000000        5.79992125000000      -0.109156087238279     
   2.44323000000000        6.10507500000000      -0.103983185055108     
   2.44323000000000        6.41022875000000      -9.929175425444527E-002
   2.44323000000000        6.71538250000000      -9.542089539538644E-002
   2.44323000000000        7.02053625000000      -9.254225263646171E-002
   2.44323000000000        7.32569000000000      -8.999934301528804E-002
   2.74838375000000       2.000000000000000E-003 -0.261695200559910     
   2.74838375000000       0.307153750000000      -0.267646435228540     
   2.74838375000000       0.612307500000000      -0.277740112502574     
   2.74838375000000       0.917461250000000      -0.281234297457097     
   2.74838375000000        1.22261500000000      -0.275153099524046     
   2.74838375000000        1.52776875000000      -0.263308061757052     
   2.74838375000000        1.83292250000000      -0.248913873565025     
   2.74838375000000        2.13807625000000      -0.233535200077237     
   2.74838375000000        2.44323000000000      -0.218084067799759     
   2.74838375000000        2.74838375000000      -0.203171259084929     
   2.74838375000000        3.05353750000000      -0.189172778982272     
   2.74838375000000        3.35869125000000      -0.176244757999017     
   2.74838375000000        3.66384500000000      -0.164389677951141     
   2.74838375000000        3.96899875000000      -0.153569849810202     
   2.74838375000000        4.27415250000000      -0.143792776166835     
   2.74838375000000        4.57930625000000      -0.135100228960472     
   2.74838375000000        4.88446000000000      -0.127481539417748     
   2.74838375000000        5.18961375000000      -0.120792663551500     
   2.74838375000000        5.49476750000000      -0.114760125967220     
   2.74838375000000        5.79992125000000      -0.109097854463700     
   2.74838375000000        6.10507500000000      -0.103701653524558     
   2.74838375000000        6.41022875000000      -9.888725017095017E-002
   2.74838375000000        6.71538250000000      -9.541975053808108E-002
   2.74838375000000        7.02053625000000      -9.371692719025276E-002
   2.74838375000000        7.32569000000000      -9.265791119322088E-002
   3.05353750000000       2.000000000000000E-003 -0.214340500143735     
   3.05353750000000       0.307153750000000      -0.226491862862005     
   3.05353750000000       0.612307500000000      -0.244666810770183     
   3.05353750000000       0.917461250000000      -0.251410777568330     
   3.05353750000000        1.22261500000000      -0.247336835971550     
   3.05353750000000        1.52776875000000      -0.237808658475375     
   3.05353750000000        1.83292250000000      -0.226220665834552     
   3.05353750000000        2.13807625000000      -0.213822804715554     
   3.05353750000000        2.44323000000000      -0.201317687455809     
   3.05353750000000        2.74838375000000      -0.189200850552627     
   3.05353750000000        3.05353750000000      -0.177778935306159     
   3.05353750000000        3.35869125000000      -0.167171402155926     
   3.05353750000000        3.66384500000000      -0.157371596496400     
   3.05353750000000        3.96899875000000      -0.148337839690433     
   3.05353750000000        4.27415250000000      -0.140054574785626     
   3.05353750000000        4.57930625000000      -0.132524095335285     
   3.05353750000000        4.88446000000000      -0.125703085620637     
   3.05353750000000        5.18961375000000      -0.119444975126171     
   3.05353750000000        5.49476750000000      -0.113508400476149     
   3.05353750000000        5.79992125000000      -0.107645174062528     
   3.05353750000000        6.10507500000000      -0.101739618043176     
   3.05353750000000        6.41022875000000      -9.613251337304239E-002
   3.05353750000000        6.71538250000000      -9.232042406885953E-002
   3.05353750000000        7.02053625000000      -9.194482800925782E-002
   3.05353750000000        7.32569000000000      -9.334140185814757E-002
   3.35869125000000       2.000000000000000E-003 -0.203010873982521     
   3.35869125000000       0.307153750000000      -0.218745264929492     
   3.35869125000000       0.612307500000000      -0.234353422200939     
   3.35869125000000       0.917461250000000      -0.234961694266294     
   3.35869125000000        1.22261500000000      -0.227043820355121     
   3.35869125000000        1.52776875000000      -0.216801117797073     
   3.35869125000000        1.83292250000000      -0.206509852648748     
   3.35869125000000        2.13807625000000      -0.196159390644373     
   3.35869125000000        2.44323000000000      -0.186003328714132     
   3.35869125000000        2.74838375000000      -0.176305490902501     
   3.35869125000000        3.05353750000000      -0.167202482388573     
   3.35869125000000        3.35869125000000      -0.158689287416813     
   3.35869125000000        3.66384500000000      -0.150692679988294     
   3.35869125000000        3.96899875000000      -0.143153411933379     
   3.35869125000000        4.27415250000000      -0.136056708000154     
   3.35869125000000        4.57930625000000      -0.129409480928617     
   3.35869125000000        4.88446000000000      -0.123175844126853     
   3.35869125000000        5.18961375000000      -0.117224940418933     
   3.35869125000000        5.49476750000000      -0.111337932218450     
   3.35869125000000        5.79992125000000      -0.105252223819273     
   3.35869125000000        6.10507500000000      -9.864689397270882E-002
   3.35869125000000        6.41022875000000      -9.182611739226980E-002
   3.35869125000000        6.71538250000000      -8.689219959776454E-002
   3.35869125000000        7.02053625000000      -8.708063424751337E-002
   3.35869125000000        7.32569000000000      -9.050357394936334E-002
   3.66384500000000       2.000000000000000E-003 -0.211956261955794     
   3.66384500000000       0.307153750000000      -0.218745750694834     
   3.66384500000000       0.612307500000000      -0.223981069187675     
   3.66384500000000       0.917461250000000      -0.218019395943624     
   3.66384500000000        1.22261500000000      -0.207506381480959     
   3.66384500000000        1.52776875000000      -0.197181515620652     
   3.66384500000000        1.83292250000000      -0.188314056280243     
   3.66384500000000        2.13807625000000      -0.179948520372837     
   3.66384500000000        2.44323000000000      -0.171986156123942     
   3.66384500000000        2.74838375000000      -0.164487432239001     
   3.66384500000000        3.05353750000000      -0.157436031329643     
   3.66384500000000        3.35869125000000      -0.150724050069359     
   3.66384500000000        3.66384500000000      -0.144236399310494     
   3.66384500000000        3.96899875000000      -0.137920425578549     
   3.66384500000000        4.27415250000000      -0.131784721044761     
   3.66384500000000        4.57930625000000      -0.125857698050709     
   3.66384500000000        4.88446000000000      -0.120120044500849     
   3.66384500000000        5.18961375000000      -0.114463541327492     
   3.66384500000000        5.49476750000000      -0.108704615095799     
   3.66384500000000        5.79992125000000      -0.102599199991768     
   3.66384500000000        6.10507500000000      -9.572122698826326E-002
   3.66384500000000        6.41022875000000      -8.846783051265150E-002
   3.66384500000000        6.71538250000000      -8.307658372588919E-002
   3.66384500000000        7.02053625000000      -8.328044765514418E-002
   3.66384500000000        7.32569000000000      -8.513265660490382E-002
   3.96899875000000       2.000000000000000E-003 -0.160746018461957     
   3.96899875000000       0.307153750000000      -0.176393962899796     
   3.96899875000000       0.612307500000000      -0.190635160740040     
   3.96899875000000       0.917461250000000      -0.190742510025024     
   3.96899875000000        1.22261500000000      -0.184307975650347     
   3.96899875000000        1.52776875000000      -0.177165479791346     
   3.96899875000000        1.83292250000000      -0.170843184451085     
   3.96899875000000        2.13807625000000      -0.164864831644100     
   3.96899875000000        2.44323000000000      -0.159157159476417     
   3.96899875000000        2.74838375000000      -0.153708047349330     
   3.96899875000000        3.05353750000000      -0.148437355029221     
   3.96899875000000        3.35869125000000      -0.143216308266875     
   3.96899875000000        3.66384500000000      -0.137950294488271     
   3.96899875000000        3.96899875000000      -0.132627330999239     
   3.96899875000000        4.27415250000000      -0.127295277715007     
   3.96899875000000        4.57930625000000      -0.122003947115650     
   3.96899875000000        4.88446000000000      -0.116745062466694     
   3.96899875000000        5.18961375000000      -0.111436718496232     
   3.96899875000000        5.49476750000000      -0.105958099589452     
   3.96899875000000        5.79992125000000      -0.100178005836306     
   3.96899875000000        6.10507500000000      -9.388673465774929E-002
   3.96899875000000        6.41022875000000      -8.763489703720938E-002
   3.96899875000000        6.71538250000000      -8.372811718438082E-002
   3.96899875000000        7.02053625000000      -8.485957022681581E-002
   3.96899875000000        7.32569000000000      -8.755942444693106E-002
   4.27415250000000       2.000000000000000E-003 -0.124302768276184     
   4.27415250000000       0.307153750000000      -0.135296652480255     
   4.27415250000000       0.612307500000000      -0.151908223059631     
   4.27415250000000       0.917461250000000      -0.159559667823114     
   4.27415250000000        1.22261500000000      -0.159844689847513     
   4.27415250000000        1.52776875000000      -0.157429259927413     
   4.27415250000000        1.83292250000000      -0.154351404639368     
   4.27415250000000        2.13807625000000      -0.151028013424119     
   4.27415250000000        2.44323000000000      -0.147567026251990     
   4.27415250000000        2.74838375000000      -0.143974212360249     
   4.27415250000000        3.05353750000000      -0.140191741133267     
   4.27415250000000        3.35869125000000      -0.136153341262816     
   4.27415250000000        3.66384500000000      -0.131845810845877     
   4.27415250000000        3.96899875000000      -0.127325182435580     
   4.27415250000000        4.27415250000000      -0.122678319512071     
   4.27415250000000        4.57930625000000      -0.117965563276454     
   4.27415250000000        4.88446000000000      -0.113182830204517     
   4.27415250000000        5.18961375000000      -0.108276875141747     
   4.27415250000000        5.49476750000000      -0.103203966010348     
   4.27415250000000        5.79992125000000      -9.798656779205127E-002
   4.27415250000000        6.10507500000000      -9.275423180963027E-002
   4.27415250000000        6.41022875000000      -8.807838353776291E-002
   4.27415250000000        6.71538250000000      -8.571552735409846E-002
   4.27415250000000        7.02053625000000      -8.663822132100699E-002
   4.27415250000000        7.32569000000000      -8.805113140653760E-002
   4.57930625000000       2.000000000000000E-003 -0.107597146459620     
   4.57930625000000       0.307153750000000      -0.113739853861127     
   4.57930625000000       0.612307500000000      -0.125748461085282     
   4.57930625000000       0.917461250000000      -0.134835001318194     
   4.57930625000000        1.22261500000000      -0.138782909710104     
   4.57930625000000        1.52776875000000      -0.139875363296406     
   4.57930625000000        1.83292250000000      -0.139724414615851     
   4.57930625000000        2.13807625000000      -0.138847241370279     
   4.57930625000000        2.44323000000000      -0.137376816029758     
   4.57930625000000        2.74838375000000      -0.135328810734136     
   4.57930625000000        3.05353750000000      -0.132704728893474     
   4.57930625000000        3.35869125000000      -0.129546877770056     
   4.57930625000000        3.66384500000000      -0.125957103635381     
   4.57930625000000        3.96899875000000      -0.122069786959634     
   4.57930625000000        4.27415250000000      -0.117999736987653     
   4.57930625000000        4.57930625000000      -0.113802969273241     
   4.57930625000000        4.88446000000000      -0.109472591182121     
   4.57930625000000        5.18961375000000      -0.104981017026632     
   4.57930625000000        5.49476750000000      -0.100351619904704     
   4.57930625000000        5.79992125000000      -9.571777335209813E-002
   4.57930625000000        6.10507500000000      -9.136336421050953E-002
   4.57930625000000        6.41022875000000      -8.781646382456020E-002
   4.57930625000000        6.71538250000000      -8.592259469164958E-002
   4.57930625000000        7.02053625000000      -8.572737743507140E-002
   4.57930625000000        7.32569000000000      -8.543317903532766E-002
   4.88446000000000       2.000000000000000E-003 -0.101210319600407     
   4.88446000000000       0.307153750000000      -0.104603691929084     
   4.88446000000000       0.612307500000000      -0.111922963465357     
   4.88446000000000       0.917461250000000      -0.118431724189027     
   4.88446000000000        1.22261500000000      -0.122909052110616     
   4.88446000000000        1.52776875000000      -0.125845988307080     
   4.88446000000000        1.83292250000000      -0.127713443323857     
   4.88446000000000        2.13807625000000      -0.128666226435266     
   4.88446000000000        2.44323000000000      -0.128691667742169     
   4.88446000000000        2.74838375000000      -0.127764881954282     
   4.88446000000000        3.05353750000000      -0.125938698505290     
   4.88446000000000        3.35869125000000      -0.123368031654429     
   4.88446000000000        3.66384500000000      -0.120272524171678     
   4.88446000000000        3.96899875000000      -0.116860572419564     
   4.88446000000000        4.27415250000000      -0.113262529167509     
   4.88446000000000        4.57930625000000      -0.109515010620622     
   4.88446000000000        4.88446000000000      -0.105595843078618     
   4.88446000000000        5.18961375000000      -0.101491642520019     
   4.88446000000000        5.49476750000000      -9.726888522582525E-002
   4.88446000000000        5.79992125000000      -9.311045321582920E-002
   4.88446000000000        6.10507500000000      -8.930543722630864E-002
   4.88446000000000        6.41022875000000      -8.620652524739550E-002
   4.88446000000000        6.71538250000000      -8.411633107197496E-002
   4.88446000000000        7.02053625000000      -8.290885116957705E-002
   4.88446000000000        7.32569000000000      -8.155235044123403E-002
   5.18961375000000       2.000000000000000E-003 -9.809747323952184E-002
   5.18961375000000       0.307153750000000      -9.965318478117954E-002
   5.18961375000000       0.612307500000000      -0.103368571491467     
   5.18961375000000       0.917461250000000      -0.107751437534700     
   5.18961375000000        1.22261500000000      -0.111904459717470     
   5.18961375000000        1.52776875000000      -0.115522375079668     
   5.18961375000000        1.83292250000000      -0.118448461797583     
   5.18961375000000        2.13807625000000      -0.120480659509776     
   5.18961375000000        2.44323000000000      -0.121412744463089     
   5.18961375000000        2.74838375000000      -0.121144111748946     
   5.18961375000000        3.05353750000000      -0.119754051624231     
   5.18961375000000        3.35869125000000      -0.117493608565362     
   5.18961375000000        3.66384500000000      -0.114691735577492     
   5.18961375000000        3.96899875000000      -0.111623305184052     
   5.18961375000000        4.27415250000000      -0.108420463975065     
   5.18961375000000        4.57930625000000      -0.105079920819106     
   5.18961375000000        4.88446000000000      -0.101543193197809     
   5.18961375000000        5.18961375000000      -9.779091710289717E-002
   5.18961375000000        5.49476750000000      -9.390615528059411E-002
   5.18961375000000        5.79992125000000      -9.008141628291390E-002
   5.18961375000000        6.10507500000000      -8.657276342946318E-002
   5.18961375000000        6.41022875000000      -8.361698737381500E-002
   5.18961375000000        6.71538250000000      -8.131127628163809E-002
   5.18961375000000        7.02053625000000      -7.946703491376000E-002
   5.18961375000000        7.32569000000000      -7.760060353503159E-002
   5.49476750000000       2.000000000000000E-003 -9.467736644601471E-002
   5.49476750000000       0.307153750000000      -9.550816496749585E-002
   5.49476750000000       0.612307500000000      -9.772726940103135E-002
   5.49476750000000       0.917461250000000      -0.100890852416239     
   5.49476750000000        1.22261500000000      -0.104500615644455     
   5.49476750000000        1.52776875000000      -0.108139632174236     
   5.49476750000000        1.83292250000000      -0.111413739265729     
   5.49476750000000        2.13807625000000      -0.113897307080872     
   5.49476750000000        2.44323000000000      -0.115220909579609     
   5.49476750000000        2.74838375000000      -0.115198936936187     
   5.49476750000000        3.05353750000000      -0.113916126911839     
   5.49476750000000        3.35869125000000      -0.111712005116411     
   5.49476750000000        3.66384500000000      -0.109038429732025     
   5.49476750000000        3.96899875000000      -0.106243912927041     
   5.49476750000000        4.27415250000000      -0.103435646574387     
   5.49476750000000        4.57930625000000      -0.100525758116674     
   5.49476750000000        4.88446000000000      -9.738433841621541E-002
   5.49476750000000        5.18961375000000      -9.396315752187399E-002
   5.49476750000000        5.49476750000000      -9.034012750211853E-002
   5.49476750000000        5.79992125000000      -8.669841696112136E-002
   5.49476750000000        6.10507500000000      -8.327263158981406E-002
   5.49476750000000        6.41022875000000      -8.028793178283822E-002
   5.49476750000000        6.71538250000000      -7.786923568923726E-002
   5.49476750000000        7.02053625000000      -7.588332060428860E-002
   5.49476750000000        7.32569000000000      -7.397090936657984E-002
   5.79992125000000       2.000000000000000E-003 -9.266264898898124E-002
   5.79992125000000       0.307153750000000      -9.307333206198425E-002
   5.79992125000000       0.612307500000000      -9.416938502363503E-002
   5.79992125000000       0.917461250000000      -9.614017812743422E-002
   5.79992125000000        1.22261500000000      -9.903440065923283E-002
   5.79992125000000        1.52776875000000      -0.102473712097622     
   5.79992125000000        1.83292250000000      -0.105754535259461     
   5.79992125000000        2.13807625000000      -0.108330211351752     
   5.79992125000000        2.44323000000000      -0.109718141914890     
   5.79992125000000        2.74838375000000      -0.109647515899579     
   5.79992125000000        3.05353750000000      -0.108183206005732     
   5.79992125000000        3.35869125000000      -0.105769359992775     
   5.79992125000000        3.66384500000000      -0.103077911030271     
   5.79992125000000        3.96899875000000      -0.100599182604687     
   5.79992125000000        4.27415250000000      -9.833608618543492E-002
   5.79992125000000        4.57930625000000      -9.598912979046254E-002
   5.79992125000000        4.88446000000000      -9.330367883866257E-002
   5.79992125000000        5.18961375000000      -9.020081926976056E-002
   5.79992125000000        5.49476750000000      -8.675176012740142E-002
   5.79992125000000        5.79992125000000      -8.311877702402361E-002
   5.79992125000000        6.10507500000000      -7.952081179513751E-002
   5.79992125000000        6.41022875000000      -7.631698209722421E-002
   5.79992125000000        6.71538250000000      -7.371662558900514E-002
   5.79992125000000        7.02053625000000      -7.165011167169277E-002
   5.79992125000000        7.32569000000000      -6.982196772674802E-002
   6.10507500000000       2.000000000000000E-003 -9.007450904467076E-002
   6.10507500000000       0.307153750000000      -9.041463501182080E-002
   6.10507500000000       0.612307500000000      -9.099434044175948E-002
   6.10507500000000       0.917461250000000      -9.210268155352885E-002
   6.10507500000000        1.22261500000000      -9.424774869613708E-002
   6.10507500000000        1.52776875000000      -9.737638866232005E-002
   6.10507500000000        1.83292250000000      -0.100690068858470     
   6.10507500000000        2.13807625000000      -0.103292617218984     
   6.10507500000000        2.44323000000000      -0.104648700210452     
   6.10507500000000        2.74838375000000      -0.104387894879534     
   6.10507500000000        3.05353750000000      -0.102450582534173     
   6.10507500000000        3.35869125000000      -9.936491081676992E-002
   6.10507500000000        3.66384500000000      -9.640596448519163E-002
   6.10507500000000        3.96899875000000      -9.449756786220945E-002
   6.10507500000000        4.27415250000000      -9.326129382111034E-002
   6.10507500000000        4.57930625000000      -9.175682814829431E-002
   6.10507500000000        4.88446000000000      -8.958961682911246E-002
   6.10507500000000        5.18961375000000      -8.675789355774016E-002
   6.10507500000000        5.49476750000000      -8.337189067163366E-002
   6.10507500000000        5.79992125000000      -7.955346062734858E-002
   6.10507500000000        6.10507500000000      -7.560361001111462E-002
   6.10507500000000        6.41022875000000      -7.192192269361798E-002
   6.10507500000000        6.71538250000000      -6.884431959119550E-002
   6.10507500000000        7.02053625000000      -6.647923766871371E-002
   6.10507500000000        7.32569000000000      -6.459475980352608E-002
   6.41022875000000       2.000000000000000E-003 -8.295756550521861E-002
   6.41022875000000       0.307153750000000      -8.442307376628298E-002
   6.41022875000000       0.612307500000000      -8.631693572813048E-002
   6.41022875000000       0.917461250000000      -8.755006750164870E-002
   6.41022875000000        1.22261500000000      -8.938430159603182E-002
   6.41022875000000        1.52776875000000      -9.234798509943032E-002
   6.41022875000000        1.83292250000000      -9.581028727065743E-002
   6.41022875000000        2.13807625000000      -9.859833253345944E-002
   6.41022875000000        2.44323000000000      -0.100066102840477     
   6.41022875000000        2.74838375000000      -9.973681537232260E-002
   6.41022875000000        3.05353750000000      -9.706812384322891E-002
   6.41022875000000        3.35869125000000      -9.279255041611047E-002
   6.41022875000000        3.66384500000000      -8.939389279169092E-002
   6.41022875000000        3.96899875000000      -8.847605246866506E-002
   6.41022875000000        4.27415250000000      -8.879087232817180E-002
   6.41022875000000        4.57930625000000      -8.836140349487857E-002
   6.41022875000000        4.88446000000000      -8.659114255039589E-002
   6.41022875000000        5.18961375000000      -8.386686500726415E-002
   6.41022875000000        5.49476750000000      -8.042159957226686E-002
   6.41022875000000        5.79992125000000      -7.635805762404928E-002
   6.41022875000000        6.10507500000000      -7.191451657705780E-002
   6.41022875000000        6.41022875000000      -6.742474138668275E-002
   6.41022875000000        6.71538250000000      -6.336547067960452E-002
   6.41022875000000        7.02053625000000      -6.011595005371255E-002
   6.41022875000000        7.32569000000000      -5.763857704059602E-002
   6.71538250000000       2.000000000000000E-003 -6.902555488795127E-002
   6.71538250000000       0.307153750000000      -7.423981690777978E-002
   6.71538250000000       0.612307500000000      -8.020566725533404E-002
   6.71538250000000       0.917461250000000      -8.250521694841612E-002
   6.71538250000000        1.22261500000000      -8.445118412247687E-002
   6.71538250000000        1.52776875000000      -8.748880078009452E-002
   6.71538250000000        1.83292250000000      -9.115407205536064E-002
   6.71538250000000        2.13807625000000      -9.433857990144486E-002
   6.71538250000000        2.44323000000000      -9.628925757360834E-002
   6.71538250000000        2.74838375000000      -9.642496475156456E-002
   6.71538250000000        3.05353750000000      -9.345237695488343E-002
   6.71538250000000        3.35869125000000      -8.804542738957782E-002
   6.71538250000000        3.66384500000000      -8.414352641941786E-002
   6.71538250000000        3.96899875000000      -8.473464607100814E-002
   6.71538250000000        4.27415250000000      -8.661613323891879E-002
   6.71538250000000        4.57930625000000      -8.662765660662843E-002
   6.71538250000000        4.88446000000000      -8.460031553705118E-002
   6.71538250000000        5.18961375000000      -8.161818559087217E-002
   6.71538250000000        5.49476750000000      -7.802581208583168E-002
   6.71538250000000        5.79992125000000      -7.374982715293360E-002
   6.71538250000000        6.10507500000000      -6.879687548616094E-002
   6.71538250000000        6.41022875000000      -6.329904864997654E-002
   6.71538250000000        6.71538250000000      -5.773029339488880E-002
   6.71538250000000        7.02053625000000      -5.278920725104624E-002
   6.71538250000000        7.32569000000000      -4.885399187279368E-002
   7.02053625000000       2.000000000000000E-003 -6.242875939619873E-002
   7.02053625000000       0.307153750000000      -6.906123577757628E-002
   7.02053625000000       0.612307500000000      -7.620764712684164E-002
   7.02053625000000       0.917461250000000      -7.822326082204195E-002
   7.02053625000000        1.22261500000000      -8.009309910118259E-002
   7.02053625000000        1.52776875000000      -8.323509235904523E-002
   7.02053625000000        1.83292250000000      -8.704612830101544E-002
   7.02053625000000        2.13807625000000      -9.063239556292062E-002
   7.02053625000000        2.44323000000000      -9.345055719900219E-002
   7.02053625000000        2.74838375000000      -9.476701573182200E-002
   7.02053625000000        3.05353750000000      -9.311555923764893E-002
   7.02053625000000        3.35869125000000      -8.819401960503166E-002
   7.02053625000000        3.66384500000000      -8.415483631353265E-002
   7.02053625000000        3.96899875000000      -8.583370368991175E-002
   7.02053625000000        4.27415250000000      -8.762394655675307E-002
   7.02053625000000        4.57930625000000      -8.652567689294437E-002
   7.02053625000000        4.88446000000000      -8.346422987352058E-002
   7.02053625000000        5.18961375000000      -7.981385276995398E-002
   7.02053625000000        5.49476750000000      -7.605771532593313E-002
   7.02053625000000        5.79992125000000      -7.167524812282311E-002
   7.02053625000000        6.10507500000000      -6.638642184007010E-002
   7.02053625000000        6.41022875000000      -5.995768819415073E-002
   7.02053625000000        6.71538250000000      -5.264887383849759E-002
   7.02053625000000        7.02053625000000      -4.572140619265183E-002
   7.02053625000000        7.32569000000000      -4.153357630125769E-002
   7.32569000000000       2.000000000000000E-003 -6.436865492842077E-002
   7.32569000000000       0.307153750000000      -7.031552805820643E-002
   7.32569000000000       0.612307500000000      -7.476318245530998E-002
   7.32569000000000       0.917461250000000      -7.533005272126611E-002
   7.32569000000000        1.22261500000000      -7.690320293177128E-002
   7.32569000000000        1.52776875000000      -7.992336056558458E-002
   7.32569000000000        1.83292250000000      -8.365102095615733E-002
   7.32569000000000        2.13807625000000      -8.736579398530600E-002
   7.32569000000000        2.44323000000000      -9.085125935853731E-002
   7.32569000000000        2.74838375000000      -9.356989751449377E-002
   7.32569000000000        3.05353750000000      -9.425878228585487E-002
   7.32569000000000        3.35869125000000      -9.127744692322225E-002
   7.32569000000000        3.66384500000000      -8.564390890504259E-002
   7.32569000000000        3.96899875000000      -8.832185207985484E-002
   7.32569000000000        4.27415250000000      -8.892140974122405E-002
   7.32569000000000        4.57930625000000      -8.618915224597333E-002
   7.32569000000000        4.88446000000000      -8.210912657843657E-002
   7.32569000000000        5.18961375000000      -7.796127179145493E-002
   7.32569000000000        5.49476750000000      -7.416204873132387E-002
   7.32569000000000        5.79992125000000      -6.985570187999610E-002
   7.32569000000000        6.10507500000000      -6.449294341836459E-002
   7.32569000000000        6.41022875000000      -5.744645660753285E-002
   7.32569000000000        6.71538250000000      -4.864163252927180E-002
   7.32569000000000        7.02053625000000      -4.134599865136350E-002
   7.32569000000000        7.32569000000000      -3.774599993406016E-002
