  2.000000000000000E-003  2.000000000000000E-003 -0.151530495132649     
  2.000000000000000E-003  0.307153750000000      -0.185632326421405     
  2.000000000000000E-003  0.612307500000000      -0.182523267178578     
  2.000000000000000E-003  0.917461250000000      -0.150350238281568     
  2.000000000000000E-003   1.22261500000000      -0.119227124632395     
  2.000000000000000E-003   1.52776875000000      -9.615761882202137E-002
  2.000000000000000E-003   1.83292250000000      -8.096999935688980E-002
  2.000000000000000E-003   2.13807625000000      -7.217759602786852E-002
  2.000000000000000E-003   2.44323000000000      -6.901071324430634E-002
  2.000000000000000E-003   2.74838375000000      -6.927431775861570E-002
  2.000000000000000E-003   3.05353750000000      -6.797797135493067E-002
  2.000000000000000E-003   3.35869125000000      -5.721611492854097E-002
  2.000000000000000E-003   3.66384500000000      -4.163224961094289E-002
  2.000000000000000E-003   3.96899875000000      -4.949215502118632E-002
  2.000000000000000E-003   4.27415250000000      -5.311171678631567E-002
  2.000000000000000E-003   4.57930625000000      -5.040088191600678E-002
  2.000000000000000E-003   4.88446000000000      -4.422897820531960E-002
  2.000000000000000E-003   5.18961375000000      -3.712578282821287E-002
  2.000000000000000E-003   5.49476750000000      -3.046953610687971E-002
  2.000000000000000E-003   5.79992125000000      -2.392675627063889E-002
  2.000000000000000E-003   6.10507500000000      -1.837021744192290E-002
  2.000000000000000E-003   6.41022875000000      -1.549572344169001E-002
  2.000000000000000E-003   6.71538250000000      -1.622569253667342E-002
  2.000000000000000E-003   7.02053625000000      -1.454795879567503E-002
  2.000000000000000E-003   7.32569000000000      -1.093306077334592E-002
  0.307153750000000       2.000000000000000E-003 -0.185491828159488     
  0.307153750000000       0.307153750000000      -0.150131540086648     
  0.307153750000000       0.612307500000000      -0.148223260205336     
  0.307153750000000       0.917461250000000      -0.133839320251958     
  0.307153750000000        1.22261500000000      -0.111732665211715     
  0.307153750000000        1.52776875000000      -9.250537855969121E-002
  0.307153750000000        1.83292250000000      -7.888652798517835E-002
  0.307153750000000        2.13807625000000      -7.044790209581829E-002
  0.307153750000000        2.44323000000000      -6.655491167972785E-002
  0.307153750000000        2.74838375000000      -6.525846996537309E-002
  0.307153750000000        3.05353750000000      -6.154677686065598E-002
  0.307153750000000        3.35869125000000      -4.961345048665872E-002
  0.307153750000000        3.66384500000000      -3.729766583053949E-002
  0.307153750000000        3.96899875000000      -4.318212966872961E-002
  0.307153750000000        4.27415250000000      -4.913363015357693E-002
  0.307153750000000        4.57930625000000      -4.825812421442695E-002
  0.307153750000000        4.88446000000000      -4.306617105448707E-002
  0.307153750000000        5.18961375000000      -3.672599013810341E-002
  0.307153750000000        5.49476750000000      -3.046796362747115E-002
  0.307153750000000        5.79992125000000      -2.426353236581997E-002
  0.307153750000000        6.10507500000000      -1.904271588655351E-002
  0.307153750000000        6.41022875000000      -1.633578345640789E-002
  0.307153750000000        6.71538250000000      -1.679500540591628E-002
  0.307153750000000        7.02053625000000      -1.590649593032716E-002
  0.307153750000000        7.32569000000000      -9.061551033327668E-003
  0.612307500000000       2.000000000000000E-003 -0.182281657404642     
  0.612307500000000       0.307153750000000      -0.148052144473540     
  0.612307500000000       0.612307500000000      -0.121009162518006     
  0.612307500000000       0.917461250000000      -0.109826698364960     
  0.612307500000000        1.22261500000000      -9.726320208179985E-002
  0.612307500000000        1.52776875000000      -8.441135676365503E-002
  0.612307500000000        1.83292250000000      -7.390088884976827E-002
  0.612307500000000        2.13807625000000      -6.638831280292781E-002
  0.612307500000000        2.44323000000000      -6.139121326200400E-002
  0.612307500000000        2.74838375000000      -5.765057838534748E-002
  0.612307500000000        3.05353750000000      -5.154349937731727E-002
  0.612307500000000        3.35869125000000      -4.134464572716832E-002
  0.612307500000000        3.66384500000000      -3.373112786959907E-002
  0.612307500000000        3.96899875000000      -3.650954407812472E-002
  0.612307500000000        4.27415250000000      -4.206406810676309E-002
  0.612307500000000        4.57930625000000      -4.322795792888541E-002
  0.612307500000000        4.88446000000000      -4.004439945167239E-002
  0.612307500000000        5.18961375000000      -3.545286075587945E-002
  0.612307500000000        5.49476750000000      -3.018488349286704E-002
  0.612307500000000        5.79992125000000      -2.483238422306771E-002
  0.612307500000000        6.10507500000000      -2.037978386563879E-002
  0.612307500000000        6.41022875000000      -1.773394589212230E-002
  0.612307500000000        6.71538250000000      -1.652465065497756E-002
  0.612307500000000        7.02053625000000      -1.355478972533539E-002
  0.612307500000000        7.32569000000000      -9.559297712879913E-003
  0.917461250000000       2.000000000000000E-003 -0.150053830373707     
  0.917461250000000       0.307153750000000      -0.133581253915605     
  0.917461250000000       0.612307500000000      -0.109689706818104     
  0.917461250000000       0.917461250000000      -9.529331225822872E-002
  0.917461250000000        1.22261500000000      -8.507019052811915E-002
  0.917461250000000        1.52776875000000      -7.588651396823674E-002
  0.917461250000000        1.83292250000000      -6.788781218846331E-002
  0.917461250000000        2.13807625000000      -6.139344888396903E-002
  0.917461250000000        2.44323000000000      -5.605559258304819E-002
  0.917461250000000        2.74838375000000      -5.106958182848972E-002
  0.917461250000000        3.05353750000000      -4.506938985137066E-002
  0.917461250000000        3.35869125000000      -3.809458335463789E-002
  0.917461250000000        3.66384500000000      -3.369865413057063E-002
  0.917461250000000        3.96899875000000      -3.457356020064110E-002
  0.917461250000000        4.27415250000000      -3.763277311505138E-002
  0.917461250000000        4.57930625000000      -3.863157907337132E-002
  0.917461250000000        4.88446000000000      -3.694355512899760E-002
  0.917461250000000        5.18961375000000      -3.363252695242273E-002
  0.917461250000000        5.49476750000000      -2.934598311338476E-002
  0.917461250000000        5.79992125000000      -2.488317823006059E-002
  0.917461250000000        6.10507500000000      -2.111130252350336E-002
  0.917461250000000        6.41022875000000      -1.842847315427910E-002
  0.917461250000000        6.71538250000000      -1.623135166043981E-002
  0.917461250000000        7.02053625000000      -1.329653326356916E-002
  0.917461250000000        7.32569000000000      -1.065057734235283E-002
   1.22261500000000       2.000000000000000E-003 -0.118854857694214     
   1.22261500000000       0.307153750000000      -0.111391673994378     
   1.22261500000000       0.612307500000000      -9.701561860242595E-002
   1.22261500000000       0.917461250000000      -8.494544874482271E-002
   1.22261500000000        1.22261500000000      -7.595649804790880E-002
   1.22261500000000        1.52776875000000      -6.852033290085166E-002
   1.22261500000000        1.83292250000000      -6.205369145462872E-002
   1.22261500000000        2.13807625000000      -5.644744744612106E-002
   1.22261500000000        2.44323000000000      -5.145026820409219E-002
   1.22261500000000        2.74838375000000      -4.668141674215962E-002
   1.22261500000000        3.05353750000000      -4.184068780956893E-002
   1.22261500000000        3.35869125000000      -3.728973772482101E-002
   1.22261500000000        3.66384500000000      -3.451759122174242E-002
   1.22261500000000        3.96899875000000      -3.432557447697644E-002
   1.22261500000000        4.27415250000000      -3.529585069027732E-002
   1.22261500000000        4.57930625000000      -3.547927617522477E-002
   1.22261500000000        4.88446000000000      -3.415092296307624E-002
   1.22261500000000        5.18961375000000      -3.141687319118330E-002
   1.22261500000000        5.49476750000000      -2.779163416278843E-002
   1.22261500000000        5.79992125000000      -2.401806511913733E-002
   1.22261500000000        6.10507500000000      -2.077558371851747E-002
   1.22261500000000        6.41022875000000      -1.827239483839922E-002
   1.22261500000000        6.71538250000000      -1.612265872961181E-002
   1.22261500000000        7.02053625000000      -1.387735486180090E-002
   1.22261500000000        7.32569000000000      -1.195079312769863E-002
   1.52776875000000       2.000000000000000E-003 -9.570277715635302E-002
   1.52776875000000       0.307153750000000      -9.208356637904359E-002
   1.52776875000000       0.612307500000000      -8.407139159535332E-002
   1.52776875000000       0.917461250000000      -7.565814595900223E-002
   1.52776875000000        1.22261500000000      -6.841102245167674E-002
   1.52776875000000        1.52776875000000      -6.220694396339856E-002
   1.52776875000000        1.83292250000000      -5.677322312299624E-002
   1.52776875000000        2.13807625000000      -5.194957614352802E-002
   1.52776875000000        2.44323000000000      -4.757344186379712E-002
   1.52776875000000        2.74838375000000      -4.349913110962804E-002
   1.52776875000000        3.05353750000000      -3.973579296678303E-002
   1.52776875000000        3.35869125000000      -3.659110094741659E-002
   1.52776875000000        3.66384500000000      -3.455717515692976E-002
   1.52776875000000        3.96899875000000      -3.374779038262096E-002
   1.52776875000000        4.27415250000000      -3.352471352067579E-002
   1.52776875000000        4.57930625000000      -3.295046933899419E-002
   1.52776875000000        4.88446000000000      -3.141816373823797E-002
   1.52776875000000        5.18961375000000      -2.885401897004313E-002
   1.52776875000000        5.49476750000000      -2.562893391948941E-002
   1.52776875000000        5.79992125000000      -2.234343498407180E-002
   1.52776875000000        6.10507500000000      -1.954161743884745E-002
   1.52776875000000        6.41022875000000      -1.740774004780460E-002
   1.52776875000000        6.71538250000000      -1.573064417729621E-002
   1.52776875000000        7.02053625000000      -1.425175312622841E-002
   1.52776875000000        7.32569000000000      -1.301646621958263E-002
   1.83292250000000       2.000000000000000E-003 -8.045194740369109E-002
   1.83292250000000       0.307153750000000      -7.840539811433041E-002
   1.83292250000000       0.612307500000000      -7.349807782901281E-002
   1.83292250000000       0.917461250000000      -6.758710788451747E-002
   1.83292250000000        1.22261500000000      -6.186036127537110E-002
   1.83292250000000        1.52776875000000      -5.668222970109514E-002
   1.83292250000000        1.83292250000000      -5.207665004435902E-002
   1.83292250000000        2.13807625000000      -4.796923088952733E-002
   1.83292250000000        2.44323000000000      -4.425541671356248E-002
   1.83292250000000        2.74838375000000      -4.086664264133272E-002
   1.83292250000000        3.05353750000000      -3.784590164101386E-002
   1.83292250000000        3.35869125000000      -3.536177156978268E-002
   1.83292250000000        3.66384500000000      -3.358328340435538E-002
   1.83292250000000        3.96899875000000      -3.245279529886891E-002
   1.83292250000000        4.27415250000000      -3.158150845287250E-002
   1.83292250000000        4.57930625000000      -3.042685493131186E-002
   1.83292250000000        4.88446000000000      -2.859897438938556E-002
   1.83292250000000        5.18961375000000      -2.605622587231573E-002
   1.83292250000000        5.49476750000000      -2.310261571515063E-002
   1.83292250000000        5.79992125000000      -2.022035633475311E-002
   1.83292250000000        6.10507500000000      -1.783106319666205E-002
   1.83292250000000        6.41022875000000      -1.611138238418779E-002
   1.83292250000000        6.71538250000000      -1.496901365278788E-002
   1.83292250000000        7.02053625000000      -1.419158981812903E-002
   1.83292250000000        7.32569000000000      -1.362548160703551E-002
   2.13807625000000       2.000000000000000E-003 -7.162425821553729E-002
   2.13807625000000       0.307153750000000      -6.993855160763032E-002
   2.13807625000000       0.612307500000000      -6.595388991116793E-002
   2.13807625000000       0.917461250000000      -6.104820970148905E-002
   2.13807625000000        1.22261500000000      -5.619559545665313E-002
   2.13807625000000        1.52776875000000      -5.178964775471423E-002
   2.13807625000000        1.83292250000000      -4.789478945235537E-002
   2.13807625000000        2.13807625000000      -4.444293289868167E-002
   2.13807625000000        2.44323000000000      -4.133326066945927E-002
   2.13807625000000        2.74838375000000      -3.850194587718998E-002
   2.13807625000000        3.05353750000000      -3.596637730484263E-002
   2.13807625000000        3.35869125000000      -3.380830870940306E-002
   2.13807625000000        3.66384500000000      -3.208173585495259E-002
   2.13807625000000        3.96899875000000      -3.069752501365489E-002
   2.13807625000000        4.27415250000000      -2.938920744336241E-002
   2.13807625000000        4.57930625000000      -2.781880196815877E-002
   2.13807625000000        4.88446000000000      -2.576062029175518E-002
   2.13807625000000        5.18961375000000      -2.323705372561973E-002
   2.13807625000000        5.49476750000000      -2.052006311557953E-002
   2.13807625000000        5.79992125000000      -1.800068234266457E-002
   2.13807625000000        6.10507500000000      -1.600709178052415E-002
   2.13807625000000        6.41022875000000      -1.468203131619556E-002
   2.13807625000000        6.71538250000000      -1.398407003119703E-002
   2.13807625000000        7.02053625000000      -1.376158088301221E-002
   2.13807625000000        7.32569000000000      -1.378403375866464E-002
   2.44323000000000       2.000000000000000E-003 -6.841508637815140E-002
   2.44323000000000       0.307153750000000      -6.602304548094086E-002
   2.44323000000000       0.612307500000000      -6.094738338612533E-002
   2.44323000000000       0.917461250000000      -5.569514784639941E-002
   2.44323000000000        1.22261500000000      -5.116802143121030E-002
   2.44323000000000        1.52776875000000      -4.736809040046070E-002
   2.44323000000000        1.83292250000000      -4.412497522143700E-002
   2.44323000000000        2.13807625000000      -4.127233905031238E-002
   2.44323000000000        2.44323000000000      -3.867460286519707E-002
   2.44323000000000        2.74838375000000      -3.625564471811395E-002
   2.44323000000000        3.05353750000000      -3.401609543207862E-002
   2.44323000000000        3.35869125000000      -3.200434035480963E-002
   2.44323000000000        3.66384500000000      -3.024319236059845E-002
   2.44323000000000        3.96899875000000      -2.865685329725429E-002
   2.44323000000000        4.27415250000000      -2.706069638400359E-002
   2.44323000000000        4.57930625000000      -2.524083208507504E-002
   2.44323000000000        4.88446000000000      -2.308027818922733E-002
   2.44323000000000        5.18961375000000      -2.064778450701682E-002
   2.44323000000000        5.49476750000000      -1.818635424967464E-002
   2.44323000000000        5.79992125000000      -1.600394092294277E-002
   2.44323000000000        6.10507500000000      -1.433501148787717E-002
   2.44323000000000        6.41022875000000      -1.327366616543373E-002
   2.44323000000000        6.71538250000000      -1.284313825357836E-002
   2.44323000000000        7.02053625000000      -1.307868784281027E-002
   2.44323000000000        7.32569000000000      -1.375165875276116E-002
   2.74838375000000       2.000000000000000E-003 -6.866584247816812E-002
   2.74838375000000       0.307153750000000      -6.474090873709873E-002
   2.74838375000000       0.612307500000000      -5.723103176637427E-002
   2.74838375000000       0.917461250000000      -5.072219607166579E-002
   2.74838375000000        1.22261500000000      -4.639064457665778E-002
   2.74838375000000        1.52776875000000      -4.326587808944165E-002
   2.74838375000000        1.83292250000000      -4.069502406682913E-002
   2.74838375000000        2.13807625000000      -3.839257395343171E-002
   2.74838375000000        2.44323000000000      -3.620459937930144E-002
   2.74838375000000        2.74838375000000      -3.406422360633386E-002
   2.74838375000000        3.05353750000000      -3.198495458528670E-002
   2.74838375000000        3.35869125000000      -3.002264854481927E-002
   2.74838375000000        3.66384500000000      -2.820855248932942E-002
   2.74838375000000        3.96899875000000      -2.649437712772657E-002
   2.74838375000000        4.27415250000000      -2.475357530117067E-002
   2.74838375000000        4.57930625000000      -2.284995857258758E-002
   2.74838375000000        4.88446000000000      -2.073263923472784E-002
   2.74838375000000        5.18961375000000      -1.849235594357848E-002
   2.74838375000000        5.49476750000000      -1.633579642602990E-002
   2.74838375000000        5.79992125000000      -1.448413126811407E-002
   2.74838375000000        6.10507500000000      -1.305051212357016E-002
   2.74838375000000        6.41022875000000      -1.199458173395742E-002
   2.74838375000000        6.71538250000000      -1.155405672847764E-002
   2.74838375000000        7.02053625000000      -1.216900457601122E-002
   2.74838375000000        7.32569000000000      -1.349295548548393E-002
   3.05353750000000       2.000000000000000E-003 -6.739116888497712E-002
   3.05353750000000       0.307153750000000      -6.109106999163293E-002
   3.05353750000000       0.612307500000000      -5.118459213924202E-002
   3.05353750000000       0.917461250000000      -4.474723392807930E-002
   3.05353750000000        1.22261500000000      -4.154429669563198E-002
   3.05353750000000        1.52776875000000      -3.947852764771443E-002
   3.05353750000000        1.83292250000000      -3.763976607863863E-002
   3.05353750000000        2.13807625000000      -3.581709008982394E-002
   3.05353750000000        2.44323000000000      -3.392308223104556E-002
   3.05353750000000        2.74838375000000      -3.194264871390080E-002
   3.05353750000000        3.05353750000000      -2.993072342418431E-002
   3.05353750000000        3.35869125000000      -2.797364569766344E-002
   3.05353750000000        3.66384500000000      -2.612626757383944E-002
   3.05353750000000        3.96899875000000      -2.436749498644265E-002
   3.05353750000000        4.27415250000000      -2.260985291673176E-002
   3.05353750000000        4.57930625000000      -2.076465766634919E-002
   3.05353750000000        4.88446000000000      -1.881879633968416E-002
   3.05353750000000        5.18961375000000      -1.686837791728467E-002
   3.05353750000000        5.49476750000000      -1.508162738403515E-002
   3.05353750000000        5.79992125000000      -1.359810296542350E-002
   3.05353750000000        6.10507500000000      -1.238603556921273E-002
   3.05353750000000        6.41022875000000      -1.129724708399698E-002
   3.05353750000000        6.71538250000000      -1.076073247535406E-002
   3.05353750000000        7.02053625000000      -1.128963192172416E-002
   3.05353750000000        7.32569000000000      -1.305362997317963E-002
   3.35869125000000       2.000000000000000E-003 -5.665717137427154E-002
   3.35869125000000       0.307153750000000      -4.921030164853896E-002
   3.35869125000000       0.612307500000000      -4.100171031337822E-002
   3.35869125000000       0.917461250000000      -3.775312134236630E-002
   3.35869125000000        1.22261500000000      -3.696103345654820E-002
   3.35869125000000        1.52776875000000      -3.629856797044997E-002
   3.35869125000000        1.83292250000000      -3.511973473724644E-002
   3.35869125000000        2.13807625000000      -3.362355792062618E-002
   3.35869125000000        2.44323000000000      -3.187685251325317E-002
   3.35869125000000        2.74838375000000      -2.994678677881876E-002
   3.35869125000000        3.05353750000000      -2.794055113450591E-002
   3.35869125000000        3.35869125000000      -2.597653294964491E-002
   3.35869125000000        3.66384500000000      -2.412992050154564E-002
   3.35869125000000        3.96899875000000      -2.239832448698822E-002
   3.35869125000000        4.27415250000000      -2.071804447704222E-002
   3.35869125000000        4.57930625000000      -1.902931867530389E-002
   3.35869125000000        4.88446000000000      -1.734124241726399E-002
   3.35869125000000        5.18961375000000      -1.574907147265002E-002
   3.35869125000000        5.49476750000000      -1.439230883448467E-002
   3.35869125000000        5.79992125000000      -1.336618822430450E-002
   3.35869125000000        6.10507500000000      -1.258635728426765E-002
   3.35869125000000        6.41022875000000      -1.198435661576284E-002
   3.35869125000000        6.71538250000000      -1.143810935762392E-002
   3.35869125000000        7.02053625000000      -1.110851843344901E-002
   3.35869125000000        7.32569000000000      -1.259257382261361E-002
   3.66384500000000       2.000000000000000E-003 -4.118165635479354E-002
   3.66384500000000       0.307153750000000      -3.677738082823334E-002
   3.66384500000000       0.612307500000000      -3.322796325455465E-002
   3.66384500000000       0.917461250000000      -3.323777889785576E-002
   3.66384500000000        1.22261500000000      -3.411185822366469E-002
   3.66384500000000        1.52776875000000      -3.421351061672292E-002
   3.66384500000000        1.83292250000000      -3.330222967852351E-002
   3.66384500000000        2.13807625000000      -3.186505952411967E-002
   3.66384500000000        2.44323000000000      -3.008821777836267E-002
   3.66384500000000        2.74838375000000      -2.810765635824818E-002
   3.66384500000000        3.05353750000000      -2.606910795293229E-002
   3.66384500000000        3.35869125000000      -2.410597966628649E-002
   3.66384500000000        3.66384500000000      -2.229699767497484E-002
   3.66384500000000        3.96899875000000      -2.064443161934082E-002
   3.66384500000000        4.27415250000000      -1.909695874431391E-002
   3.66384500000000        4.57930625000000      -1.761370360473975E-002
   3.66384500000000        4.88446000000000      -1.621840766778569E-002
   3.66384500000000        5.18961375000000      -1.500466193416520E-002
   3.66384500000000        5.49476750000000      -1.409672305927915E-002
   3.66384500000000        5.79992125000000      -1.359669048082298E-002
   3.66384500000000        6.10507500000000      -1.356509412268562E-002
   3.66384500000000        6.41022875000000      -1.401030366998510E-002
   3.66384500000000        6.71538250000000      -1.440454992476184E-002
   3.66384500000000        7.02053625000000      -1.351626118083172E-002
   3.66384500000000        7.32569000000000      -1.179149119984138E-002
   3.96899875000000       2.000000000000000E-003 -4.859095273550151E-002
   3.96899875000000       0.307153750000000      -4.224635273620680E-002
   3.96899875000000       0.612307500000000      -3.571835316959131E-002
   3.96899875000000       0.917461250000000      -3.394519748925787E-002
   3.96899875000000        1.22261500000000      -3.383039741281265E-002
   3.96899875000000        1.52776875000000      -3.335214133482817E-002
   3.96899875000000        1.83292250000000      -3.213713548497343E-002
   3.96899875000000        2.13807625000000      -3.045621616398430E-002
   3.96899875000000        2.44323000000000      -2.848310633956199E-002
   3.96899875000000        2.74838375000000      -2.637764059553734E-002
   3.96899875000000        3.05353750000000      -2.429535216097994E-002
   3.96899875000000        3.35869125000000      -2.235904296049402E-002
   3.96899875000000        3.66384500000000      -2.062840879523893E-002
   3.96899875000000        3.96899875000000      -1.909397001299608E-002
   3.96899875000000        4.27415250000000      -1.770797488073315E-002
   3.96899875000000        4.57930625000000      -1.644199077706613E-002
   3.96899875000000        4.88446000000000      -1.532861995955106E-002
   3.96899875000000        5.18961375000000      -1.445762108689600E-002
   3.96899875000000        5.49476750000000      -1.394089982753654E-002
   3.96899875000000        5.79992125000000      -1.389265936057998E-002
   3.96899875000000        6.10507500000000      -1.451490182595677E-002
   3.96899875000000        6.41022875000000      -1.593258096466781E-002
   3.96899875000000        6.71538250000000      -1.751043484042365E-002
   3.96899875000000        7.02053625000000      -1.747105416535559E-002
   3.96899875000000        7.32569000000000      -1.356238365744681E-002
   4.27415250000000       2.000000000000000E-003 -5.199980545364162E-002
   4.27415250000000       0.307153750000000      -4.802750836658218E-002
   4.27415250000000       0.612307500000000      -4.114501926227435E-002
   4.27415250000000       0.917461250000000      -3.692522390445661E-002
   4.27415250000000        1.22261500000000      -3.475908621467607E-002
   4.27415250000000        1.52776875000000      -3.310120954943320E-002
   4.27415250000000        1.83292250000000      -3.124822935738908E-002
   4.27415250000000        2.13807625000000      -2.913719294971895E-002
   4.27415250000000        2.44323000000000      -2.688038917246178E-002
   4.27415250000000        2.74838375000000      -2.463205186451740E-002
   4.27415250000000        3.05353750000000      -2.253272468525454E-002
   4.27415250000000        3.35869125000000      -2.067211898695911E-002
   4.27415250000000        3.66384500000000      -1.907192850524746E-002
   4.27415250000000        3.96899875000000      -1.769703295231748E-002
   4.27415250000000        4.27415250000000      -1.649385442523757E-002
   4.27415250000000        4.57930625000000      -1.543834730865389E-002
   4.27415250000000        4.88446000000000      -1.456456040736101E-002
   4.27415250000000        5.18961375000000      -1.395385678898926E-002
   4.27415250000000        5.49476750000000      -1.369927811813784E-002
   4.27415250000000        5.79992125000000      -1.388863163607187E-002
   4.27415250000000        6.10507500000000      -1.466912992513126E-002
   4.27415250000000        6.41022875000000      -1.623797621679014E-002
   4.27415250000000        6.71538250000000      -1.777986984074264E-002
   4.27415250000000        7.02053625000000      -1.762040254749491E-002
   4.27415250000000        7.32569000000000      -1.419983907498882E-002
   4.57930625000000       2.000000000000000E-003 -4.945648666371619E-002
   4.57930625000000       0.307153750000000      -4.731574983068530E-002
   4.57930625000000       0.612307500000000      -4.241479167872200E-002
   4.57930625000000       0.917461250000000      -3.798678472872571E-002
   4.57930625000000        1.22261500000000      -3.496754401882017E-002
   4.57930625000000        1.52776875000000      -3.253808696543175E-002
   4.57930625000000        1.83292250000000      -3.010215486749629E-002
   4.57930625000000        2.13807625000000      -2.757546712115854E-002
   4.57930625000000        2.44323000000000      -2.506951864787928E-002
   4.57930625000000        2.74838375000000      -2.273692183354178E-002
   4.57930625000000        3.05353750000000      -2.069398667416982E-002
   4.57930625000000        3.35869125000000      -1.898599051989262E-002
   4.57930625000000        3.66384500000000      -1.758601110261586E-002
   4.57930625000000        3.96899875000000      -1.642304514779401E-002
   4.57930625000000        4.27415250000000      -1.542680504699582E-002
   4.57930625000000        4.57930625000000      -1.456760269952006E-002
   4.57930625000000        4.88446000000000      -1.387399731919020E-002
   4.57930625000000        5.18961375000000      -1.341689909497142E-002
   4.57930625000000        5.49476750000000      -1.326902725882942E-002
   4.57930625000000        5.79992125000000      -1.347288171785010E-002
   4.57930625000000        6.10507500000000      -1.404656480458187E-002
   4.57930625000000        6.41022875000000      -1.500737565531476E-002
   4.57930625000000        6.71538250000000      -1.591010741375877E-002
   4.57930625000000        7.02053625000000      -1.551991619378506E-002
   4.57930625000000        7.32569000000000      -1.327484583695828E-002
   4.88446000000000       2.000000000000000E-003 -4.358239302681473E-002
   4.88446000000000       0.307153750000000      -4.241564096103387E-002
   4.88446000000000       0.612307500000000      -3.945465102416494E-002
   4.88446000000000       0.917461250000000      -3.643161656090863E-002
   4.88446000000000        1.22261500000000      -3.371327721996911E-002
   4.88446000000000        1.52776875000000      -3.105337925920341E-002
   4.88446000000000        1.83292250000000      -2.830925589877654E-002
   4.88446000000000        2.13807625000000      -2.554598258650415E-002
   4.88446000000000        2.44323000000000      -2.293439279188611E-002
   4.88446000000000        2.74838375000000      -2.064245257804356E-002
   4.88446000000000        3.05353750000000      -1.876699069725006E-002
   4.88446000000000        3.35869125000000      -1.731003122675942E-002
   4.88446000000000        3.66384500000000      -1.619347694305828E-002
   4.88446000000000        3.96899875000000      -1.530229399808728E-002
   4.88446000000000        4.27415250000000      -1.453735341217206E-002
   4.88446000000000        4.57930625000000      -1.385398521910506E-002
   4.88446000000000        4.88446000000000      -1.327339782738955E-002
   4.88446000000000        5.18961375000000      -1.286127364237014E-002
   4.88446000000000        5.49476750000000      -1.268090746510171E-002
   4.88446000000000        5.79992125000000      -1.274832537442811E-002
   4.88446000000000        6.10507500000000      -1.301130938555737E-002
   4.88446000000000        6.41022875000000      -1.334107653465201E-002
   4.88446000000000        6.71538250000000      -1.348626385130085E-002
   4.88446000000000        7.02053625000000      -1.302485885431556E-002
   4.88446000000000        7.32569000000000      -1.168723888465835E-002
   5.18961375000000       2.000000000000000E-003 -3.676014290157951E-002
   5.18961375000000       0.307153750000000      -3.634491386453140E-002
   5.18961375000000       0.612307500000000      -3.507107631723224E-002
   5.18961375000000       0.917461250000000      -3.326441992055862E-002
   5.18961375000000        1.22261500000000      -3.107717049656843E-002
   5.18961375000000        1.52776875000000      -2.855848006135632E-002
   5.18961375000000        1.83292250000000      -2.581882634082715E-002
   5.18961375000000        2.13807625000000      -2.306561081271194E-002
   5.18961375000000        2.44323000000000      -2.054073562171754E-002
   5.18961375000000        2.74838375000000      -1.843809643062681E-002
   5.18961375000000        3.05353750000000      -1.684746867724850E-002
   5.18961375000000        3.35869125000000      -1.573907333619711E-002
   5.18961375000000        3.66384500000000      -1.498667177827080E-002
   5.18961375000000        3.96899875000000      -1.442232630550881E-002
   5.18961375000000        4.27415250000000      -1.390427358191430E-002
   5.18961375000000        4.57930625000000      -1.336640550449613E-002
   5.18961375000000        4.88446000000000      -1.282800777515709E-002
   5.18961375000000        5.18961375000000      -1.236294771710835E-002
   5.18961375000000        5.49476750000000      -1.204444236635498E-002
   5.18961375000000        5.79992125000000      -1.189259639862678E-002
   5.18961375000000        6.10507500000000      -1.184783347981206E-002
   5.18961375000000        6.41022875000000      -1.177774784381819E-002
   5.18961375000000        6.71538250000000      -1.151294877302536E-002
   5.18961375000000        7.02053625000000      -1.092069401486997E-002
   5.18961375000000        7.32569000000000      -1.002507426494495E-002
   5.49476750000000       2.000000000000000E-003 -3.033204820691270E-002
   5.49476750000000       0.307153750000000      -3.030995948600618E-002
   5.49476750000000       0.612307500000000      -2.998893420937537E-002
   5.49476750000000       0.917461250000000      -2.911467734645702E-002
   5.49476750000000        1.22261500000000      -2.754883434787062E-002
   5.49476750000000        1.52776875000000      -2.540372593596590E-002
   5.49476750000000        1.83292250000000      -2.291985637521033E-002
   5.49476750000000        2.13807625000000      -2.039589909411919E-002
   5.49476750000000        2.44323000000000      -1.812481966997323E-002
   5.49476750000000        2.74838375000000      -1.632690690872244E-002
   5.49476750000000        3.05353750000000      -1.510240397225500E-002
   5.49476750000000        3.35869125000000      -1.441240943427120E-002
   5.49476750000000        3.66384500000000      -1.408910296412075E-002
   5.49476750000000        3.96899875000000      -1.389338664499854E-002
   5.49476750000000        4.27415250000000      -1.361927845331562E-002
   5.49476750000000        4.57930625000000      -1.317828403570015E-002
   5.49476750000000        4.88446000000000      -1.260502660509630E-002
   5.49476750000000        5.18961375000000      -1.200299322528771E-002
   5.49476750000000        5.49476750000000      -1.147519009844633E-002
   5.49476750000000        5.79992125000000      -1.106679421030060E-002
   5.49476750000000        6.10507500000000      -1.073645596398670E-002
   5.49476750000000        6.41022875000000      -1.036951809071379E-002
   5.49476750000000        6.71538250000000      -9.853057845726937E-003
   5.49476750000000        7.02053625000000      -9.188984002932086E-003
   5.49476750000000        7.32569000000000      -8.486427465577220E-003
   5.79992125000000       2.000000000000000E-003 -2.393143669879748E-002
   5.79992125000000       0.307153750000000      -2.424858749622738E-002
   5.79992125000000       0.612307500000000      -2.476423061204729E-002
   5.79992125000000       0.917461250000000      -2.475304285437781E-002
   5.79992125000000        1.22261500000000      -2.384662406704917E-002
   5.79992125000000        1.52776875000000      -2.216859690609193E-002
   5.79992125000000        1.83292250000000      -2.007828059506872E-002
   5.79992125000000        2.13807625000000      -1.791558430982457E-002
   5.79992125000000        2.44323000000000      -1.598603079411366E-002
   5.79992125000000        2.74838375000000      -1.452610964058030E-002
   5.79992125000000        3.05353750000000      -1.367267516181872E-002
   5.79992125000000        3.35869125000000      -1.342945482133304E-002
   5.79992125000000        3.66384500000000      -1.360491506255342E-002
   5.79992125000000        3.96899875000000      -1.382792135111441E-002
   5.79992125000000        4.27415250000000      -1.376826795800397E-002
   5.79992125000000        4.57930625000000      -1.333386277251742E-002
   5.79992125000000        4.88446000000000      -1.262689612884861E-002
   5.79992125000000        5.18961375000000      -1.181224063336705E-002
   5.79992125000000        5.49476750000000      -1.103317160691904E-002
   5.79992125000000        5.79992125000000      -1.036417463690381E-002
   5.79992125000000        6.10507500000000      -9.782615305193795E-003
   5.79992125000000        6.41022875000000      -9.208501851345191E-003
   5.79992125000000        6.71538250000000      -8.547353081317814E-003
   5.79992125000000        7.02053625000000      -7.825552078390800E-003
   5.79992125000000        7.32569000000000      -7.196880746246984E-003
   6.10507500000000       2.000000000000000E-003 -1.839160060413685E-002
   6.10507500000000       0.307153750000000      -1.905514331718481E-002
   6.10507500000000       0.612307500000000      -2.034605980010776E-002
   6.10507500000000       0.917461250000000      -2.101121952298663E-002
   6.10507500000000        1.22261500000000      -2.062409018005012E-002
   6.10507500000000        1.52776875000000      -1.937972253772038E-002
   6.10507500000000        1.83292250000000      -1.770272147738856E-002
   6.10507500000000        2.13807625000000      -1.594201176054294E-002
   6.10507500000000        2.44323000000000      -1.435074530219143E-002
   6.10507500000000        2.74838375000000      -1.314808981579664E-002
   6.10507500000000        3.05353750000000      -1.253922083739645E-002
   6.10507500000000        3.35869125000000      -1.272754858924052E-002
   6.10507500000000        3.66384500000000      -1.360479077473897E-002
   6.10507500000000        3.96899875000000      -1.442047192284650E-002
   6.10507500000000        4.27415250000000      -1.448848190866500E-002
   6.10507500000000        4.57930625000000      -1.384966836065299E-002
   6.10507500000000        4.88446000000000      -1.284729932364626E-002
   6.10507500000000        5.18961375000000      -1.174114845989027E-002
   6.10507500000000        5.49476750000000      -1.069005274587886E-002
   6.10507500000000        5.79992125000000      -9.779200559866818E-003
   6.10507500000000        6.10507500000000      -9.049836626781809E-003
   6.10507500000000        6.41022875000000      -8.404600674793577E-003
   6.10507500000000        6.71538250000000      -7.709031116347775E-003
   6.10507500000000        7.02053625000000      -6.962650166920988E-003
   6.10507500000000        7.32569000000000      -6.378978752920837E-003
   6.41022875000000       2.000000000000000E-003 -1.536353687286414E-002
   6.41022875000000       0.307153750000000      -1.623276688688576E-002
   6.41022875000000       0.612307500000000      -1.764566690632937E-002
   6.41022875000000       0.917461250000000      -1.829664471619196E-002
   6.41022875000000        1.22261500000000      -1.809194017720574E-002
   6.41022875000000        1.52776875000000      -1.721840934069935E-002
   6.41022875000000        1.83292250000000      -1.596388927602772E-002
   6.41022875000000        2.13807625000000      -1.461076152327881E-002
   6.41022875000000        2.44323000000000      -1.330522274997929E-002
   6.41022875000000        2.74838375000000      -1.215477226475289E-002
   6.41022875000000        3.05353750000000      -1.156948668385127E-002
   6.41022875000000        3.35869125000000      -1.224345703336839E-002
   6.41022875000000        3.66384500000000      -1.408815749772379E-002
   6.41022875000000        3.96899875000000      -1.577570445449692E-002
   6.41022875000000        4.27415250000000      -1.595329694825075E-002
   6.41022875000000        4.57930625000000      -1.473349072450993E-002
   6.41022875000000        4.88446000000000      -1.314149219873032E-002
   6.41022875000000        5.18961375000000      -1.166405132805231E-002
   6.41022875000000        5.49476750000000      -1.033869285513909E-002
   6.41022875000000        5.79992125000000      -9.237861823377200E-003
   6.41022875000000        6.10507500000000      -8.443654963212026E-003
   6.41022875000000        6.41022875000000      -7.869941586346012E-003
   6.41022875000000        6.71538250000000      -7.348176460347903E-003
   6.41022875000000        7.02053625000000      -6.767969938402950E-003
   6.41022875000000        7.32569000000000      -6.323137913337452E-003
   6.71538250000000       2.000000000000000E-003 -1.581135271726306E-002
   6.71538250000000       0.307153750000000      -1.651308597154391E-002
   6.71538250000000       0.612307500000000      -1.637296568359856E-002
   6.71538250000000       0.917461250000000      -1.605299931111807E-002
   6.71538250000000        1.22261500000000      -1.589201332348131E-002
   6.71538250000000        1.52776875000000      -1.549109301751283E-002
   6.71538250000000        1.83292250000000      -1.477496222277153E-002
   6.71538250000000        2.13807625000000      -1.387780163794628E-002
   6.71538250000000        2.44323000000000      -1.285946381105308E-002
   6.71538250000000        2.74838375000000      -1.174627285966178E-002
   6.71538250000000        3.05353750000000      -1.111434563391069E-002
   6.71538250000000        3.35869125000000      -1.179696012340415E-002
   6.71538250000000        3.66384500000000      -1.448750786717694E-002
   6.71538250000000        3.96899875000000      -1.723831476636190E-002
   6.71538250000000        4.27415250000000      -1.736665254955934E-002
   6.71538250000000        4.57930625000000      -1.555461737728289E-002
   6.71538250000000        4.88446000000000      -1.326584042341563E-002
   6.71538250000000        5.18961375000000      -1.141453063825459E-002
   6.71538250000000        5.49476750000000      -9.863109158386132E-003
   6.71538250000000        5.79992125000000      -8.631708720292860E-003
   6.71538250000000        6.10507500000000      -7.807532719446325E-003
   6.71538250000000        6.41022875000000      -7.399506271402577E-003
   6.71538250000000        6.71538250000000      -7.294058782888043E-003
   6.71538250000000        7.02053625000000      -7.191145802335983E-003
   6.71538250000000        7.32569000000000      -7.066073186681301E-003
   7.02053625000000       2.000000000000000E-003 -1.416988785037493E-002
   7.02053625000000       0.307153750000000      -1.569961769181198E-002
   7.02053625000000       0.612307500000000      -1.345306318581739E-002
   7.02053625000000       0.917461250000000      -1.310400730648331E-002
   7.02053625000000        1.22261500000000      -1.360746444388241E-002
   7.02053625000000        1.52776875000000      -1.396469367531388E-002
   7.02053625000000        1.83292250000000      -1.394237622560483E-002
   7.02053625000000        2.13807625000000      -1.359572138161142E-002
   7.02053625000000        2.44323000000000      -1.302861597775576E-002
   7.02053625000000        2.74838375000000      -1.228251383794884E-002
   7.02053625000000        3.05353750000000      -1.156711999119373E-002
   7.02053625000000        3.35869125000000      -1.140957237678039E-002
   7.02053625000000        3.66384500000000      -1.351217484819286E-002
   7.02053625000000        3.96899875000000      -1.708091482682608E-002
   7.02053625000000        4.27415250000000      -1.714106893069445E-002
   7.02053625000000        4.57930625000000      -1.515105155031931E-002
   7.02053625000000        4.88446000000000      -1.282008063799795E-002
   7.02053625000000        5.18961375000000      -1.085901326745024E-002
   7.02053625000000        5.49476750000000      -9.247533177642649E-003
   7.02053625000000        5.79992125000000      -7.960659995172318E-003
   7.02053625000000        6.10507500000000      -7.107303528004053E-003
   7.02053625000000        6.41022875000000      -6.835004277487464E-003
   7.02053625000000        6.71538250000000      -7.138376832615478E-003
   7.02053625000000        7.02053625000000      -7.527354930690558E-003
   7.02053625000000        7.32569000000000      -7.137444603600142E-003
   7.32569000000000       2.000000000000000E-003 -1.081983402392853E-002
   7.32569000000000       0.307153750000000      -9.012301340118926E-003
   7.32569000000000       0.612307500000000      -9.488559226331749E-003
   7.32569000000000       0.917461250000000      -1.045532718854851E-002
   7.32569000000000        1.22261500000000      -1.166870864074439E-002
   7.32569000000000        1.52776875000000      -1.270413289730946E-002
   7.32569000000000        1.83292250000000      -1.333268866116510E-002
   7.32569000000000        2.13807625000000      -1.355001125164245E-002
   7.32569000000000        2.44323000000000      -1.358916277496532E-002
   7.32569000000000        2.74838375000000      -1.341866459955764E-002
   7.32569000000000        3.05353750000000      -1.304548015829867E-002
   7.32569000000000        3.35869125000000      -1.254913806892001E-002
   7.32569000000000        3.66384500000000      -1.168095771844291E-002
   7.32569000000000        3.96899875000000      -1.329380382489490E-002
   7.32569000000000        4.27415250000000      -1.385532084187632E-002
   7.32569000000000        4.57930625000000      -1.301030701287033E-002
   7.32569000000000        4.88446000000000      -1.155333952641157E-002
   7.32569000000000        5.18961375000000      -1.001342057066174E-002
   7.32569000000000        5.49476750000000      -8.581382813769597E-003
   7.32569000000000        5.79992125000000      -7.355358197329044E-003
   7.32569000000000        6.10507500000000      -6.534907303336687E-003
   7.32569000000000        6.41022875000000      -6.387319661871161E-003
   7.32569000000000        6.71538250000000      -6.972085205266339E-003
   7.32569000000000        7.02053625000000      -7.051567151122753E-003
   7.32569000000000        7.32569000000000      -6.306332499089688E-003
