  2.000000000000000E-003  2.000000000000000E-003 -0.152212215647249     
  2.000000000000000E-003  0.307153750000000      -0.191349279135608     
  2.000000000000000E-003  0.612307500000000      -0.195249762919774     
  2.000000000000000E-003  0.917461250000000      -0.156908694089273     
  2.000000000000000E-003   1.22261500000000      -0.120683855699268     
  2.000000000000000E-003   1.52776875000000      -9.374709608322883E-002
  2.000000000000000E-003   1.83292250000000      -7.396156990189491E-002
  2.000000000000000E-003   2.13807625000000      -5.876436759390951E-002
  2.000000000000000E-003   2.44323000000000      -4.604952461738553E-002
  2.000000000000000E-003   2.74838375000000      -3.556758413908571E-002
  2.000000000000000E-003   3.05353750000000      -2.917291914729908E-002
  2.000000000000000E-003   3.35869125000000      -2.952086302822923E-002
  2.000000000000000E-003   3.66384500000000      -3.239150631462957E-002
  2.000000000000000E-003   3.96899875000000      -3.076225887077042E-002
  2.000000000000000E-003   4.27415250000000      -2.792439941777868E-002
  2.000000000000000E-003   4.57930625000000      -2.468105954443896E-002
  2.000000000000000E-003   4.88446000000000      -2.118406601632688E-002
  2.000000000000000E-003   5.18961375000000      -1.732612237324821E-002
  2.000000000000000E-003   5.49476750000000      -1.273558782705042E-002
  2.000000000000000E-003   5.79992125000000      -8.467146777711132E-003
  2.000000000000000E-003   6.10507500000000      -5.115968221459183E-003
  2.000000000000000E-003   6.41022875000000      -3.397654192160945E-003
  2.000000000000000E-003   6.71538250000000      -3.927479724029724E-003
  2.000000000000000E-003   7.02053625000000      -5.378205996239269E-003
  2.000000000000000E-003   7.32569000000000      -9.347298485549261E-003
  0.307153750000000       2.000000000000000E-003 -0.233428985524164     
  0.307153750000000       0.307153750000000      -0.167626954201720     
  0.307153750000000       0.612307500000000      -0.159315984314702     
  0.307153750000000       0.917461250000000      -0.142332537793468     
  0.307153750000000        1.22261500000000      -0.116950252622525     
  0.307153750000000        1.52776875000000      -9.394823655179482E-002
  0.307153750000000        1.83292250000000      -7.523118746452244E-002
  0.307153750000000        2.13807625000000      -6.004075444338909E-002
  0.307153750000000        2.44323000000000      -4.704179273171093E-002
  0.307153750000000        2.74838375000000      -3.616070889443123E-002
  0.307153750000000        3.05353750000000      -2.964134307129926E-002
  0.307153750000000        3.35869125000000      -2.988593898910826E-002
  0.307153750000000        3.66384500000000      -3.492304702138611E-002
  0.307153750000000        3.96899875000000      -3.583091931428400E-002
  0.307153750000000        4.27415250000000      -3.224297674012013E-002
  0.307153750000000        4.57930625000000      -2.758532435519062E-002
  0.307153750000000        4.88446000000000      -2.300579019424349E-002
  0.307153750000000        5.18961375000000      -1.853361476383975E-002
  0.307153750000000        5.49476750000000      -1.371318302008535E-002
  0.307153750000000        5.79992125000000      -9.421739516985829E-003
  0.307153750000000        6.10507500000000      -6.334710128785726E-003
  0.307153750000000        6.41022875000000      -5.477383048023646E-003
  0.307153750000000        6.71538250000000      -7.785646992239662E-003
  0.307153750000000        7.02053625000000      -1.013511351217388E-002
  0.307153750000000        7.32569000000000      -6.171198713119412E-003
  0.612307500000000       2.000000000000000E-003 -0.253716284957600     
  0.612307500000000       0.307153750000000      -0.193605698616612     
  0.612307500000000       0.612307500000000      -0.142353765716344     
  0.612307500000000       0.917461250000000      -0.123864224816252     
  0.612307500000000        1.22261500000000      -0.107870516872796     
  0.612307500000000        1.52776875000000      -9.097177393049380E-002
  0.612307500000000        1.83292250000000      -7.502021266413207E-002
  0.612307500000000        2.13807625000000      -6.100038577990506E-002
  0.612307500000000        2.44323000000000      -4.892658163547750E-002
  0.612307500000000        2.74838375000000      -3.873372545997341E-002
  0.612307500000000        3.05353750000000      -3.286763826842787E-002
  0.612307500000000        3.35869125000000      -3.276833429219281E-002
  0.612307500000000        3.66384500000000      -3.641355554392987E-002
  0.612307500000000        3.96899875000000      -3.768575388611761E-002
  0.612307500000000        4.27415250000000      -3.466204782562120E-002
  0.612307500000000        4.57930625000000      -2.976556618473775E-002
  0.612307500000000        4.88446000000000      -2.473993801886466E-002
  0.612307500000000        5.18961375000000      -2.009680843864792E-002
  0.612307500000000        5.49476750000000      -1.551158717605475E-002
  0.612307500000000        5.79992125000000      -1.157315808303202E-002
  0.612307500000000        6.10507500000000      -9.134586531907289E-003
  0.612307500000000        6.41022875000000      -8.793811756702248E-003
  0.612307500000000        6.71538250000000      -9.995897702964562E-003
  0.612307500000000        7.02053625000000      -8.279665558819226E-003
  0.612307500000000        7.32569000000000      -4.296131415929603E-003
  0.917461250000000       2.000000000000000E-003 -0.218325439196635     
  0.917461250000000       0.307153750000000      -0.189451925683437     
  0.917461250000000       0.612307500000000      -0.146257912151379     
  0.917461250000000       0.917461250000000      -0.120588831293454     
  0.917461250000000        1.22261500000000      -0.103951796655636     
  0.917461250000000        1.52776875000000      -8.912551197109621E-002
  0.917461250000000        1.83292250000000      -7.494851265407876E-002
  0.917461250000000        2.13807625000000      -6.206405399367734E-002
  0.917461250000000        2.44323000000000      -5.104611650664054E-002
  0.917461250000000        2.74838375000000      -4.219919250547755E-002
  0.917461250000000        3.05353750000000      -3.661794332979593E-002
  0.917461250000000        3.35869125000000      -3.537683631259403E-002
  0.917461250000000        3.66384500000000      -3.667877643090339E-002
  0.917461250000000        3.96899875000000      -3.700496645805205E-002
  0.917461250000000        4.27415250000000      -3.460127083630778E-002
  0.917461250000000        4.57930625000000      -3.034320192601315E-002
  0.917461250000000        4.88446000000000      -2.576314068412063E-002
  0.917461250000000        5.18961375000000      -2.139981659005825E-002
  0.917461250000000        5.49476750000000      -1.729452946537901E-002
  0.917461250000000        5.79992125000000      -1.376081895547645E-002
  0.917461250000000        6.10507500000000      -1.158043005214507E-002
  0.917461250000000        6.41022875000000      -1.083738377340055E-002
  0.917461250000000        6.71538250000000      -1.053306743196432E-002
  0.917461250000000        7.02053625000000      -8.789326300256464E-003
  0.917461250000000        7.32569000000000      -7.072512332305684E-003
   1.22261500000000       2.000000000000000E-003 -0.183942011074914     
   1.22261500000000       0.307153750000000      -0.170571910058475     
   1.22261500000000       0.612307500000000      -0.144033558049285     
   1.22261500000000       0.917461250000000      -0.121174072989939     
   1.22261500000000        1.22261500000000      -0.103886982976402     
   1.22261500000000        1.52776875000000      -8.917491368996407E-002
   1.22261500000000        1.83292250000000      -7.564786530242405E-002
   1.22261500000000        2.13807625000000      -6.342949182082987E-002
   1.22261500000000        2.44323000000000      -5.306244176629202E-002
   1.22261500000000        2.74838375000000      -4.504908057648487E-002
   1.22261500000000        3.05353750000000      -3.974672509255139E-002
   1.22261500000000        3.35869125000000      -3.721296397428872E-002
   1.22261500000000        3.66384500000000      -3.650771467070515E-002
   1.22261500000000        3.96899875000000      -3.563841721416260E-002
   1.22261500000000        4.27415250000000      -3.336944243111524E-002
   1.22261500000000        4.57930625000000      -2.996022667251980E-002
   1.22261500000000        4.88446000000000      -2.604083285673654E-002
   1.22261500000000        5.18961375000000      -2.206849391615103E-002
   1.22261500000000        5.49476750000000      -1.836408977540594E-002
   1.22261500000000        5.79992125000000      -1.519079539784304E-002
   1.22261500000000        6.10507500000000      -1.300014995026580E-002
   1.22261500000000        6.41022875000000      -1.180422032946675E-002
   1.22261500000000        6.71538250000000      -1.097447847260994E-002
   1.22261500000000        7.02053625000000      -9.866791122387799E-003
   1.22261500000000        7.32569000000000      -8.973435665036725E-003
   1.52776875000000       2.000000000000000E-003 -0.160701915401180     
   1.52776875000000       0.307153750000000      -0.153765799405862     
   1.52776875000000       0.612307500000000      -0.137770192772115     
   1.52776875000000       0.917461250000000      -0.120184463261366     
   1.52776875000000        1.22261500000000      -0.104257254418902     
   1.52776875000000        1.52776875000000      -8.993772422669828E-002
   1.52776875000000        1.83292250000000      -7.682674814811978E-002
   1.52776875000000        2.13807625000000      -6.500867288309582E-002
   1.52776875000000        2.44323000000000      -5.494900689868164E-002
   1.52776875000000        2.74838375000000      -4.708878345007355E-002
   1.52776875000000        3.05353750000000      -4.160255957110731E-002
   1.52776875000000        3.35869125000000      -3.823414482904652E-002
   1.52776875000000        3.66384500000000      -3.620594656519052E-002
   1.52776875000000        3.96899875000000      -3.444667823829593E-002
   1.52776875000000        4.27415250000000      -3.216871492503282E-002
   1.52776875000000        4.57930625000000      -2.917578600113747E-002
   1.52776875000000        4.88446000000000      -2.567701209302833E-002
   1.52776875000000        5.18961375000000      -2.202700311411813E-002
   1.52776875000000        5.49476750000000      -1.858522857521445E-002
   1.52776875000000        5.79992125000000      -1.564986364452720E-002
   1.52776875000000        6.10507500000000      -1.342491412665380E-002
   1.52776875000000        6.41022875000000      -1.196187623991468E-002
   1.52776875000000        6.71538250000000      -1.096299143960622E-002
   1.52776875000000        7.02053625000000      -1.011797693503616E-002
   1.52776875000000        7.32569000000000      -9.443419503149357E-003
   1.83292250000000       2.000000000000000E-003 -0.146969992184593     
   1.83292250000000       0.307153750000000      -0.142658875822532     
   1.83292250000000       0.612307500000000      -0.131690413772801     
   1.83292250000000       0.917461250000000      -0.117893941311801     
   1.83292250000000        1.22261500000000      -0.103891937840003     
   1.83292250000000        1.52776875000000      -9.048939140265251E-002
   1.83292250000000        1.83292250000000      -7.790581672860040E-002
   1.83292250000000        2.13807625000000      -6.646308077912527E-002
   1.83292250000000        2.44323000000000      -5.659620938025669E-002
   1.83292250000000        2.74838375000000      -4.866518362503185E-002
   1.83292250000000        3.05353750000000      -4.277606533094064E-002
   1.83292250000000        3.35869125000000      -3.868267127919245E-002
   1.83292250000000        3.66384500000000      -3.580978736839212E-002
   1.83292250000000        3.96899875000000      -3.343352951182275E-002
   1.83292250000000        4.27415250000000      -3.095389882591660E-002
   1.83292250000000        4.57930625000000      -2.807788522433996E-002
   1.83292250000000        4.88446000000000      -2.482305999043209E-002
   1.83292250000000        5.18961375000000      -2.141430666924037E-002
   1.83292250000000        5.49476750000000      -1.815869651373284E-002
   1.83292250000000        5.79992125000000      -1.533493396611640E-002
   1.83292250000000        6.10507500000000      -1.311270143290899E-002
   1.83292250000000        6.41022875000000      -1.150974453803855E-002
   1.83292250000000        6.71538250000000      -1.040161946851854E-002
   1.83292250000000        7.02053625000000      -9.606748093031317E-003
   1.83292250000000        7.32569000000000      -9.014314215455276E-003
   2.13807625000000       2.000000000000000E-003 -0.140832227927403     
   2.13807625000000       0.307153750000000      -0.137106097266123     
   2.13807625000000       0.612307500000000      -0.127659910339574     
   2.13807625000000       0.917461250000000      -0.115488192015345     
   2.13807625000000        1.22261500000000      -0.102684223014855     
   2.13807625000000        1.52776875000000      -9.014081283851012E-002
   2.13807625000000        1.83292250000000      -7.824094044682210E-002
   2.13807625000000        2.13807625000000      -6.731785969339768E-002
   2.13807625000000        2.44323000000000      -5.773085207887355E-002
   2.13807625000000        2.74838375000000      -4.976552137981984E-002
   2.13807625000000        3.05353750000000      -4.351551681044338E-002
   2.13807625000000        3.35869125000000      -3.881901306399935E-002
   2.13807625000000        3.66384500000000      -3.528172010615865E-002
   2.13807625000000        3.96899875000000      -3.238835004668026E-002
   2.13807625000000        4.27415250000000      -2.966074089766657E-002
   2.13807625000000        4.57930625000000      -2.678941984752597E-002
   2.13807625000000        4.88446000000000      -2.368968146761693E-002
   2.13807625000000        5.18961375000000      -2.047755909140126E-002
   2.13807625000000        5.49476750000000      -1.738591493648878E-002
   2.13807625000000        5.79992125000000      -1.465459765411556E-002
   2.13807625000000        6.10507500000000      -1.243446447345555E-002
   2.13807625000000        6.41022875000000      -1.074453837412512E-002
   2.13807625000000        6.71538250000000      -9.509144831387300E-003
   2.13807625000000        7.02053625000000      -8.651200804305089E-003
   2.13807625000000        7.32569000000000      -8.127438683206948E-003
   2.44323000000000       2.000000000000000E-003 -0.143461125259257     
   2.44323000000000       0.307153750000000      -0.138147324775923     
   2.44323000000000       0.612307500000000      -0.125882784521258     
   2.44323000000000       0.917461250000000      -0.112481364377323     
   2.44323000000000        1.22261500000000      -9.994419077582978E-002
   2.44323000000000        1.52776875000000      -8.827448415081886E-002
   2.44323000000000        1.83292250000000      -7.732367140070873E-002
   2.44323000000000        2.13807625000000      -6.718194375109159E-002
   2.44323000000000        2.44323000000000      -5.808143577876902E-002
   2.44323000000000        2.74838375000000      -5.024874963285615E-002
   2.44323000000000        3.05353750000000      -4.379639225938417E-002
   2.44323000000000        3.35869125000000      -3.866485275030346E-002
   2.44323000000000        3.66384500000000      -3.462083450945509E-002
   2.44323000000000        3.96899875000000      -3.131176418088597E-002
   2.44323000000000        4.27415250000000      -2.836075798672784E-002
   2.44323000000000        4.57930625000000      -2.546917835978495E-002
   2.44323000000000        4.88446000000000      -2.249346698955002E-002
   2.44323000000000        5.18961375000000      -1.946629883156267E-002
   2.44323000000000        5.49476750000000      -1.654794477325482E-002
   2.44323000000000        5.79992125000000      -1.392824998981159E-002
   2.44323000000000        6.10507500000000      -1.172199557264929E-002
   2.44323000000000        6.41022875000000      -9.914725853769544E-003
   2.44323000000000        6.71538250000000      -8.425866295200628E-003
   2.44323000000000        7.02053625000000      -7.318289350985886E-003
   2.44323000000000        7.32569000000000      -6.877384522757743E-003
   2.74838375000000       2.000000000000000E-003 -0.150073651260793     
   2.74838375000000       0.307153750000000      -0.141585366466521     
   2.74838375000000       0.612307500000000      -0.123911743576466     
   2.74838375000000       0.917461250000000      -0.107424761338773     
   2.74838375000000        1.22261500000000      -9.502987378377209E-002
   2.74838375000000        1.52776875000000      -8.467756813244952E-002
   2.74838375000000        1.83292250000000      -7.506908748044921E-002
   2.74838375000000        2.13807625000000      -6.598627753438319E-002
   2.74838375000000        2.44323000000000      -5.757511608307097E-002
   2.74838375000000        2.74838375000000      -5.005163125460767E-002
   2.74838375000000        3.05353750000000      -4.357761615971202E-002
   2.74838375000000        3.35869125000000      -3.819935752908768E-002
   2.74838375000000        3.66384500000000      -3.382295033661105E-002
   2.74838375000000        3.96899875000000      -3.022810343933878E-002
   2.74838375000000        4.27415250000000      -2.712335729076454E-002
   2.74838375000000        4.57930625000000      -2.423275092184929E-002
   2.74838375000000        4.88446000000000      -2.138323432722624E-002
   2.74838375000000        5.18961375000000      -1.854972068594699E-002
   2.74838375000000        5.49476750000000      -1.583051904964247E-002
   2.74838375000000        5.79992125000000      -1.336045053843387E-002
   2.74838375000000        6.10507500000000      -1.119131702295001E-002
   2.74838375000000        6.41022875000000      -9.184807588168293E-003
   2.74838375000000        6.71538250000000      -7.271269603010141E-003
   2.74838375000000        7.02053625000000      -5.879453091438307E-003
   2.74838375000000        7.32569000000000      -5.585222805096534E-003
   3.05353750000000       2.000000000000000E-003 -0.151616438465879     
   3.05353750000000       0.307153750000000      -0.137644228668064     
   3.05353750000000       0.612307500000000      -0.114202797687873     
   3.05353750000000       0.917461250000000      -9.788159917745468E-002
   3.05353750000000        1.22261500000000      -8.792838650369707E-002
   3.05353750000000        1.52776875000000      -7.989359194608701E-002
   3.05353750000000        1.83292250000000      -7.197696698896965E-002
   3.05353750000000        2.13807625000000      -6.406835509786409E-002
   3.05353750000000        2.44323000000000      -5.640286061729561E-002
   3.05353750000000        2.74838375000000      -4.926306532534030E-002
   3.05353750000000        3.05353750000000      -4.288653855754032E-002
   3.05353750000000        3.35869125000000      -3.741633580207084E-002
   3.05353750000000        3.66384500000000      -3.286896843420944E-002
   3.05353750000000        3.96899875000000      -2.912400472725699E-002
   3.05353750000000        4.27415250000000      -2.595418346317903E-002
   3.05353750000000        4.57930625000000      -2.310784049380246E-002
   3.05353750000000        4.88446000000000      -2.040288054269968E-002
   3.05353750000000        5.18961375000000      -1.777976591533369E-002
   3.05353750000000        5.49476750000000      -1.529059102437075E-002
   3.05353750000000        5.79992125000000      -1.302421308192045E-002
   3.05353750000000        6.10507500000000      -1.097284113443006E-002
   3.05353750000000        6.41022875000000      -8.951461582603232E-003
   3.05353750000000        6.71538250000000      -6.985269233554016E-003
   3.05353750000000        7.02053625000000      -5.283699918647031E-003
   3.05353750000000        7.32569000000000      -5.017197306304244E-003
   3.35869125000000       2.000000000000000E-003 -0.134663092283106     
   3.35869125000000       0.307153750000000      -0.116072985175721     
   3.35869125000000       0.612307500000000      -9.474993212876323E-002
   3.35869125000000       0.917461250000000      -8.503663487061458E-002
   3.35869125000000        1.22261500000000      -8.029787591887652E-002
   3.35869125000000        1.52776875000000      -7.530190822778132E-002
   3.35869125000000        1.83292250000000      -6.896363863570081E-002
   3.35869125000000        2.13807625000000      -6.199721223784816E-002
   3.35869125000000        2.44323000000000      -5.489575524715107E-002
   3.35869125000000        2.74838375000000      -4.805755609400129E-002
   3.35869125000000        3.05353750000000      -4.179744708720574E-002
   3.35869125000000        3.35869125000000      -3.632645665902743E-002
   3.35869125000000        3.66384500000000      -3.173062588240025E-002
   3.35869125000000        3.96899875000000      -2.795202128716111E-002
   3.35869125000000        4.27415250000000      -2.480115671882045E-002
   3.35869125000000        4.57930625000000      -2.204513247761975E-002
   3.35869125000000        4.88446000000000      -1.950460709821749E-002
   3.35869125000000        5.18961375000000      -1.710305173325834E-002
   3.35869125000000        5.49476750000000      -1.486318292202580E-002
   3.35869125000000        5.79992125000000      -1.285147846882701E-002
   3.35869125000000        6.10507500000000      -1.107407434512039E-002
   3.35869125000000        6.41022875000000      -9.513273256349465E-003
   3.35869125000000        6.71538250000000      -8.081565661064629E-003
   3.35869125000000        7.02053625000000      -6.617679909063558E-003
   3.35869125000000        7.32569000000000      -6.243873841915768E-003
   3.66384500000000       2.000000000000000E-003 -0.105050864190723     
   3.66384500000000       0.307153750000000      -9.372345319372524E-002
   3.66384500000000       0.612307500000000      -8.178053634697614E-002
   3.66384500000000       0.917461250000000      -7.791516830732989E-002
   3.66384500000000        1.22261500000000      -7.608266653641443E-002
   3.66384500000000        1.52776875000000      -7.251043002519710E-002
   3.66384500000000        1.83292250000000      -6.682357338014699E-002
   3.66384500000000        2.13807625000000      -6.020082956840197E-002
   3.66384500000000        2.44323000000000      -5.328645945756548E-002
   3.66384500000000        2.74838375000000      -4.655470996055942E-002
   3.66384500000000        3.05353750000000      -4.036195772331401E-002
   3.66384500000000        3.35869125000000      -3.493893220028919E-002
   3.66384500000000        3.66384500000000      -3.038639935671382E-002
   3.66384500000000        3.96899875000000      -2.666350544039512E-002
   3.66384500000000        4.27415250000000      -2.359490989459991E-002
   3.66384500000000        4.57930625000000      -2.096202497602034E-002
   3.66384500000000        4.88446000000000      -1.859393187377352E-002
   3.66384500000000        5.18961375000000      -1.640693154027340E-002
   3.66384500000000        5.49476750000000      -1.440467044134720E-002
   3.66384500000000        5.79992125000000      -1.264607929175541E-002
   3.66384500000000        6.10507500000000      -1.120758991458524E-002
   3.66384500000000        6.41022875000000      -1.016540066242145E-002
   3.66384500000000        6.71538250000000      -9.449508863310731E-003
   3.66384500000000        7.02053625000000      -8.834799781224180E-003
   3.66384500000000        7.32569000000000      -8.612116408394632E-003
   3.96899875000000       2.000000000000000E-003 -0.131343464674024     
   3.96899875000000       0.307153750000000      -0.113533923041377     
   3.96899875000000       0.612307500000000      -9.235836225613053E-002
   3.96899875000000       0.917461250000000      -8.226853373043869E-002
   3.96899875000000        1.22261500000000      -7.705989844724667E-002
   3.96899875000000        1.52776875000000      -7.188787275860206E-002
   3.96899875000000        1.83292250000000      -6.558387972804872E-002
   3.96899875000000        2.13807625000000      -5.862482646897573E-002
   3.96899875000000        2.44323000000000      -5.151365447785492E-002
   3.96899875000000        2.74838375000000      -4.470743270363736E-002
   3.96899875000000        3.05353750000000      -3.854828497426168E-002
   3.96899875000000        3.35869125000000      -3.323209078056702E-002
   3.96899875000000        3.66384500000000      -2.881471362966595E-002
   3.96899875000000        3.96899875000000      -2.522378457259822E-002
   3.96899875000000        4.27415250000000      -2.228325389472196E-002
   3.96899875000000        4.57930625000000      -1.978953033516731E-002
   3.96899875000000        4.88446000000000      -1.758343790500755E-002
   3.96899875000000        5.18961375000000      -1.557963686842723E-002
   3.96899875000000        5.49476750000000      -1.376588594535427E-002
   3.96899875000000        5.79992125000000      -1.218353929213183E-002
   3.96899875000000        6.10507500000000      -1.091113817350537E-002
   3.96899875000000        6.41022875000000      -9.943181687522271E-003
   3.96899875000000        6.71538250000000      -8.987386828900022E-003
   3.96899875000000        7.02053625000000      -7.491467740261671E-003
   3.96899875000000        7.32569000000000      -6.005531362428583E-003
   4.27415250000000       2.000000000000000E-003 -0.142201796996380     
   4.27415250000000       0.307153750000000      -0.128973555086411     
   4.27415250000000       0.612307500000000      -0.106021080406534     
   4.27415250000000       0.917461250000000      -8.968075122429724E-002
   4.27415250000000        1.22261500000000      -7.954412845203877E-002
   4.27415250000000        1.52776875000000      -7.184319194019347E-002
   4.27415250000000        1.83292250000000      -6.433546881065010E-002
   4.27415250000000        2.13807625000000      -5.669342382356689E-002
   4.27415250000000        2.44323000000000      -4.921827644697774E-002
   4.27415250000000        2.74838375000000      -4.230680509408773E-002
   4.27415250000000        3.05353750000000      -3.624484870928044E-002
   4.27415250000000        3.35869125000000      -3.114832798801126E-002
   4.27415250000000        3.66384500000000      -2.698380592590028E-002
   4.27415250000000        3.96899875000000      -2.361457141617075E-002
   4.27415250000000        4.27415250000000      -2.085012768322384E-002
   4.27415250000000        4.57930625000000      -1.850235037839187E-002
   4.27415250000000        4.88446000000000      -1.643044923484801E-002
   4.27415250000000        5.18961375000000      -1.455708001373367E-002
   4.27415250000000        5.49476750000000      -1.286140730073424E-002
   4.27415250000000        5.79992125000000      -1.135850401130836E-002
   4.27415250000000        6.10507500000000      -1.006515661848338E-002
   4.27415250000000        6.41022875000000      -8.889958044833668E-003
   4.27415250000000        6.71538250000000      -7.445932831070942E-003
   4.27415250000000        7.02053625000000      -5.530837602526399E-003
   4.27415250000000        7.32569000000000      -4.191154850634688E-003
   4.57930625000000       2.000000000000000E-003 -0.129679595997629     
   4.57930625000000       0.307153750000000      -0.121963497268575     
   4.57930625000000       0.612307500000000      -0.105441323085564     
   4.57930625000000       0.917461250000000      -9.000847400101551E-002
   4.57930625000000        1.22261500000000      -7.897385964184360E-002
   4.57930625000000        1.52776875000000      -7.015865549930390E-002
   4.57930625000000        1.83292250000000      -6.180849143220411E-002
   4.57930625000000        2.13807625000000      -5.364330079981064E-002
   4.57930625000000        2.44323000000000      -4.595539189281305E-002
   4.57930625000000        2.74838375000000      -3.911608523308872E-002
   4.57930625000000        3.05353750000000      -3.334519972656704E-002
   4.57930625000000        3.35869125000000      -2.865513747676857E-002
   4.57930625000000        3.66384500000000      -2.490009753978597E-002
   4.57930625000000        3.96899875000000      -2.186235484145579E-002
   4.57930625000000        4.27415250000000      -1.932647255842823E-002
   4.57930625000000        4.57930625000000      -1.712228122132440E-002
   4.57930625000000        4.88446000000000      -1.514166080347914E-002
   4.57930625000000        5.18961375000000      -1.333434886949210E-002
   4.57930625000000        5.49476750000000      -1.168873552018259E-002
   4.57930625000000        5.79992125000000      -1.020722533374505E-002
   4.57930625000000        6.10507500000000      -8.873126319858534E-003
   4.57930625000000        6.41022875000000      -7.590700999130547E-003
   4.57930625000000        6.71538250000000      -6.131095079574165E-003
   4.57930625000000        7.02053625000000      -4.560578983624358E-003
   4.57930625000000        7.32569000000000      -3.599807000748079E-003
   4.88446000000000       2.000000000000000E-003 -0.106713503652277     
   4.88446000000000       0.307153750000000      -0.102529283572186     
   4.88446000000000       0.612307500000000      -9.283638645317388E-002
   4.88446000000000       0.917461250000000      -8.291681568034917E-002
   4.88446000000000        1.22261500000000      -7.403475059229132E-002
   4.88446000000000        1.52776875000000      -6.558526855501748E-002
   4.88446000000000        1.83292250000000      -5.718107160855918E-002
   4.88446000000000        2.13807625000000      -4.899707042823546E-002
   4.88446000000000        2.44323000000000      -4.148376345137521E-002
   4.88446000000000        2.74838375000000      -3.504445211428669E-002
   4.88446000000000        3.05353750000000      -2.984821097003400E-002
   4.88446000000000        3.35869125000000      -2.580160910436818E-002
   4.88446000000000        3.66384500000000      -2.263704289169041E-002
   4.88446000000000        3.96899875000000      -2.004527213853948E-002
   4.88446000000000        4.27415250000000      -1.778067284552807E-002
   4.88446000000000        4.57930625000000      -1.570111081112474E-002
   4.88446000000000        4.88446000000000      -1.375551953787187E-002
   4.88446000000000        5.18961375000000      -1.194796216278185E-002
   4.88446000000000        5.49476750000000      -1.029890007018941E-002
   4.88446000000000        5.79992125000000      -8.819161069712478E-003
   4.88446000000000        6.10507500000000      -7.495726980881335E-003
   4.88446000000000        6.41022875000000      -6.282402048182332E-003
   4.88446000000000        6.71538250000000      -5.114486983554127E-003
   4.88446000000000        7.02053625000000      -4.036723102443643E-003
   4.88446000000000        7.32569000000000      -3.405356517668635E-003
   5.18961375000000       2.000000000000000E-003 -8.236518738719986E-002
   5.18961375000000       0.307153750000000      -8.094534013483778E-002
   5.18961375000000       0.612307500000000      -7.711863190438781E-002
   5.18961375000000       0.917461250000000      -7.180901945831460E-002
   5.18961375000000        1.22261500000000      -6.545622103658709E-002
   5.18961375000000        1.52776875000000      -5.823828388636913E-002
   5.18961375000000        1.83292250000000      -5.050589049509961E-002
   5.18961375000000        2.13807625000000      -4.285649754814499E-002
   5.18961375000000        2.44323000000000      -3.594516811929794E-002
   5.18961375000000        2.74838375000000      -3.024554045961514E-002
   5.18961375000000        3.05353750000000      -2.590158918804635E-002
   5.18961375000000        3.35869125000000      -2.272427569456769E-002
   5.18961375000000        3.66384500000000      -2.031711978420635E-002
   5.18961375000000        3.96899875000000      -1.826456112364652E-002
   5.18961375000000        4.27415250000000      -1.628730237763652E-002
   5.18961375000000        4.57930625000000      -1.429058370519358E-002
   5.18961375000000        4.88446000000000      -1.231357811912571E-002
   5.18961375000000        5.18961375000000      -1.044408543913617E-002
   5.18961375000000        5.49476750000000      -8.753009328343875E-003
   5.18961375000000        5.79992125000000      -7.270384979115019E-003
   5.18961375000000        6.10507500000000      -5.994026033308894E-003
   5.18961375000000        6.41022875000000      -4.911043041381806E-003
   5.18961375000000        6.71538250000000      -4.023146942416548E-003
   5.18961375000000        7.02053625000000      -3.377763172019373E-003
   5.18961375000000        7.32569000000000      -3.065680398497248E-003
   5.49476750000000       2.000000000000000E-003 -5.986927748489648E-002
   5.49476750000000       0.307153750000000      -6.010335364657080E-002
   5.49476750000000       0.612307500000000      -6.006253110630947E-002
   5.49476750000000       0.917461250000000      -5.854793164538669E-002
   5.49476750000000        1.22261500000000      -5.483404028708768E-002
   5.49476750000000        1.52776875000000      -4.925384863338696E-002
   5.49476750000000        1.83292250000000      -4.261945511439293E-002
   5.49476750000000        2.13807625000000      -3.586346986498333E-002
   5.49476750000000        2.44323000000000      -2.982875955956617E-002
   5.49476750000000        2.74838375000000      -2.507622845226298E-002
   5.49476750000000        3.05353750000000      -2.175796252783350E-002
   5.49476750000000        3.35869125000000      -1.961010103489800E-002
   5.49476750000000        3.66384500000000      -1.808742051972404E-002
   5.49476750000000        3.96899875000000      -1.662574760926977E-002
   5.49476750000000        4.27415250000000      -1.490367023243491E-002
   5.49476750000000        4.57930625000000      -1.291247357883697E-002
   5.49476750000000        4.88446000000000      -1.082750667299278E-002
   5.49476750000000        5.18961375000000      -8.844005660877615E-003
   5.49476750000000        5.49476750000000      -7.085520609680654E-003
   5.49476750000000        5.79992125000000      -5.593434577060533E-003
   5.49476750000000        6.10507500000000      -4.366190557603736E-003
   5.49476750000000        6.41022875000000      -3.405845160218020E-003
   5.49476750000000        6.71538250000000      -2.741020564181384E-003
   5.49476750000000        7.02053625000000      -2.395239258985472E-003
   5.49476750000000        7.32569000000000      -2.357797843532745E-003
   5.79992125000000       2.000000000000000E-003 -3.792767340408587E-002
   5.79992125000000       0.307153750000000      -3.981614531115168E-002
   5.79992125000000       0.612307500000000      -4.339285980933810E-002
   5.79992125000000       0.917461250000000      -4.538901826240618E-002
   5.79992125000000        1.22261500000000      -4.421519193152584E-002
   5.79992125000000        1.52776875000000      -4.022374554778897E-002
   5.79992125000000        1.83292250000000      -3.470835743858474E-002
   5.79992125000000        2.13807625000000      -2.889368483752055E-002
   5.79992125000000        2.44323000000000      -2.375012536543391E-002
   5.79992125000000        2.74838375000000      -1.992219686444827E-002
   5.79992125000000        3.05353750000000      -1.763350135075468E-002
   5.79992125000000        3.35869125000000      -1.661473531781673E-002
   5.79992125000000        3.66384500000000      -1.611714165999490E-002
   5.79992125000000        3.96899875000000      -1.527050737428733E-002
   5.79992125000000        4.27415250000000      -1.368051548717986E-002
   5.79992125000000        4.57930625000000      -1.154279719769126E-002
   5.79992125000000        4.88446000000000      -9.255481736507889E-003
   5.79992125000000        5.18961375000000      -7.122581561399608E-003
   5.79992125000000        5.49476750000000      -5.285111616213729E-003
   5.79992125000000        5.79992125000000      -3.761076722478846E-003
   5.79992125000000        6.10507500000000      -2.533910131917378E-003
   5.79992125000000        6.41022875000000      -1.708968075795771E-003
   5.79992125000000        6.71538250000000      -1.277790874085809E-003
   5.79992125000000        7.02053625000000      -1.154029280789795E-003
   5.79992125000000        7.32569000000000      -1.343857720604372E-003
   6.10507500000000       2.000000000000000E-003 -1.814608051717941E-002
   6.10507500000000       0.307153750000000      -2.234254997860370E-002
   6.10507500000000       0.612307500000000      -3.019054224644913E-002
   6.10507500000000       0.917461250000000      -3.511180340028300E-002
   6.10507500000000        1.22261500000000      -3.554255930023665E-002
   6.10507500000000        1.52776875000000      -3.254920375350678E-002
   6.10507500000000        1.83292250000000      -2.777841279449374E-002
   6.10507500000000        2.13807625000000      -2.268056000321504E-002
   6.10507500000000        2.44323000000000      -1.817759613237624E-002
   6.10507500000000        2.74838375000000      -1.494311708267905E-002
   6.10507500000000        3.05353750000000      -1.342399073719498E-002
   6.10507500000000        3.35869125000000      -1.368146460228103E-002
   6.10507500000000        3.66384500000000      -1.466921168319157E-002
   6.10507500000000        3.96899875000000      -1.453389074457833E-002
   6.10507500000000        4.27415250000000      -1.270265613320872E-002
   6.10507500000000        4.57930625000000      -1.008775463761398E-002
   6.10507500000000        4.88446000000000      -7.488231462407314E-003
   6.10507500000000        5.18961375000000      -5.213726674330511E-003
   6.10507500000000        5.49476750000000      -3.308714561897272E-003
   6.10507500000000        5.79992125000000      -1.696077164666691E-003
   6.10507500000000        6.10507500000000      -5.249484526634021E-004
   6.10507500000000        6.41022875000000       7.620867724671761E-005
   6.10507500000000        6.71538250000000       2.748174383469101E-004
   6.10507500000000        7.02053625000000       3.935430694356464E-004
   6.10507500000000        7.32569000000000       2.065503972907105E-004
   6.41022875000000       2.000000000000000E-003 -3.955076215286373E-003
   6.41022875000000       0.307153750000000      -1.185684007221707E-002
   6.41022875000000       0.612307500000000      -2.334243498702305E-002
   6.41022875000000       0.917461250000000      -2.874357988507881E-002
   6.41022875000000        1.22261500000000      -2.920462738258735E-002
   6.41022875000000        1.52776875000000      -2.659455848995991E-002
   6.41022875000000        1.83292250000000      -2.226846312317730E-002
   6.41022875000000        2.13807625000000      -1.759240534437579E-002
   6.41022875000000        2.44323000000000      -1.329021357323364E-002
   6.41022875000000        2.74838375000000      -9.823022252373503E-003
   6.41022875000000        3.05353750000000      -8.550114964586308E-003
   6.41022875000000        3.35869125000000      -1.068120423933622E-002
   6.41022875000000        3.66384500000000      -1.391350805942411E-002
   6.41022875000000        3.96899875000000      -1.442602298344072E-002
   6.41022875000000        4.27415250000000      -1.177036547991506E-002
   6.41022875000000        4.57930625000000      -8.239262600732994E-003
   6.41022875000000        4.88446000000000      -5.330094482778725E-003
   6.41022875000000        5.18961375000000      -3.054652932905164E-003
   6.41022875000000        5.49476750000000      -1.145383318031161E-003
   6.41022875000000        5.79992125000000       5.019393857903912E-004
   6.41022875000000        6.10507500000000       1.577937297202554E-003
   6.41022875000000        6.41022875000000       1.893949249249119E-003
   6.41022875000000        6.71538250000000       1.703773077141468E-003
   6.41022875000000        7.02053625000000       2.117681314224245E-003
   6.41022875000000        7.32569000000000       2.647346716396555E-003
   6.71538250000000       2.000000000000000E-003  5.859435306548094E-004
   6.71538250000000       0.307153750000000      -1.282948705232756E-002
   6.71538250000000       0.612307500000000      -2.165627556789797E-002
   6.71538250000000       0.917461250000000      -2.331407929551302E-002
   6.71538250000000        1.22261500000000      -2.343174985229254E-002
   6.71538250000000        1.52776875000000      -2.160257584375405E-002
   6.71538250000000        1.83292250000000      -1.801988601565272E-002
   6.71538250000000        2.13807625000000      -1.370487379652004E-002
   6.71538250000000        2.44323000000000      -9.176536441845256E-003
   6.71538250000000        2.74838375000000      -4.734005196242340E-003
   6.71538250000000        3.05353750000000      -3.440528228572587E-003
   6.71538250000000        3.35869125000000      -7.365287959133199E-003
   6.71538250000000        3.66384500000000      -1.350348046574248E-002
   6.71538250000000        3.96899875000000      -1.381321389548171E-002
   6.71538250000000        4.27415250000000      -9.270365049000818E-003
   6.71538250000000        4.57930625000000      -5.078464098484602E-003
   6.71538250000000        4.88446000000000      -2.526396930340200E-003
   6.71538250000000        5.18961375000000      -6.884215202634231E-004
   6.71538250000000        5.49476750000000       1.047337910293065E-003
   6.71538250000000        5.79992125000000       2.610072483966596E-003
   6.71538250000000        6.10507500000000       3.713554055444803E-003
   6.71538250000000        6.41022875000000       3.941729757909082E-003
   6.71538250000000        6.71538250000000       3.015999872250031E-003
   6.71538250000000        7.02053625000000       3.200615211117895E-003
   6.71538250000000        7.32569000000000       5.682896566904862E-003
   7.02053625000000       2.000000000000000E-003 -2.857742428288166E-003
   7.02053625000000       0.307153750000000      -1.692193365790770E-002
   7.02053625000000       0.612307500000000      -1.032473249961013E-002
   7.02053625000000       0.917461250000000      -1.270539315698018E-002
   7.02053625000000        1.22261500000000      -1.649300875663050E-002
   7.02053625000000        1.52776875000000      -1.697799184711542E-002
   7.02053625000000        1.83292250000000      -1.472631936795104E-002
   7.02053625000000        2.13807625000000      -1.106926014785505E-002
   7.02053625000000        2.44323000000000      -6.413517033905305E-003
   7.02053625000000        2.74838375000000      -1.605822199386534E-003
   7.02053625000000        3.05353750000000       4.840079371465564E-004
   7.02053625000000        3.35869125000000      -3.748556312011896E-003
   7.02053625000000        3.66384500000000      -1.233792191909782E-002
   7.02053625000000        3.96899875000000      -1.015901937372722E-002
   7.02053625000000        4.27415250000000      -3.717644631590545E-003
   7.02053625000000        4.57930625000000      -3.053742314568723E-004
   7.02053625000000        4.88446000000000       8.299650210691015E-004
   7.02053625000000        5.18961375000000       1.573559026062652E-003
   7.02053625000000        5.49476750000000       2.853883890489213E-003
   7.02053625000000        5.79992125000000       4.205508740942849E-003
   7.02053625000000        6.10507500000000       5.513800957775115E-003
   7.02053625000000        6.41022875000000       6.463569793791341E-003
   7.02053625000000        6.71538250000000       6.031997299295048E-003
   7.02053625000000        7.02053625000000       3.930723023187534E-003
   7.02053625000000        7.32569000000000       5.672906607952444E-003
   7.32569000000000       2.000000000000000E-003 -1.586524349789152E-002
   7.32569000000000       0.307153750000000       9.158063270840351E-004
   7.32569000000000       0.612307500000000       8.261247840287764E-003
   7.32569000000000       0.917461250000000      -3.060359249797123E-003
   7.32569000000000        1.22261500000000      -1.103593322186782E-002
   7.32569000000000        1.52776875000000      -1.345683725684949E-002
   7.32569000000000        1.83292250000000      -1.243406136722353E-002
   7.32569000000000        2.13807625000000      -9.746810219259387E-003
   7.32569000000000        2.44323000000000      -6.015976192332739E-003
   7.32569000000000        2.74838375000000      -2.351137745446015E-003
   7.32569000000000        3.05353750000000      -9.872868542707739E-004
   7.32569000000000        3.35869125000000      -4.736510660854733E-003
   7.32569000000000        3.66384500000000      -1.036358012319893E-002
   7.32569000000000        3.96899875000000      -3.347172964265470E-003
   7.32569000000000        4.27415250000000       2.454638874394493E-003
   7.32569000000000        4.57930625000000       3.882560761844765E-003
   7.32569000000000        4.88446000000000       3.448177632821258E-003
   7.32569000000000        5.18961375000000       3.112804205823661E-003
   7.32569000000000        5.49476750000000       3.806567746278529E-003
   7.32569000000000        5.79992125000000       4.755315639814815E-003
   7.32569000000000        6.10507500000000       5.934505376558308E-003
   7.32569000000000        6.41022875000000       7.522846147983638E-003
   7.32569000000000        6.71538250000000       9.288975582059742E-003
   7.32569000000000        7.02053625000000       8.688541614892673E-003
   7.32569000000000        7.32569000000000       4.319397934754009E-003
