  2.000000000000000E-003  2.000000000000000E-003 -0.746315281241797     
  2.000000000000000E-003  0.307153750000000      -0.907202321588484     
  2.000000000000000E-003  0.612307500000000      -0.853557873119833     
  2.000000000000000E-003  0.917461250000000      -0.673527868768022     
  2.000000000000000E-003   1.22261500000000      -0.493940525571475     
  2.000000000000000E-003   1.52776875000000      -0.351301422283029     
  2.000000000000000E-003   1.83292250000000      -0.249255717318516     
  2.000000000000000E-003   2.13807625000000      -0.181304700856577     
  2.000000000000000E-003   2.44323000000000      -0.135698267149276     
  2.000000000000000E-003   2.74838375000000      -0.109748719967386     
  2.000000000000000E-003   3.05353750000000      -9.762823936114910E-002
  2.000000000000000E-003   3.35869125000000      -8.544420556468157E-002
  2.000000000000000E-003   3.66384500000000      -7.733454852256592E-002
  2.000000000000000E-003   3.96899875000000      -4.344894119472429E-002
  2.000000000000000E-003   4.27415250000000      -2.267725131876893E-002
  2.000000000000000E-003   4.57930625000000      -2.407664715214877E-002
  2.000000000000000E-003   4.88446000000000      -3.292137959413473E-002
  2.000000000000000E-003   5.18961375000000      -4.110003131189517E-002
  2.000000000000000E-003   5.49476750000000      -4.727948142888332E-002
  2.000000000000000E-003   5.79992125000000      -5.048988840064178E-002
  2.000000000000000E-003   6.10507500000000      -4.943323957030916E-002
  2.000000000000000E-003   6.41022875000000      -4.287270189415374E-002
  2.000000000000000E-003   6.71538250000000      -3.207865800181629E-002
  2.000000000000000E-003   7.02053625000000      -2.899713035876283E-002
  2.000000000000000E-003   7.32569000000000      -2.981022891757940E-002
  0.307153750000000       2.000000000000000E-003 -0.907218723231533     
  0.307153750000000       0.307153750000000      -0.724417187623219     
  0.307153750000000       0.612307500000000      -0.687181034152151     
  0.307153750000000       0.917461250000000      -0.592496563724740     
  0.307153750000000        1.22261500000000      -0.456793643011196     
  0.307153750000000        1.52776875000000      -0.334280836213049     
  0.307153750000000        1.83292250000000      -0.241884886848255     
  0.307153750000000        2.13807625000000      -0.178583928458940     
  0.307153750000000        2.44323000000000      -0.135686419582905     
  0.307153750000000        2.74838375000000      -0.110694416242173     
  0.307153750000000        3.05353750000000      -9.983354523105710E-002
  0.307153750000000        3.35869125000000      -9.136131047097158E-002
  0.307153750000000        3.66384500000000      -7.640442368093209E-002
  0.307153750000000        3.96899875000000      -4.787272072544402E-002
  0.307153750000000        4.27415250000000      -2.907882368942655E-002
  0.307153750000000        4.57930625000000      -2.828899832277492E-002
  0.307153750000000        4.88446000000000      -3.509737792588793E-002
  0.307153750000000        5.18961375000000      -4.173755402658117E-002
  0.307153750000000        5.49476750000000      -4.705861049681398E-002
  0.307153750000000        5.79992125000000      -4.971665924816626E-002
  0.307153750000000        6.10507500000000      -4.842707496102686E-002
  0.307153750000000        6.41022875000000      -4.234604325992712E-002
  0.307153750000000        6.71538250000000      -3.369010725971357E-002
  0.307153750000000        7.02053625000000      -3.205045093920604E-002
  0.307153750000000        7.32569000000000      -3.604632937700934E-002
  0.612307500000000       2.000000000000000E-003 -0.853592060554612     
  0.612307500000000       0.307153750000000      -0.687202970864335     
  0.612307500000000       0.612307500000000      -0.543608940241155     
  0.612307500000000       0.917461250000000      -0.468137126251164     
  0.612307500000000        1.22261500000000      -0.382390684448453     
  0.612307500000000        1.52776875000000      -0.295755624515404     
  0.612307500000000        1.83292250000000      -0.223830373698296     
  0.612307500000000        2.13807625000000      -0.171165026818438     
  0.612307500000000        2.44323000000000      -0.134712946760513     
  0.612307500000000        2.74838375000000      -0.111997396827494     
  0.612307500000000        3.05353750000000      -0.101801601683653     
  0.612307500000000        3.35869125000000      -9.459665860398649E-002
  0.612307500000000        3.66384500000000      -8.005030279324200E-002
  0.612307500000000        3.96899875000000      -5.804384155309112E-002
  0.612307500000000        4.27415250000000      -4.198742986793313E-002
  0.612307500000000        4.57930625000000      -3.762243193518980E-002
  0.612307500000000        4.88446000000000      -4.006398744018517E-002
  0.612307500000000        5.18961375000000      -4.330035419548987E-002
  0.612307500000000        5.49476750000000      -4.648551996778193E-002
  0.612307500000000        5.79992125000000      -4.791837169717075E-002
  0.612307500000000        6.10507500000000      -4.608064948718358E-002
  0.612307500000000        6.41022875000000      -4.113965073076210E-002
  0.612307500000000        6.71538250000000      -3.625729441126775E-002
  0.612307500000000        7.02053625000000      -3.788039701109314E-002
  0.612307500000000        7.32569000000000      -4.045065760238262E-002
  0.917461250000000       2.000000000000000E-003 -0.673580426550388     
  0.917461250000000       0.307153750000000      -0.592542413860182     
  0.917461250000000       0.612307500000000      -0.468165688953207     
  0.917461250000000       0.917461250000000      -0.383302811608206     
  0.917461250000000        1.22261500000000      -0.316239867346838     
  0.917461250000000        1.52776875000000      -0.254868796800168     
  0.917461250000000        1.83292250000000      -0.202061022911835     
  0.917461250000000        2.13807625000000      -0.160778737748728     
  0.917461250000000        2.44323000000000      -0.131109471570142     
  0.917461250000000        2.74838375000000      -0.111686519138515     
  0.917461250000000        3.05353750000000      -0.100699326695964     
  0.917461250000000        3.35869125000000      -9.252767684399867E-002
  0.917461250000000        3.66384500000000      -8.057479082375928E-002
  0.917461250000000        3.96899875000000      -6.503573602349169E-002
  0.917461250000000        4.27415250000000      -5.233431494161066E-002
  0.917461250000000        4.57930625000000      -4.630270436983808E-002
  0.917461250000000        4.88446000000000      -4.476658373768305E-002
  0.917461250000000        5.18961375000000      -4.501316403947973E-002
  0.917461250000000        5.49476750000000      -4.583598347220405E-002
  0.917461250000000        5.79992125000000      -4.591745745318398E-002
  0.917461250000000        6.10507500000000      -4.370874377197635E-002
  0.917461250000000        6.41022875000000      -3.976397119477050E-002
  0.917461250000000        6.71538250000000      -3.649021579247518E-002
  0.917461250000000        7.02053625000000      -3.649153059116157E-002
  0.917461250000000        7.32569000000000      -3.696074370702246E-002
   1.22261500000000       2.000000000000000E-003 -0.494027232643532     
   1.22261500000000       0.307153750000000      -0.456876118318042     
   1.22261500000000       0.612307500000000      -0.382458711327875     
   1.22261500000000       0.917461250000000      -0.316280683932416     
   1.22261500000000        1.22261500000000      -0.263818111692968     
   1.22261500000000        1.52776875000000      -0.219116296225997     
   1.22261500000000        1.83292250000000      -0.180502509059647     
   1.22261500000000        2.13807625000000      -0.148987021841550     
   1.22261500000000        2.44323000000000      -0.125305765485174     
   1.22261500000000        2.74838375000000      -0.108825343973979     
   1.22261500000000        3.05353750000000      -9.764398424880258E-002
   1.22261500000000        3.35869125000000      -8.871421188709261E-002
   1.22261500000000        3.66384500000000      -7.874333144416734E-002
   1.22261500000000        3.96899875000000      -6.750127266008386E-002
   1.22261500000000        4.27415250000000      -5.774935122965651E-002
   1.22261500000000        4.57930625000000      -5.132133975417043E-002
   1.22261500000000        4.88446000000000      -4.787653948245765E-002
   1.22261500000000        5.18961375000000      -4.627984871146251E-002
   1.22261500000000        5.49476750000000      -4.537602545419131E-002
   1.22261500000000        5.79992125000000      -4.424778914949833E-002
   1.22261500000000        6.10507500000000      -4.189748938062518E-002
   1.22261500000000        6.41022875000000      -3.862585096629179E-002
   1.22261500000000        6.71538250000000      -3.585398608166426E-002
   1.22261500000000        7.02053625000000      -3.469683915181072E-002
   1.22261500000000        7.32569000000000      -3.434935749385246E-002
   1.52776875000000       2.000000000000000E-003 -0.351430352065034     
   1.52776875000000       0.307153750000000      -0.334406936303291     
   1.52776875000000       0.612307500000000      -0.295869694265866     
   1.52776875000000       0.917461250000000      -0.254958313140903     
   1.52776875000000        1.22261500000000      -0.219167036959308     
   1.52776875000000        1.52776875000000      -0.187814361388905     
   1.52776875000000        1.83292250000000      -0.160109687516974     
   1.52776875000000        2.13807625000000      -0.136710551035977     
   1.52776875000000        2.44323000000000      -0.118191954710106     
   1.52776875000000        2.74838375000000      -0.104270329460557     
   1.52776875000000        3.05353750000000      -9.371739053858047E-002
   1.52776875000000        3.35869125000000      -8.476833933090383E-002
   1.52776875000000        3.66384500000000      -7.597848802418862E-002
   1.52776875000000        3.96899875000000      -6.716801595690683E-002
   1.52776875000000        4.27415250000000      -5.930918506630933E-002
   1.52776875000000        4.57930625000000      -5.332739321631885E-002
   1.52776875000000        4.88446000000000      -4.934559414342631E-002
   1.52776875000000        5.18961375000000      -4.680775451930308E-002
   1.52776875000000        5.49476750000000      -4.490619692991998E-002
   1.52776875000000        5.79992125000000      -4.295390653071927E-002
   1.52776875000000        6.10507500000000      -4.058737316864039E-002
   1.52776875000000        6.41022875000000      -3.782690305496834E-002
   1.52776875000000        6.71538250000000      -3.541192099536657E-002
   1.52776875000000        7.02053625000000      -3.394258047693067E-002
   1.52776875000000        7.32569000000000      -3.325556500869130E-002
   1.83292250000000       2.000000000000000E-003 -0.249423403583171     
   1.83292250000000       0.307153750000000      -0.242050903991558     
   1.83292250000000       0.612307500000000      -0.223987494540180     
   1.83292250000000       0.917461250000000      -0.202198424712313     
   1.83292250000000        1.22261500000000      -0.180606842886894     
   1.83292250000000        1.52776875000000      -0.160167038901806     
   1.83292250000000        1.83292250000000      -0.141273913061122     
   1.83292250000000        2.13807625000000      -0.124502513125906     
   1.83292250000000        2.44323000000000      -0.110327660258002     
   1.83292250000000        2.74838375000000      -9.874713163896978E-002
   1.83292250000000        3.05353750000000      -8.919939762286121E-002
   1.83292250000000        3.35869125000000      -8.082839667207056E-002
   1.83292250000000        3.66384500000000      -7.296439851479126E-002
   1.83292250000000        3.96899875000000      -6.550706336108053E-002
   1.83292250000000        4.27415250000000      -5.886130438436105E-002
   1.83292250000000        4.57930625000000      -5.348005987355173E-002
   1.83292250000000        4.88446000000000      -4.946696048353571E-002
   1.83292250000000        5.18961375000000      -4.651778244966452E-002
   1.83292250000000        5.49476750000000      -4.412336395535039E-002
   1.83292250000000        5.79992125000000      -4.183803230141043E-002
   1.83292250000000        6.10507500000000      -3.946150817393632E-002
   1.83292250000000        6.41022875000000      -3.708341738177826E-002
   1.83292250000000        6.71538250000000      -3.500916089149314E-002
   1.83292250000000        7.02053625000000      -3.355369384291846E-002
   1.83292250000000        7.32569000000000      -3.273900546516446E-002
   2.13807625000000       2.000000000000000E-003 -0.181498499657390     
   2.13807625000000       0.307153750000000      -0.178777147086505     
   2.13807625000000       0.612307500000000      -0.171354700850856     
   2.13807625000000       0.917461250000000      -0.160957010771872     
   2.13807625000000        1.22261500000000      -0.149140708057983     
   2.13807625000000        1.52776875000000      -0.136823952553123     
   2.13807625000000        1.83292250000000      -0.124562313159920     
   2.13807625000000        2.13807625000000      -0.112844160982499     
   2.13807625000000        2.44323000000000      -0.102094053465738     
   2.13807625000000        2.74838375000000      -9.252897074397019E-002
   2.13807625000000        3.05353750000000      -8.407795926198984E-002
   2.13807625000000        3.35869125000000      -7.647136396520421E-002
   2.13807625000000        3.66384500000000      -6.945967818114505E-002
   2.13807625000000        3.96899875000000      -6.300076181116787E-002
   2.13807625000000        4.27415250000000      -5.726004587741769E-002
   2.13807625000000        4.57930625000000      -5.243448294698914E-002
   2.13807625000000        4.88446000000000      -4.856586742505535E-002
   2.13807625000000        5.18961375000000      -4.548458202673066E-002
   2.13807625000000        5.49476750000000      -4.289398214471965E-002
   2.13807625000000        5.79992125000000      -4.051977047512989E-002
   2.13807625000000        6.10507500000000      -3.823034715803061E-002
   2.13807625000000        6.41022875000000      -3.607452736597871E-002
   2.13807625000000        6.71538250000000      -3.423323435929406E-002
   2.13807625000000        7.02053625000000      -3.290115456895573E-002
   2.13807625000000        7.32569000000000      -3.214250780242899E-002
   2.44323000000000       2.000000000000000E-003 -0.135898057755488     
   2.44323000000000       0.307153750000000      -0.135886846725992     
   2.44323000000000       0.612307500000000      -0.134917608050163     
   2.44323000000000       0.917461250000000      -0.131313221072585     
   2.44323000000000        1.22261500000000      -0.125495452942781     
   2.44323000000000        1.52776875000000      -0.118350685348065     
   2.44323000000000        1.83292250000000      -0.110439974817489     
   2.44323000000000        2.13807625000000      -0.102150545406954     
   2.44323000000000        2.44323000000000      -9.385834078894384E-002
   2.44323000000000        2.74838375000000      -8.590816085013549E-002
   2.44323000000000        3.05353750000000      -7.852171926614408E-002
   2.44323000000000        3.35869125000000      -7.176043407381470E-002
   2.44323000000000        3.66384500000000      -6.559050557650718E-002
   2.44323000000000        3.96899875000000      -5.998748891333647E-002
   2.44323000000000        4.27415250000000      -5.498621192284745E-002
   2.44323000000000        4.57930625000000      -5.064527924236238E-002
   2.44323000000000        4.88446000000000      -4.697705551690064E-002
   2.44323000000000        5.18961375000000      -4.390538376681174E-002
   2.44323000000000        5.49476750000000      -4.127600738470309E-002
   2.44323000000000        5.79992125000000      -3.891526854776849E-002
   2.44323000000000        6.10507500000000      -3.670321183571380E-002
   2.44323000000000        6.41022875000000      -3.463223182922758E-002
   2.44323000000000        6.71538250000000      -3.284545512439608E-002
   2.44323000000000        7.02053625000000      -3.161616805493544E-002
   2.44323000000000        7.32569000000000      -3.114661624640525E-002
   2.74838375000000       2.000000000000000E-003 -0.109939777887370     
   2.74838375000000       0.307153750000000      -0.110879359217381     
   2.74838375000000       0.612307500000000      -0.112186353528873     
   2.74838375000000       0.917461250000000      -0.111889580812643     
   2.74838375000000        1.22261500000000      -0.109030537753385     
   2.74838375000000        1.52776875000000      -0.104456629101194     
   2.74838375000000        1.83292250000000      -9.889681711599517E-002
   2.74838375000000        2.13807625000000      -9.263017123250644E-002
   2.74838375000000        2.44323000000000      -8.595678615459212E-002
   2.74838375000000        2.74838375000000      -7.925136044398949E-002
   2.74838375000000        3.05353750000000      -7.285418533422282E-002
   2.74838375000000        3.35869125000000      -6.696344499778641E-002
   2.74838375000000        3.66384500000000      -6.162131357061092E-002
   2.74838375000000        3.96899875000000      -5.678468942344386E-002
   2.74838375000000        4.27415250000000      -5.240880363293508E-002
   2.74838375000000        4.57930625000000      -4.848693379748898E-002
   2.74838375000000        4.88446000000000      -4.503609165917787E-002
   2.74838375000000        5.18961375000000      -4.205060500573624E-002
   2.74838375000000        5.49476750000000      -3.946176441685675E-002
   2.74838375000000        5.79992125000000      -3.713693091580848E-002
   2.74838375000000        6.10507500000000      -3.491765147199798E-002
   2.74838375000000        6.41022875000000      -3.269721839489234E-002
   2.74838375000000        6.71538250000000      -3.071827747415521E-002
   2.74838375000000        7.02053625000000      -2.962701746021821E-002
   2.74838375000000        7.32569000000000      -2.978780528650224E-002
   3.05353750000000       2.000000000000000E-003 -9.785050623896303E-002
   3.05353750000000       0.307153750000000      -0.100019618383876     
   3.05353750000000       0.612307500000000      -0.101962791745478     
   3.05353750000000       0.917461250000000      -0.100875686082879     
   3.05353750000000        1.22261500000000      -9.784281606343213E-002
   3.05353750000000        1.52776875000000      -9.391199886925948E-002
   3.05353750000000        1.83292250000000      -8.936820578077237E-002
   3.05353750000000        2.13807625000000      -8.420745403367713E-002
   3.05353750000000        2.44323000000000      -7.860542281819412E-002
   3.05353750000000        2.74838375000000      -7.289272153335068E-002
   3.05353750000000        3.05353750000000      -6.740835273534898E-002
   3.05353750000000        3.35869125000000      -6.236275325226665E-002
   3.05353750000000        3.66384500000000      -5.779637622493222E-002
   3.05353750000000        3.96899875000000      -5.363719938990239E-002
   3.05353750000000        4.27415250000000      -4.979771817070196E-002
   3.05353750000000        4.57930625000000      -4.625102151222350E-002
   3.05353750000000        4.88446000000000      -4.303565752299379E-002
   3.05353750000000        5.18961375000000      -4.019307100502549E-002
   3.05353750000000        5.49476750000000      -3.769494110010053E-002
   3.05353750000000        5.79992125000000      -3.540595020262678E-002
   3.05353750000000        6.10507500000000      -3.307556998865551E-002
   3.05353750000000        6.41022875000000      -3.052272213053914E-002
   3.05353750000000        6.71538250000000      -2.836945678410191E-002
   3.05353750000000        7.02053625000000      -2.748880408527345E-002
   3.05353750000000        7.32569000000000      -2.858917494704184E-002
   3.35869125000000       2.000000000000000E-003 -8.581638944849661E-002
   3.35869125000000       0.307153750000000      -9.161279390220051E-002
   3.35869125000000       0.612307500000000      -9.474521012138695E-002
   3.35869125000000       0.917461250000000      -9.267594380684736E-002
   3.35869125000000        1.22261500000000      -8.889349625014506E-002
   3.35869125000000        1.52776875000000      -8.495697384761317E-002
   3.35869125000000        1.83292250000000      -8.100027879756423E-002
   3.35869125000000        2.13807625000000      -7.661277781737051E-002
   3.35869125000000        2.44323000000000      -7.186399935317225E-002
   3.35869125000000        2.74838375000000      -6.702753557968988E-002
   3.35869125000000        3.05353750000000      -6.239108247553628E-002
   3.35869125000000        3.35869125000000      -5.812395312179433E-002
   3.35869125000000        3.66384500000000      -5.424443241977300E-002
   3.35869125000000        3.96899875000000      -5.067030176483836E-002
   3.35869125000000        4.27415250000000      -4.730392549688787E-002
   3.35869125000000        4.57930625000000      -4.412101591520053E-002
   3.35869125000000        4.88446000000000      -4.117864616789344E-002
   3.35869125000000        5.18961375000000      -3.853942870506097E-002
   3.35869125000000        5.49476750000000      -3.618726973327763E-002
   3.35869125000000        5.79992125000000      -3.397211000744989E-002
   3.35869125000000        6.10507500000000      -3.154606007316731E-002
   3.35869125000000        6.41022875000000      -2.892120000321051E-002
   3.35869125000000        6.71538250000000      -2.687659302747031E-002
   3.35869125000000        7.02053625000000      -2.658800251187913E-002
   3.35869125000000        7.32569000000000      -2.858143379988019E-002
   3.66384500000000       2.000000000000000E-003 -7.780764102318168E-002
   3.66384500000000       0.307153750000000      -7.674096169797667E-002
   3.66384500000000       0.612307500000000      -8.022304245694560E-002
   3.66384500000000       0.917461250000000      -8.071869537354520E-002
   3.66384500000000        1.22261500000000      -7.890918900767326E-002
   3.66384500000000        1.52776875000000      -7.615551701924791E-002
   3.66384500000000        1.83292250000000      -7.312862417380940E-002
   3.66384500000000        2.13807625000000      -6.959991082664825E-002
   3.66384500000000        2.44323000000000      -6.570029211579091E-002
   3.66384500000000        2.74838375000000      -6.169817598133061E-002
   3.66384500000000        3.05353750000000      -5.784205719207788E-002
   3.66384500000000        3.35869125000000      -5.426403067284805E-002
   3.66384500000000        3.66384500000000      -5.097376461458462E-002
   3.66384500000000        3.96899875000000      -4.790460030211292E-002
   3.66384500000000        4.27415250000000      -4.497526500769033E-002
   3.66384500000000        4.57930625000000      -4.217266041290903E-002
   3.66384500000000        4.88446000000000      -3.955677092356818E-002
   3.66384500000000        5.18961375000000      -3.718751921712989E-002
   3.66384500000000        5.49476750000000      -3.505081786664061E-002
   3.66384500000000        5.79992125000000      -3.300939595195808E-002
   3.66384500000000        6.10507500000000      -3.074368384610944E-002
   3.66384500000000        6.41022875000000      -2.847162077461265E-002
   3.66384500000000        6.71538250000000      -2.705085456643408E-002
   3.66384500000000        7.02053625000000      -2.771310534658385E-002
   3.66384500000000        7.32569000000000      -2.947028800805839E-002
   3.96899875000000       2.000000000000000E-003 -4.396273188243063E-002
   3.96899875000000       0.307153750000000      -4.825722629076736E-002
   3.96899875000000       0.612307500000000      -5.826989542199456E-002
   3.96899875000000       0.917461250000000      -6.520440434828900E-002
   3.96899875000000        1.22261500000000      -6.766856200956627E-002
   3.96899875000000        1.52776875000000      -6.733363243808917E-002
   3.96899875000000        1.83292250000000      -6.565769675358916E-002
   3.96899875000000        2.13807625000000      -6.313066526596350E-002
   3.96899875000000        2.44323000000000      -6.009282846262218E-002
   3.96899875000000        2.74838375000000      -5.686359244129439E-002
   3.96899875000000        3.05353750000000      -5.369059046071704E-002
   3.96899875000000        3.35869125000000      -5.070163172850084E-002
   3.96899875000000        3.66384500000000      -4.791835587507608E-002
   3.96899875000000        3.96899875000000      -4.530047773449039E-002
   3.96899875000000        4.27415250000000      -4.279715049157860E-002
   3.96899875000000        4.57930625000000      -4.040479204145001E-002
   3.96899875000000        4.88446000000000      -3.816786453930245E-002
   3.96899875000000        5.18961375000000      -3.612663915537935E-002
   3.96899875000000        5.49476750000000      -3.426934585350011E-002
   3.96899875000000        5.79992125000000      -3.250849911621835E-002
   3.96899875000000        6.10507500000000      -3.066344503706036E-002
   3.96899875000000        6.41022875000000      -2.897016030070448E-002
   3.96899875000000        6.71538250000000      -2.817363258411770E-002
   3.96899875000000        7.02053625000000      -2.874677303972599E-002
   3.96899875000000        7.32569000000000      -2.998154214116680E-002
   4.27415250000000       2.000000000000000E-003 -2.313876701891202E-002
   4.27415250000000       0.307153750000000      -2.946273611829933E-002
   4.27415250000000       0.612307500000000      -4.225472061943665E-002
   4.27415250000000       0.917461250000000      -5.253313963285909E-002
   4.27415250000000        1.22261500000000      -5.792286599524626E-002
   4.27415250000000        1.52776875000000      -5.946241716216873E-002
   4.27415250000000        1.83292250000000      -5.899427142763045E-002
   4.27415250000000        2.13807625000000      -5.737314525844586E-002
   4.27415250000000        2.44323000000000      -5.507913344945576E-002
   4.27415250000000        2.74838375000000      -5.248145942871317E-002
   4.27415250000000        3.05353750000000      -4.985130273527021E-002
   4.27415250000000        3.35869125000000      -4.734093367704248E-002
   4.27415250000000        3.66384500000000      -4.499846953409742E-002
   4.27415250000000        3.96899875000000      -4.280840474679322E-002
   4.27415250000000        4.27415250000000      -4.073988385423691E-002
   4.27415250000000        4.57930625000000      -3.878467005584011E-002
   4.27415250000000        4.88446000000000      -3.695871710464596E-002
   4.27415250000000        5.18961375000000      -3.527646073000675E-002
   4.27415250000000        5.49476750000000      -3.373054457835404E-002
   4.27415250000000        5.79992125000000      -3.229092418007271E-002
   4.27415250000000        6.10507500000000      -3.092387634190477E-002
   4.27415250000000        6.41022875000000      -2.975659544337613E-002
   4.27415250000000        6.71538250000000      -2.928595599286877E-002
   4.27415250000000        7.02053625000000      -2.964652678398300E-002
   4.27415250000000        7.32569000000000      -3.060756228526549E-002
   4.57930625000000       2.000000000000000E-003 -2.446162262486101E-002
   4.57930625000000       0.307153750000000      -2.863202835870250E-002
   4.57930625000000       0.612307500000000      -3.789050289425343E-002
   4.57930625000000       0.917461250000000      -4.651041697643907E-002
   4.57930625000000        1.22261500000000      -5.148809032388459E-002
   4.57930625000000        1.52776875000000      -5.346265482870779E-002
   4.57930625000000        1.83292250000000      -5.359071421866549E-002
   4.57930625000000        2.13807625000000      -5.252536524411770E-002
   4.57930625000000        2.44323000000000      -5.071954944118507E-002
   4.57930625000000        2.74838375000000      -4.854694179194401E-002
   4.57930625000000        3.05353750000000      -4.629898675228383E-002
   4.57930625000000        3.35869125000000      -4.415896367318886E-002
   4.57930625000000        3.66384500000000      -4.220182023575847E-002
   4.57930625000000        3.96899875000000      -4.042507417877867E-002
   4.57930625000000        4.27415250000000      -3.879498955433580E-002
   4.57930625000000        4.57930625000000      -3.728076306899996E-002
   4.57930625000000        4.88446000000000      -3.586479779014288E-002
   4.57930625000000        5.18961375000000      -3.453861872538446E-002
   4.57930625000000        5.49476750000000      -3.330020396457155E-002
   4.57930625000000        5.79992125000000      -3.215867676101582E-002
   4.57930625000000        6.10507500000000      -3.114727076603649E-002
   4.57930625000000        6.41022875000000      -3.035493751330135E-002
   4.57930625000000        6.71538250000000      -2.997461158052305E-002
   4.57930625000000        7.02053625000000      -3.006290251993819E-002
   4.57930625000000        7.32569000000000      -3.044653974044668E-002
   4.88446000000000       2.000000000000000E-003 -3.322370203904436E-002
   4.88446000000000       0.307153750000000      -3.537696924172037E-002
   4.88446000000000       0.612307500000000      -4.029747317199577E-002
   4.88446000000000       0.917461250000000      -4.495168064994347E-002
   4.88446000000000        1.22261500000000      -4.801957769291227E-002
   4.88446000000000        1.52776875000000      -4.945460744511829E-002
   4.88446000000000        1.83292250000000      -4.954980273533545E-002
   4.88446000000000        2.13807625000000      -4.862957088316483E-002
   4.88446000000000        2.44323000000000      -4.702759264293126E-002
   4.88446000000000        2.74838375000000      -4.507830472046521E-002
   4.88446000000000        3.05353750000000      -4.307302554375132E-002
   4.88446000000000        3.35869125000000      -4.121285249991388E-002
   4.88446000000000        3.66384500000000      -3.958748097705373E-002
   4.88446000000000        3.96899875000000      -3.819303666180872E-002
   4.88446000000000        4.27415250000000      -3.697565798415570E-002
   4.88446000000000        4.57930625000000      -3.587211955210984E-002
   4.88446000000000        4.88446000000000      -3.483376034078073E-002
   4.88446000000000        5.18961375000000      -3.383660701804080E-002
   4.88446000000000        5.49476750000000      -3.288343830259494E-002
   4.88446000000000        5.79992125000000      -3.200139192526923E-002
   4.88446000000000        6.10507500000000      -3.123602749994843E-002
   4.88446000000000        6.41022875000000      -3.064389540148517E-002
   4.88446000000000        6.71538250000000      -3.027435552778258E-002
   4.88446000000000        7.02053625000000      -3.011604870521467E-002
   4.88446000000000        7.32569000000000      -3.005939992642840E-002
   5.18961375000000       2.000000000000000E-003 -4.131758040867113E-002
   5.18961375000000       0.307153750000000      -4.194277219880505E-002
   5.18961375000000       0.612307500000000      -4.347721623029881E-002
   5.18961375000000       0.917461250000000      -4.515477742602993E-002
   5.18961375000000        1.22261500000000      -4.638623214263951E-002
   5.18961375000000        1.52776875000000      -4.688285000707891E-002
   5.18961375000000        1.83292250000000      -4.656783619775475E-002
   5.18961375000000        2.13807625000000      -4.551718845083909E-002
   5.18961375000000        2.44323000000000      -4.392845450201220E-002
   5.18961375000000        2.74838375000000      -4.207103231358726E-002
   5.18961375000000        3.05353750000000      -4.021527531007160E-002
   5.18961375000000        3.35869125000000      -3.856439594336574E-002
   5.18961375000000        3.66384500000000      -3.721302516485810E-002
   5.18961375000000        3.96899875000000      -3.614869046949205E-002
   5.18961375000000        4.27415250000000      -3.529129954623964E-002
   5.18961375000000        4.57930625000000      -3.454468869709976E-002
   5.18961375000000        4.88446000000000      -3.383615531500366E-002
   5.18961375000000        5.18961375000000      -3.313344427034389E-002
   5.18961375000000        5.49476750000000      -3.244240737946647E-002
   5.18961375000000        5.79992125000000      -3.179293697588995E-002
   5.18961375000000        6.10507500000000      -3.122069292726466E-002
   5.18961375000000        6.41022875000000      -3.075064665323252E-002
   5.18961375000000        6.71538250000000      -3.038351080347392E-002
   5.18961375000000        7.02053625000000      -3.008482869630815E-002
   5.18961375000000        7.32569000000000      -2.978869678575634E-002
   5.49476750000000       2.000000000000000E-003 -4.741443480410977E-002
   5.49476750000000       0.307153750000000      -4.718687208970102E-002
   5.49476750000000       0.612307500000000      -4.659693694449702E-002
   5.49476750000000       0.917461250000000      -4.592424825557467E-002
   5.49476750000000        1.22261500000000      -4.543831788403266E-002
   5.49476750000000        1.52776875000000      -4.494273751693991E-002
   5.49476750000000        1.83292250000000      -4.413790110612399E-002
   5.49476750000000        2.13807625000000      -4.289363055958900E-002
   5.49476750000000        2.44323000000000      -4.126976443129624E-002
   5.49476750000000        2.74838375000000      -3.945790902479936E-002
   5.49476750000000        3.05353750000000      -3.769816124719812E-002
   5.49476750000000        3.35869125000000      -3.619694129805538E-002
   5.49476750000000        3.66384500000000      -3.506190177373715E-002
   5.49476750000000        3.96899875000000      -3.427578708602226E-002
   5.49476750000000        4.27415250000000      -3.372870593782157E-002
   5.49476750000000        4.57930625000000      -3.329022458859278E-002
   5.49476750000000        4.88446000000000      -3.286905362778920E-002
   5.49476750000000        5.18961375000000      -3.243050333310924E-002
   5.49476750000000        5.49476750000000      -3.198184766602476E-002
   5.49476750000000        5.79992125000000      -3.154680644172801E-002
   5.49476750000000        6.10507500000000      -3.114419240271088E-002
   5.49476750000000        6.41022875000000      -3.077795765061350E-002
   5.49476750000000        6.71538250000000      -3.044143845927887E-002
   5.49476750000000        7.02053625000000      -3.010930584727413E-002
   5.49476750000000        7.32569000000000      -2.970919167441615E-002
   5.79992125000000       2.000000000000000E-003 -5.054210164817065E-002
   5.79992125000000       0.307153750000000      -4.976688851923577E-002
   5.79992125000000       0.612307500000000      -4.796258578073845E-002
   5.79992125000000       0.917461250000000      -4.595029150165045E-002
   5.79992125000000        1.22261500000000      -4.426442666532618E-002
   5.79992125000000        1.52776875000000      -4.295164678189232E-002
   5.79992125000000        1.83292250000000      -4.181754795898325E-002
   5.79992125000000        2.13807625000000      -4.048702850202526E-002
   5.79992125000000        2.44323000000000      -3.887976981189267E-002
   5.79992125000000        2.74838375000000      -3.710800852634451E-002
   5.79992125000000        3.05353750000000      -3.538819776452499E-002
   5.79992125000000        3.35869125000000      -3.396187249354927E-002
   5.79992125000000        3.66384500000000      -3.299621414415184E-002
   5.79992125000000        3.96899875000000      -3.248321004704316E-002
   5.79992125000000        4.27415250000000      -3.225252016880358E-002
   5.79992125000000        4.57930625000000      -3.211278137644193E-002
   5.79992125000000        4.88446000000000      -3.195566439912360E-002
   5.79992125000000        5.18961375000000      -3.175504705615113E-002
   5.79992125000000        5.49476750000000      -3.152425858658510E-002
   5.79992125000000        5.79992125000000      -3.127957661800255E-002
   5.79992125000000        6.10507500000000      -3.102457426739157E-002
   5.79992125000000        6.41022875000000      -3.080116488975633E-002
   5.79992125000000        6.71538250000000      -3.062197444910129E-002
   5.79992125000000        7.02053625000000      -3.039092193933704E-002
   5.79992125000000        7.32569000000000      -2.993828692317277E-002
   6.10507500000000       2.000000000000000E-003 -4.940660814897603E-002
   6.10507500000000       0.307153750000000      -4.840427342764519E-002
   6.10507500000000       0.612307500000000      -4.606507031383952E-002
   6.10507500000000       0.917461250000000      -4.369450194263045E-002
   6.10507500000000        1.22261500000000      -4.187536939311168E-002
   6.10507500000000        1.52776875000000      -4.055093686038319E-002
   6.10507500000000        1.83292250000000      -3.940944694849707E-002
   6.10507500000000        2.13807625000000      -3.816734157361490E-002
   6.10507500000000        2.44323000000000      -3.663925599827191E-002
   6.10507500000000        2.74838375000000      -3.486405144812162E-002
   6.10507500000000        3.05353750000000      -3.303887722071406E-002
   6.10507500000000        3.35869125000000      -3.151861353692761E-002
   6.10507500000000        3.66384500000000      -3.070052007274818E-002
   6.10507500000000        3.96899875000000      -3.058689340714699E-002
   6.10507500000000        4.27415250000000      -3.082285606293583E-002
   6.10507500000000        4.57930625000000      -3.104214802323996E-002
   6.10507500000000        4.88446000000000      -3.114104458036161E-002
   6.10507500000000        5.18961375000000      -3.114353572421853E-002
   6.10507500000000        5.49476750000000      -3.108951305869285E-002
   6.10507500000000        5.79992125000000      -3.099579363663115E-002
   6.10507500000000        6.10507500000000      -3.092532310799648E-002
   6.10507500000000        6.41022875000000      -3.094642700837292E-002
   6.10507500000000        6.71538250000000      -3.105272402004525E-002
   6.10507500000000        7.02053625000000      -3.103839196741177E-002
   6.10507500000000        7.32569000000000      -3.046960716492290E-002
   6.41022875000000       2.000000000000000E-003 -4.277864391741629E-002
   6.41022875000000       0.307153750000000      -4.226445291981594E-002
   6.41022875000000       0.612307500000000      -4.108272335968059E-002
   6.41022875000000       0.917461250000000      -3.972017870816289E-002
   6.41022875000000        1.22261500000000      -3.857882174050673E-002
   6.41022875000000        1.52776875000000      -3.776564034441987E-002
   6.41022875000000        1.83292250000000      -3.700482986547879E-002
   6.41022875000000        2.13807625000000      -3.598312144617546E-002
   6.41022875000000        2.44323000000000      -3.453876789250641E-002
   6.41022875000000        2.74838375000000      -3.261739345370558E-002
   6.41022875000000        3.05353750000000      -3.047047577007062E-002
   6.41022875000000        3.35869125000000      -2.888165393852546E-002
   6.41022875000000        3.66384500000000      -2.839205917562967E-002
   6.41022875000000        3.96899875000000      -2.881443810898606E-002
   6.41022875000000        4.27415250000000      -2.955542568896598E-002
   6.41022875000000        4.57930625000000      -3.016359447119543E-002
   6.41022875000000        4.88446000000000      -3.048582291489561E-002
   6.41022875000000        5.18961375000000      -3.062627649539196E-002
   6.41022875000000        5.49476750000000      -3.068559581765958E-002
   6.41022875000000        5.79992125000000      -3.073852893492417E-002
   6.41022875000000        6.10507500000000      -3.091178444746757E-002
   6.41022875000000        6.41022875000000      -3.125422583464593E-002
   6.41022875000000        6.71538250000000      -3.175798179137551E-002
   6.41022875000000        7.02053625000000      -3.209642000348716E-002
   6.41022875000000        7.32569000000000      -3.118150736369964E-002
   6.71538250000000       2.000000000000000E-003 -3.192806832390044E-002
   6.71538250000000       0.307153750000000      -3.357196095444856E-002
   6.71538250000000       0.612307500000000      -3.618730622661531E-002
   6.71538250000000       0.917461250000000      -3.643888703058561E-002
   6.71538250000000        1.22261500000000      -3.579645038582945E-002
   6.71538250000000        1.52776875000000      -3.533484180579550E-002
   6.71538250000000        1.83292250000000      -3.490871767256096E-002
   6.71538250000000        2.13807625000000      -3.411359783912604E-002
   6.71538250000000        2.44323000000000      -3.271657818821760E-002
   6.71538250000000        2.74838375000000      -3.059807885913163E-002
   6.71538250000000        3.05353750000000      -2.828345325663645E-002
   6.71538250000000        3.35869125000000      -2.681959806283887E-002
   6.71538250000000        3.66384500000000      -2.693062105335777E-002
   6.71538250000000        3.96899875000000      -2.791116719761473E-002
   6.71538250000000        4.27415250000000      -2.895789242068533E-002
   6.71538250000000        4.57930625000000      -2.968056498896153E-002
   6.71538250000000        4.88446000000000      -3.005089489673337E-002
   6.71538250000000        5.18961375000000      -3.021427870483103E-002
   6.71538250000000        5.49476750000000      -3.031255678172675E-002
   6.71538250000000        5.79992125000000      -3.052268568524540E-002
   6.71538250000000        6.10507500000000      -3.097482046363994E-002
   6.71538250000000        6.41022875000000      -3.170430129639680E-002
   6.71538250000000        6.71538250000000      -3.263872163564201E-002
   6.71538250000000        7.02053625000000      -3.341770044654144E-002
   6.71538250000000        7.32569000000000      -3.186164922109097E-002
   7.02053625000000       2.000000000000000E-003 -2.875847017393381E-002
   7.02053625000000       0.307153750000000      -3.191363691967207E-002
   7.02053625000000       0.612307500000000      -3.782010487929304E-002
   7.02053625000000       0.917461250000000      -3.644508667965184E-002
   7.02053625000000        1.22261500000000      -3.463577343765319E-002
   7.02053625000000        1.52776875000000      -3.385374923703085E-002
   7.02053625000000        1.83292250000000      -3.343369904137154E-002
   7.02053625000000        2.13807625000000      -3.275291468784151E-002
   7.02053625000000        2.44323000000000      -3.144360611738278E-002
   7.02053625000000        2.74838375000000      -2.944307044532124E-002
   7.02053625000000        3.05353750000000      -2.732430547432318E-002
   7.02053625000000        3.35869125000000      -2.647243585632209E-002
   7.02053625000000        3.66384500000000      -2.755924217542947E-002
   7.02053625000000        3.96899875000000      -2.838996323427908E-002
   7.02053625000000        4.27415250000000      -2.922613586188259E-002
   7.02053625000000        4.57930625000000      -2.970532771322041E-002
   7.02053625000000        4.88446000000000      -2.984997919076969E-002
   7.02053625000000        5.18961375000000      -2.988681734245302E-002
   7.02053625000000        5.49476750000000      -2.995292896467282E-002
   7.02053625000000        5.79992125000000      -3.025869206457884E-002
   7.02053625000000        6.10507500000000      -3.091491738503256E-002
   7.02053625000000        6.41022875000000      -3.197242122972115E-002
   7.02053625000000        6.71538250000000      -3.331128785703991E-002
   7.02053625000000        7.02053625000000      -3.414157401279572E-002
   7.02053625000000        7.32569000000000      -3.235807994826365E-002
   7.32569000000000       2.000000000000000E-003 -2.956994027612331E-002
   7.32569000000000       0.307153750000000      -3.591161321230003E-002
   7.32569000000000       0.612307500000000      -4.038671144991234E-002
   7.32569000000000       0.917461250000000      -3.690951187103115E-002
   7.32569000000000        1.22261500000000      -3.427986202306169E-002
   7.32569000000000        1.52776875000000      -3.315356159031957E-002
   7.32569000000000        1.83292250000000      -3.260042765910456E-002
   7.32569000000000        2.13807625000000      -3.196879277804553E-002
   7.32569000000000        2.44323000000000      -3.093512885846140E-002
   7.32569000000000        2.74838375000000      -2.954261355110985E-002
   7.32569000000000        3.05353750000000      -2.832942890574200E-002
   7.32569000000000        3.35869125000000      -2.834631612114690E-002
   7.32569000000000        3.66384500000000      -2.930624749426516E-002
   7.32569000000000        3.96899875000000      -2.968608298213916E-002
   7.32569000000000        4.27415250000000      -3.024819789513974E-002
   7.32569000000000        4.57930625000000      -3.012370797437329E-002
   7.32569000000000        4.88446000000000      -2.980360310305239E-002
   7.32569000000000        5.18961375000000      -2.958819826277164E-002
   7.32569000000000        5.49476750000000      -2.954127447429329E-002
   7.32569000000000        5.79992125000000      -2.978628100453648E-002
   7.32569000000000        6.10507500000000      -3.031725630776864E-002
   7.32569000000000        6.41022875000000      -3.101557045283485E-002
   7.32569000000000        6.71538250000000      -3.168833550117264E-002
   7.32569000000000        7.02053625000000      -3.224696785499465E-002
   7.32569000000000        7.32569000000000      -3.145731242815940E-002
