  2.000000000000000E-003  2.000000000000000E-003 -0.335446688122758     
  2.000000000000000E-003  0.307153750000000      -0.475704099790906     
  2.000000000000000E-003  0.612307500000000      -0.492518712256535     
  2.000000000000000E-003  0.917461250000000      -0.391541933246165     
  2.000000000000000E-003   1.22261500000000      -0.288914763795227     
  2.000000000000000E-003   1.52776875000000      -0.209503483415097     
  2.000000000000000E-003   1.83292250000000      -0.152041464469954     
  2.000000000000000E-003   2.13807625000000      -0.111448031446110     
  2.000000000000000E-003   2.44323000000000      -8.207723293983273E-002
  2.000000000000000E-003   2.74838375000000      -6.210281775761696E-002
  2.000000000000000E-003   3.05353750000000      -5.193321542683776E-002
  2.000000000000000E-003   3.35869125000000      -5.075788135670563E-002
  2.000000000000000E-003   3.66384500000000      -5.398898054629525E-002
  2.000000000000000E-003   3.96899875000000      -4.364599953599876E-002
  2.000000000000000E-003   4.27415250000000      -3.451749155492131E-002
  2.000000000000000E-003   4.57930625000000      -2.966746094391892E-002
  2.000000000000000E-003   4.88446000000000      -2.619454962164388E-002
  2.000000000000000E-003   5.18961375000000      -2.215358427475116E-002
  2.000000000000000E-003   5.49476750000000      -1.654688690599346E-002
  2.000000000000000E-003   5.79992125000000      -1.049912602684730E-002
  2.000000000000000E-003   6.10507500000000      -4.224771462377076E-003
  2.000000000000000E-003   6.41022875000000       1.957380727882135E-003
  2.000000000000000E-003   6.71538250000000       6.379744971805053E-003
  2.000000000000000E-003   7.02053625000000       3.428528689243350E-003
  2.000000000000000E-003   7.32569000000000      -7.435055843895394E-003
  0.307153750000000       2.000000000000000E-003 -0.475699095084423     
  0.307153750000000       0.307153750000000      -0.352060755511311     
  0.307153750000000       0.612307500000000      -0.366039369658097     
  0.307153750000000       0.917461250000000      -0.330918945870603     
  0.307153750000000        1.22261500000000      -0.262059546727249     
  0.307153750000000        1.52776875000000      -0.197357145654278     
  0.307153750000000        1.83292250000000      -0.146638390922530     
  0.307153750000000        2.13807625000000      -0.109342908903200     
  0.307153750000000        2.44323000000000      -8.198634905320004E-002
  0.307153750000000        2.74838375000000      -6.306561922947167E-002
  0.307153750000000        3.05353750000000      -5.369146506911589E-002
  0.307153750000000        3.35869125000000      -5.263151435465231E-002
  0.307153750000000        3.66384500000000      -5.337200311756243E-002
  0.307153750000000        3.96899875000000      -4.544584435828159E-002
  0.307153750000000        4.27415250000000      -3.668794075380036E-002
  0.307153750000000        4.57930625000000      -3.119395304133547E-002
  0.307153750000000        4.88446000000000      -2.721608213118143E-002
  0.307153750000000        5.18961375000000      -2.290248595911134E-002
  0.307153750000000        5.49476750000000      -1.743135901856122E-002
  0.307153750000000        5.79992125000000      -1.184341079833392E-002
  0.307153750000000        6.10507500000000      -6.629045654165047E-003
  0.307153750000000        6.41022875000000      -2.902178159784826E-003
  0.307153750000000        6.71538250000000      -3.225917211375676E-003
  0.307153750000000        7.02053625000000      -6.602478857661576E-003
  0.307153750000000        7.32569000000000       2.404720081262871E-003
  0.612307500000000       2.000000000000000E-003 -0.492543132699598     
  0.612307500000000       0.307153750000000      -0.366064158120178     
  0.612307500000000       0.612307500000000      -0.273628375039476     
  0.612307500000000       0.917461250000000      -0.245943511147990     
  0.612307500000000        1.22261500000000      -0.211538704326305     
  0.612307500000000        1.52776875000000      -0.170986347636076     
  0.612307500000000        1.83292250000000      -0.133713306488314     
  0.612307500000000        2.13807625000000      -0.103786101618311     
  0.612307500000000        2.44323000000000      -8.112281651975949E-002
  0.612307500000000        2.74838375000000      -6.474485619194247E-002
  0.612307500000000        3.05353750000000      -5.645101928661493E-002
  0.612307500000000        3.35869125000000      -5.448990353989853E-002
  0.612307500000000        3.66384500000000      -5.339082990782671E-002
  0.612307500000000        3.96899875000000      -4.793856289843914E-002
  0.612307500000000        4.27415250000000      -4.058165648327555E-002
  0.612307500000000        4.57930625000000      -3.442631616090172E-002
  0.612307500000000        4.88446000000000      -2.951900769367182E-002
  0.612307500000000        5.18961375000000      -2.469506974132672E-002
  0.612307500000000        5.49476750000000      -1.957704875365768E-002
  0.612307500000000        5.79992125000000      -1.479318849933248E-002
  0.612307500000000        6.10507500000000      -1.121143021850447E-002
  0.612307500000000        6.41022875000000      -9.657158066070901E-003
  0.612307500000000        6.71538250000000      -9.650066048349198E-003
  0.612307500000000        7.02053625000000      -3.981600823823549E-003
  0.612307500000000        7.32569000000000       6.178023245445186E-003
  0.917461250000000       2.000000000000000E-003 -0.391617258733259     
  0.917461250000000       0.307153750000000      -0.330986563792854     
  0.917461250000000       0.612307500000000      -0.245981808170780     
  0.917461250000000       0.917461250000000      -0.201156181244099     
  0.917461250000000        1.22261500000000      -0.172611837939004     
  0.917461250000000        1.52776875000000      -0.145381341426879     
  0.917461250000000        1.83292250000000      -0.119155198900401     
  0.917461250000000        2.13807625000000      -9.648684789702199E-002
  0.917461250000000        2.44323000000000      -7.860176184526944E-002
  0.917461250000000        2.74838375000000      -6.557563464078106E-002
  0.917461250000000        3.05353750000000      -5.790386237514712E-002
  0.917461250000000        3.35869125000000      -5.479626848961053E-002
  0.917461250000000        3.66384500000000      -5.266993759182952E-002
  0.917461250000000        3.96899875000000      -4.857168519830258E-002
  0.917461250000000        4.27415250000000      -4.277649108351964E-002
  0.917461250000000        4.57930625000000      -3.689557726620245E-002
  0.917461250000000        4.88446000000000      -3.152711990388236E-002
  0.917461250000000        5.18961375000000      -2.651422457638439E-002
  0.917461250000000        5.49476750000000      -2.177253952142657E-002
  0.917461250000000        5.79992125000000      -1.754057608283489E-002
  0.917461250000000        6.10507500000000      -1.455801547952162E-002
  0.917461250000000        6.41022875000000      -1.279487992404704E-002
  0.917461250000000        6.71538250000000      -1.058385308107378E-002
  0.917461250000000        7.02053625000000      -4.926263115462754E-003
  0.917461250000000        7.32569000000000       2.374667156352199E-004
   1.22261500000000       2.000000000000000E-003 -0.289029165675637     
   1.22261500000000       0.307153750000000      -0.262163478154611     
   1.22261500000000       0.612307500000000      -0.211610937389391     
   1.22261500000000       0.917461250000000      -0.172644958172683     
   1.22261500000000        1.22261500000000      -0.146543620114622     
   1.22261500000000        1.52776875000000      -0.125393042319665     
   1.22261500000000        1.83292250000000      -0.105973379619611     
   1.22261500000000        2.13807625000000      -8.872101352414849E-002
   1.22261500000000        2.44323000000000      -7.467196615537069E-002
   1.22261500000000        2.74838375000000      -6.430139248234484E-002
   1.22261500000000        3.05353750000000      -5.755668874578573E-002
   1.22261500000000        3.35869125000000      -5.368629227050367E-002
   1.22261500000000        3.66384500000000      -5.089665089174693E-002
   1.22261500000000        3.96899875000000      -4.736353106608559E-002
   1.22261500000000        4.27415250000000      -4.272104590668729E-002
   1.22261500000000        4.57930625000000      -3.759844566806701E-002
   1.22261500000000        4.88446000000000      -3.245707109482835E-002
   1.22261500000000        5.18961375000000      -2.753989851356515E-002
   1.22261500000000        5.49476750000000      -2.301522729459514E-002
   1.22261500000000        5.79992125000000      -1.905906150014505E-002
   1.22261500000000        6.10507500000000      -1.603196571025512E-002
   1.22261500000000        6.41022875000000      -1.373607904256154E-002
   1.22261500000000        6.71538250000000      -1.113873048344351E-002
   1.22261500000000        7.02053625000000      -7.527167384522360E-003
   1.22261500000000        7.32569000000000      -4.769394837160375E-003
   1.52776875000000       2.000000000000000E-003 -0.209647079808771     
   1.52776875000000       0.307153750000000      -0.197488837833558     
   1.52776875000000       0.612307500000000      -0.171084229346988     
   1.52776875000000       0.917461250000000      -0.145437378184796     
   1.52776875000000        1.22261500000000      -0.125413828603450     
   1.52776875000000        1.52776875000000      -0.108976243850247     
   1.52776875000000        1.83292250000000      -9.417885857809001E-002
   1.52776875000000        2.13807625000000      -8.097914905695694E-002
   1.52776875000000        2.44323000000000      -6.991141205728105E-002
   1.52776875000000        2.74838375000000      -6.138742652376841E-002
   1.52776875000000        3.05353750000000      -5.539514318423966E-002
   1.52776875000000        3.35869125000000      -5.136418910377134E-002
   1.52776875000000        3.66384500000000      -4.825641664179366E-002
   1.52776875000000        3.96899875000000      -4.504054621867796E-002
   1.52776875000000        4.27415250000000      -4.121572508779267E-002
   1.52776875000000        4.57930625000000      -3.681744512165001E-002
   1.52776875000000        4.88446000000000      -3.211454949106474E-002
   1.52776875000000        5.18961375000000      -2.742046855886229E-002
   1.52776875000000        5.49476750000000      -2.302740624061056E-002
   1.52776875000000        5.79992125000000      -1.918325111576634E-002
   1.52776875000000        6.10507500000000      -1.606317906098946E-002
   1.52776875000000        6.41022875000000      -1.358584287032939E-002
   1.52776875000000        6.71538250000000      -1.129983084987945E-002
   1.52776875000000        7.02053625000000      -8.995465989959952E-003
   1.52776875000000        7.32569000000000      -7.240447063356820E-003
   1.83292250000000       2.000000000000000E-003 -0.152213064832581     
   1.83292250000000       0.307153750000000      -0.146796081455983     
   1.83292250000000       0.612307500000000      -0.133831694816561     
   1.83292250000000       0.917461250000000      -0.119225501619161     
   1.83292250000000        1.22261500000000      -0.106003741962835     
   1.83292250000000        1.52776875000000      -9.418585296740323E-002
   1.83292250000000        1.83292250000000      -8.331390559493079E-002
   1.83292250000000        2.13807625000000      -7.337947710326066E-002
   1.83292250000000        2.44323000000000      -6.470709970251358E-002
   1.83292250000000        2.74838375000000      -5.763673453108393E-002
   1.83292250000000        3.05353750000000      -5.226253661130532E-002
   1.83292250000000        3.35869125000000      -4.830044377289228E-002
   1.83292250000000        3.66384500000000      -4.514679768799752E-002
   1.83292250000000        3.96899875000000      -4.212479261925209E-002
   1.83292250000000        4.27415250000000      -3.875939575449429E-002
   1.83292250000000        4.57930625000000      -3.489135604132040E-002
   1.83292250000000        4.88446000000000      -3.062533631708549E-002
   1.83292250000000        5.18961375000000      -2.622224906371904E-002
   1.83292250000000        5.49476750000000      -2.199740956674821E-002
   1.83292250000000        5.79992125000000      -1.823480575430272E-002
   1.83292250000000        6.10507500000000      -1.511209092423392E-002
   1.83292250000000        6.41022875000000      -1.263935638950140E-002
   1.83292250000000        6.71538250000000      -1.066103237355483E-002
   1.83292250000000        7.02053625000000      -9.026188155630473E-003
   1.83292250000000        7.32569000000000      -7.794289991935925E-003
   2.13807625000000       2.000000000000000E-003 -0.111657561710820     
   2.13807625000000       0.307153750000000      -0.109533499303770     
   2.13807625000000       0.612307500000000      -0.103926950978402     
   2.13807625000000       0.917461250000000      -9.656923707973093E-002
   2.13807625000000        1.22261500000000      -8.875515802073482E-002
   2.13807625000000        1.52776875000000      -8.098454156650778E-002
   2.13807625000000        1.83292250000000      -7.337559664339170E-002
   2.13807625000000        2.13807625000000      -6.606335475169350E-002
   2.13807625000000        2.44323000000000      -5.931372858967059E-002
   2.13807625000000        2.74838375000000      -5.343527092272158E-002
   2.13807625000000        3.05353750000000      -4.861556750560716E-002
   2.13807625000000        3.35869125000000      -4.479397735552335E-002
   2.13807625000000        3.66384500000000      -4.165345587797355E-002
   2.13807625000000        3.96899875000000      -3.874452413644775E-002
   2.13807625000000        4.27415250000000      -3.566580652731481E-002
   2.13807625000000        4.57930625000000      -3.219769608521153E-002
   2.13807625000000        4.88446000000000      -2.834309112083940E-002
   2.13807625000000        5.18961375000000      -2.428919371274348E-002
   2.13807625000000        5.49476750000000      -2.032234801636376E-002
   2.13807625000000        5.79992125000000      -1.672559424394276E-002
   2.13807625000000        6.10507500000000      -1.368647868283449E-002
   2.13807625000000        6.41022875000000      -1.125133366232082E-002
   2.13807625000000        6.71538250000000      -9.368446065020668E-003
   2.13807625000000        7.02053625000000      -8.000206044250445E-003
   2.13807625000000        7.32569000000000      -7.143200456697787E-003
   2.44323000000000       2.000000000000000E-003 -8.236015260491561E-002
   2.44323000000000       0.307153750000000      -8.223679590055538E-002
   2.44323000000000       0.612307500000000      -8.129589947147049E-002
   2.44323000000000       0.917461250000000      -7.869547310767702E-002
   2.44323000000000        1.22261500000000      -7.470635244090888E-002
   2.44323000000000        1.52776875000000      -6.991182673290967E-002
   2.44323000000000        1.83292250000000      -6.469587934590963E-002
   2.44323000000000        2.13807625000000      -5.930550016735264E-002
   2.44323000000000        2.44323000000000      -5.399744728006058E-002
   2.44323000000000        2.74838375000000      -4.906261415176581E-002
   2.44323000000000        3.05353750000000      -4.473916075949807E-002
   2.44323000000000        3.35869125000000      -4.110201090106026E-002
   2.44323000000000        3.66384500000000      -3.801720131165354E-002
   2.44323000000000        3.96899875000000      -3.519737188450335E-002
   2.44323000000000        4.27415250000000      -3.232687222534497E-002
   2.44323000000000        4.57930625000000      -2.918697204735823E-002
   2.44323000000000        4.88446000000000      -2.572852248121093E-002
   2.44323000000000        5.18961375000000      -2.207367377179635E-002
   2.44323000000000        5.49476750000000      -1.845374946850322E-002
   2.44323000000000        5.79992125000000      -1.511014585844900E-002
   2.44323000000000        6.10507500000000      -1.219362763846415E-002
   2.44323000000000        6.41022875000000      -9.716863390436491E-003
   2.44323000000000        6.71538250000000      -7.646418525479985E-003
   2.44323000000000        7.02053625000000      -6.161864798204545E-003
   2.44323000000000        7.32569000000000      -5.663906563887938E-003
   2.74838375000000       2.000000000000000E-003 -6.247967282342749E-002
   2.74838375000000       0.307153750000000      -6.339032492656919E-002
   2.74838375000000       0.612307500000000      -6.495459724226742E-002
   2.74838375000000       0.917461250000000      -6.567651972731553E-002
   2.74838375000000        1.22261500000000      -6.433288646030109E-002
   2.74838375000000        1.52776875000000      -6.138370983808005E-002
   2.74838375000000        1.83292250000000      -5.762127044703297E-002
   2.74838375000000        2.13807625000000      -5.342217038052096E-002
   2.74838375000000        2.44323000000000      -4.905699926804177E-002
   2.74838375000000        2.74838375000000      -4.480042377535916E-002
   2.74838375000000        3.05353750000000      -4.089676335543887E-002
   2.74838375000000        3.35869125000000      -3.747552274633324E-002
   2.74838375000000        3.66384500000000      -3.450004057595561E-002
   2.74838375000000        3.96899875000000      -3.178980599074395E-002
   2.74838375000000        4.27415250000000      -2.910687407073000E-002
   2.74838375000000        4.57930625000000      -2.626227208658209E-002
   2.74838375000000        4.88446000000000      -2.319130645324056E-002
   2.74838375000000        5.18961375000000      -1.996864607957796E-002
   2.74838375000000        5.49476750000000      -1.676225741004846E-002
   2.74838375000000        5.79992125000000      -1.374235929614010E-002
   2.74838375000000        6.10507500000000      -1.096414669772224E-002
   2.74838375000000        6.41022875000000      -8.258902758712931E-003
   2.74838375000000        6.71538250000000      -5.645215826791885E-003
   2.74838375000000        7.02053625000000      -3.908366140289967E-003
   2.74838375000000        7.32569000000000      -3.893588175364636E-003
   3.05353750000000       2.000000000000000E-003 -5.235847032564329E-002
   3.05353750000000       0.307153750000000      -5.404178880462027E-002
   3.05353750000000       0.612307500000000      -5.665632963582710E-002
   3.05353750000000       0.917461250000000      -5.799320059541300E-002
   3.05353750000000        1.22261500000000      -5.758109397074002E-002
   3.05353750000000        1.52776875000000      -5.539099975667047E-002
   3.05353750000000        1.83292250000000      -5.224984957487286E-002
   3.05353750000000        2.13807625000000      -4.860507526912480E-002
   3.05353750000000        2.44323000000000      -4.473443339663599E-002
   3.05353750000000        2.74838375000000      -4.089621771435458E-002
   3.05353750000000        3.05353750000000      -3.731240464371679E-002
   3.05353750000000        3.35869125000000      -3.410939768930914E-002
   3.05353750000000        3.66384500000000      -3.128473403986103E-002
   3.05353750000000        3.96899875000000      -2.871825811028693E-002
   3.05353750000000        4.27415250000000      -2.622929017150356E-002
   3.05353750000000        4.57930625000000      -2.366618295575633E-002
   3.05353750000000        4.88446000000000      -2.097158607023470E-002
   3.05353750000000        5.18961375000000      -1.819187140392013E-002
   3.05353750000000        5.49476750000000      -1.543906250808373E-002
   3.05353750000000        5.79992125000000      -1.281298598037377E-002
   3.05353750000000        6.10507500000000      -1.026358521865430E-002
   3.05353750000000        6.41022875000000      -7.526986956633199E-003
   3.05353750000000        6.71538250000000      -4.802868487894115E-003
   3.05353750000000        7.02053625000000      -2.690959062630921E-003
   3.05353750000000        7.32569000000000      -3.036651324793297E-003
   3.35869125000000       2.000000000000000E-003 -5.106958002626680E-002
   3.35869125000000       0.307153750000000      -5.288085123518572E-002
   3.35869125000000       0.612307500000000      -5.462165658036389E-002
   3.35869125000000       0.917461250000000      -5.484810672142715E-002
   3.35869125000000        1.22261500000000      -5.370092812936572E-002
   3.35869125000000        1.52776875000000      -5.136505313352229E-002
   3.35869125000000        1.83292250000000      -4.829786402407680E-002
   3.35869125000000        2.13807625000000      -4.479300485255697E-002
   3.35869125000000        2.44323000000000      -4.110374416628312E-002
   3.35869125000000        2.74838375000000      -3.747841803933804E-002
   3.35869125000000        3.05353750000000      -3.411124687211830E-002
   3.35869125000000        3.35869125000000      -3.109891439271616E-002
   3.35869125000000        3.66384500000000      -2.843777054645161E-002
   3.35869125000000        3.96899875000000      -2.603688975410872E-002
   3.35869125000000        4.27415250000000      -2.374888477427985E-002
   3.35869125000000        4.57930625000000      -2.145389340444676E-002
   3.35869125000000        4.88446000000000      -1.911236814681505E-002
   3.35869125000000        5.18961375000000      -1.675738570150415E-002
   3.35869125000000        5.49476750000000      -1.446240195358863E-002
   3.35869125000000        5.79992125000000      -1.229270718412251E-002
   3.35869125000000        6.10507500000000      -1.021064341184275E-002
   3.35869125000000        6.41022875000000      -8.198104298811792E-003
   3.35869125000000        6.71538250000000      -6.264951599698126E-003
   3.35869125000000        7.02053625000000      -4.477560376108291E-003
   3.35869125000000        7.32569000000000      -4.751784592948978E-003
   3.66384500000000       2.000000000000000E-003 -5.407819682856201E-002
   3.66384500000000       0.307153750000000      -5.346270864261485E-002
   3.66384500000000       0.612307500000000      -5.343212294673023E-002
   3.66384500000000       0.917461250000000      -5.268751419067955E-002
   3.66384500000000        1.22261500000000      -5.090818863020756E-002
   3.66384500000000        1.52776875000000      -4.826729447913530E-002
   3.66384500000000        1.83292250000000      -4.515755742674022E-002
   3.66384500000000        2.13807625000000      -4.166371527280154E-002
   3.66384500000000        2.44323000000000      -3.802592586435131E-002
   3.66384500000000        2.74838375000000      -3.450602227213824E-002
   3.66384500000000        3.05353750000000      -3.128732054077467E-002
   3.66384500000000        3.35869125000000      -2.843771669614217E-002
   3.66384500000000        3.66384500000000      -2.593672429061743E-002
   3.66384500000000        3.96899875000000      -2.370131670417186E-002
   3.66384500000000        4.27415250000000      -2.160324732932375E-002
   3.66384500000000        4.57930625000000      -1.954881198604589E-002
   3.66384500000000        4.88446000000000      -1.751606097103256E-002
   3.66384500000000        5.18961375000000      -1.553077240859685E-002
   3.66384500000000        5.49476750000000      -1.364128855350832E-002
   3.66384500000000        5.79992125000000      -1.191116653669791E-002
   3.66384500000000        6.10507500000000      -1.044109717183347E-002
   3.66384500000000        6.41022875000000      -9.379683484216673E-003
   3.66384500000000        6.71538250000000      -8.739329082981558E-003
   3.66384500000000        7.02053625000000      -8.228442718317975E-003
   3.66384500000000        7.32569000000000      -7.367935384131977E-003
   3.96899875000000       2.000000000000000E-003 -4.379544215688630E-002
   3.96899875000000       0.307153750000000      -4.551797432187048E-002
   3.96899875000000       0.612307500000000      -4.796021945189818E-002
   3.96899875000000       0.917461250000000      -4.858594648456836E-002
   3.96899875000000        1.22261500000000      -4.738071928824542E-002
   3.96899875000000        1.52776875000000      -4.505965385042075E-002
   3.96899875000000        1.83292250000000      -4.214318269360099E-002
   3.96899875000000        2.13807625000000      -3.875902550853539E-002
   3.96899875000000        2.44323000000000      -3.520622247695835E-002
   3.96899875000000        2.74838375000000      -3.179278717690360E-002
   3.96899875000000        3.05353750000000      -2.871633786842407E-002
   3.96899875000000        3.35869125000000      -2.603207976083879E-002
   3.96899875000000        3.66384500000000      -2.369676946799978E-002
   3.96899875000000        3.96899875000000      -2.161742679970020E-002
   3.96899875000000        4.27415250000000      -1.968459175281222E-002
   3.96899875000000        4.57930625000000      -1.782908167795721E-002
   3.96899875000000        4.88446000000000      -1.603903848828006E-002
   3.96899875000000        5.18961375000000      -1.433095745586761E-002
   3.96899875000000        5.49476750000000      -1.273061464181146E-002
   3.96899875000000        5.79992125000000      -1.128917694873475E-002
   3.96899875000000        6.10507500000000      -1.015534503023552E-002
   3.96899875000000        6.41022875000000      -9.393593474946279E-003
   3.96899875000000        6.71538250000000      -8.629933664252659E-003
   3.96899875000000        7.02053625000000      -6.914086152440448E-003
   3.96899875000000        7.32569000000000      -4.416691104554842E-003
   4.27415250000000       2.000000000000000E-003 -3.463656304379820E-002
   4.27415250000000       0.307153750000000      -3.675812123783335E-002
   4.27415250000000       0.612307500000000      -4.061135570152336E-002
   4.27415250000000       0.917461250000000      -4.279243732813276E-002
   4.27415250000000        1.22261500000000      -4.273229462919513E-002
   4.27415250000000        1.52776875000000      -4.122672069724924E-002
   4.27415250000000        1.83292250000000      -3.876765597630170E-002
   4.27415250000000        2.13807625000000      -3.566787153676168E-002
   4.27415250000000        2.44323000000000      -3.232174247626411E-002
   4.27415250000000        2.74838375000000      -2.909581217984223E-002
   4.27415250000000        3.05353750000000      -2.621455633181355E-002
   4.27415250000000        3.35869125000000      -2.373292913379249E-002
   4.27415250000000        3.66384500000000      -2.158879662958415E-002
   4.27415250000000        3.96899875000000      -1.967516336892356E-002
   4.27415250000000        4.27415250000000      -1.789500571949496E-002
   4.27415250000000        4.57930625000000      -1.619605993528943E-002
   4.27415250000000        4.88446000000000      -1.456963558599068E-002
   4.27415250000000        5.18961375000000      -1.302282268246409E-002
   4.27415250000000        5.49476750000000      -1.156152599758888E-002
   4.27415250000000        5.79992125000000      -1.020307327313789E-002
   4.27415250000000        6.10507500000000      -9.006895650228566E-003
   4.27415250000000        6.41022875000000      -7.943328672670859E-003
   4.27415250000000        6.71538250000000      -6.386187124927931E-003
   4.27415250000000        7.02053625000000      -3.857564619502043E-003
   4.27415250000000        7.32569000000000      -1.628229219334422E-003
   4.57930625000000       2.000000000000000E-003 -2.970135716873688E-002
   4.57930625000000       0.307153750000000      -3.120421626456730E-002
   4.57930625000000       0.612307500000000      -3.441316275508662E-002
   4.57930625000000       0.917461250000000      -3.686795771773928E-002
   4.57930625000000        1.22261500000000      -3.756810656848992E-002
   4.57930625000000        1.52776875000000      -3.678882381977625E-002
   4.57930625000000        1.83292250000000      -3.486132627256305E-002
   4.57930625000000        2.13807625000000      -3.216370121691524E-002
   4.57930625000000        2.44323000000000      -2.914954545663728E-002
   4.57930625000000        2.74838375000000      -2.622400155745128E-002
   4.57930625000000        3.05353750000000      -2.362967474248948E-002
   4.57930625000000        3.35869125000000      -2.142067551991987E-002
   4.57930625000000        3.66384500000000      -1.951981377622529E-002
   4.57930625000000        3.96899875000000      -1.780598401787653E-002
   4.57930625000000        4.27415250000000      -1.618221738550431E-002
   4.57930625000000        4.57930625000000      -1.460182425520390E-002
   4.57930625000000        4.88446000000000      -1.305791426782900E-002
   4.57930625000000        5.18961375000000      -1.155657309107989E-002
   4.57930625000000        5.49476750000000      -1.009794594005803E-002
   4.57930625000000        5.79992125000000      -8.676863028945266E-003
   4.57930625000000        6.10507500000000      -7.284275668728389E-003
   4.57930625000000        6.41022875000000      -5.851870979972841E-003
   4.57930625000000        6.71538250000000      -4.046931851753906E-003
   4.57930625000000        7.02053625000000      -1.821933960092392E-003
   4.57930625000000        7.32569000000000      -2.030906371570597E-004
   4.88446000000000       2.000000000000000E-003 -2.606685383254249E-002
   4.88446000000000       0.307153750000000      -2.708085087324692E-002
   4.88446000000000       0.612307500000000      -2.938029688428631E-002
   4.88446000000000       0.917461250000000      -3.139620161836312E-002
   4.88446000000000        1.22261500000000      -3.233923217189821E-002
   4.88446000000000        1.52776875000000      -3.200760224640535E-002
   4.88446000000000        1.83292250000000      -3.052528048042405E-002
   4.88446000000000        2.13807625000000      -2.824856824619366E-002
   4.88446000000000        2.44323000000000      -2.564141914402221E-002
   4.88446000000000        2.74838375000000      -2.311457970652898E-002
   4.88446000000000        3.05353750000000      -2.090670046426987E-002
   4.88446000000000        3.35869125000000      -1.905830675498982E-002
   4.88446000000000        3.66384500000000      -1.747045922843512E-002
   4.88446000000000        3.96899875000000      -1.600047053011240E-002
   4.88446000000000        4.27415250000000      -1.453943239529282E-002
   4.88446000000000        4.57930625000000      -1.304027804781830E-002
   4.88446000000000        4.88446000000000      -1.150470242231940E-002
   4.88446000000000        5.18961375000000      -9.953782476779137E-003
   4.88446000000000        5.49476750000000      -8.402988619090584E-003
   4.88446000000000        5.79992125000000      -6.853687449768057E-003
   4.88446000000000        6.10507500000000      -5.293968743927449E-003
   4.88446000000000        6.41022875000000      -3.692585545897130E-003
   4.88446000000000        6.71538250000000      -2.002550243137169E-003
   4.88446000000000        7.02053625000000      -3.156672270442709E-004
   4.88446000000000        7.32569000000000       8.055406817617709E-004
   5.18961375000000       2.000000000000000E-003 -2.178824362763082E-002
   5.18961375000000       0.307153750000000      -2.254778999516721E-002
   5.18961375000000       0.612307500000000      -2.437160615219435E-002
   5.18961375000000       0.917461250000000      -2.622967782643170E-002
   5.18961375000000        1.22261500000000      -2.729099723179345E-002
   5.18961375000000        1.52776875000000      -2.720020777354803E-002
   5.18961375000000        1.83292250000000      -2.602581042496833E-002
   5.18961375000000        2.13807625000000      -2.411599864181930E-002
   5.18961375000000        2.44323000000000      -2.192592345823020E-002
   5.18961375000000        2.74838375000000      -1.984811135380401E-002
   5.18961375000000        3.05353750000000      -1.809720110186889E-002
   5.18961375000000        3.35869125000000      -1.668357863349891E-002
   5.18961375000000        3.66384500000000      -1.547101186809020E-002
   5.18961375000000        3.96899875000000      -1.427964754559740E-002
   5.18961375000000        4.27415250000000      -1.297817429554880E-002
   5.18961375000000        4.57930625000000      -1.152138242953689E-002
   5.18961375000000        4.88446000000000      -9.933741059079428E-003
   5.18961375000000        5.18961375000000      -8.269157100822050E-003
   5.18961375000000        5.49476750000000      -6.575341982456488E-003
   5.18961375000000        5.79992125000000      -4.877834160475171E-003
   5.18961375000000        6.10507500000000      -3.183974051905951E-003
   5.18961375000000        6.41022875000000      -1.505379522863068E-003
   5.18961375000000        6.71538250000000       9.246981454167301E-005
   5.18961375000000        7.02053625000000       1.416691885091678E-003
   5.18961375000000        7.32569000000000       2.156191864230851E-003
   5.49476750000000       2.000000000000000E-003 -1.586634022576667E-002
   5.49476750000000       0.307153750000000      -1.678465224557146E-002
   5.49476750000000       0.612307500000000      -1.901022461317197E-002
   5.49476750000000       0.917461250000000      -2.129074559029384E-002
   5.49476750000000        1.22261500000000      -2.260302899580022E-002
   5.49476750000000        1.52776875000000      -2.267098311031467E-002
   5.49476750000000        1.83292250000000      -2.169035478735548E-002
   5.49476750000000        2.13807625000000      -2.006380835178415E-002
   5.49476750000000        2.44323000000000      -1.824459239584850E-002
   5.49476750000000        2.74838375000000      -1.660125342101901E-002
   5.49476750000000        3.05353750000000      -1.532057247489413E-002
   5.49476750000000        3.35869125000000      -1.437655637844579E-002
   5.49476750000000        3.66384500000000      -1.357632703910223E-002
   5.49476750000000        3.96899875000000      -1.267611841800775E-002
   5.49476750000000        4.27415250000000      -1.151143026798412E-002
   5.49476750000000        4.57930625000000      -1.005222342611300E-002
   5.49476750000000        4.88446000000000      -8.366738009453945E-003
   5.49476750000000        5.18961375000000      -6.555261969620364E-003
   5.49476750000000        5.49476750000000      -4.701616082206917E-003
   5.49476750000000        5.79992125000000      -2.852366278478315E-003
   5.49476750000000        6.10507500000000      -1.020116981922705E-003
   5.49476750000000        6.41022875000000       7.882710301218010E-004
   5.49476750000000        6.71538250000000       2.485440368245636E-003
   5.49476750000000        7.02053625000000       3.788328436886302E-003
   5.49476750000000        7.32569000000000       4.319427911403570E-003
   5.79992125000000       2.000000000000000E-003 -9.388957978459438E-003
   5.79992125000000       0.307153750000000      -1.081140931058446E-002
   5.79992125000000       0.612307500000000      -1.392918654834958E-002
   5.79992125000000       0.917461250000000      -1.683354574855615E-002
   5.79992125000000        1.22261500000000      -1.846702160030451E-002
   5.79992125000000        1.52776875000000      -1.868191218486684E-002
   5.79992125000000        1.83292250000000      -1.781613394274930E-002
   5.79992125000000        2.13807625000000      -1.638733513860142E-002
   5.79992125000000        2.44323000000000      -1.484986175054978E-002
   5.79992125000000        2.74838375000000      -1.355407613313339E-002
   5.79992125000000        3.05353750000000      -1.268573200375864E-002
   5.79992125000000        3.35869125000000      -1.221150299508790E-002
   5.79992125000000        3.66384500000000      -1.185951183016430E-002
   5.79992125000000        3.96899875000000      -1.125118260907074E-002
   5.79992125000000        4.27415250000000      -1.016637525037570E-002
   5.79992125000000        4.57930625000000      -8.636564466427963E-003
   5.79992125000000        4.88446000000000      -6.813080786390127E-003
   5.79992125000000        5.18961375000000      -4.844711484345496E-003
   5.79992125000000        5.49476750000000      -2.834059965207445E-003
   5.79992125000000        5.79992125000000      -8.289862016048286E-004
   5.79992125000000        6.10507500000000       1.175407394119548E-003
   5.79992125000000        6.41022875000000       3.151837887933579E-003
   5.79992125000000        6.71538250000000       5.077696421900889E-003
   5.79992125000000        7.02053625000000       6.650242430872661E-003
   5.79992125000000        7.32569000000000       7.129286590332230E-003
   6.10507500000000       2.000000000000000E-003 -2.561276059008187E-003
   6.10507500000000       0.307153750000000      -5.138134970166002E-003
   6.10507500000000       0.612307500000000      -1.004265559593626E-002
   6.10507500000000       0.917461250000000      -1.362854932357191E-002
   6.10507500000000        1.22261500000000      -1.525642665583216E-002
   6.10507500000000        1.52776875000000      -1.541471978545013E-002
   6.10507500000000        1.83292250000000      -1.458855601028385E-002
   6.10507500000000        2.13807625000000      -1.328274365821025E-002
   6.10507500000000        2.44323000000000      -1.190153794052886E-002
   6.10507500000000        2.74838375000000      -1.077192326792825E-002
   6.10507500000000        3.05353750000000      -1.015462244147497E-002
   6.10507500000000        3.35869125000000      -1.016476022498755E-002
   6.10507500000000        3.66384500000000      -1.043763921716281E-002
   6.10507500000000        3.96899875000000      -1.017179099497964E-002
   6.10507500000000        4.27415250000000      -9.017181028024703E-003
   6.10507500000000        4.57930625000000      -7.274865409257101E-003
   6.10507500000000        4.88446000000000      -5.267408402236236E-003
   6.10507500000000        5.18961375000000      -3.150591775160917E-003
   6.10507500000000        5.49476750000000      -9.907301218274581E-004
   6.10507500000000        5.79992125000000       1.192701091501102E-003
   6.10507500000000        6.10507500000000       3.276984999107715E-003
   6.10507500000000        6.41022875000000       5.262759304445965E-003
   6.10507500000000        6.71538250000000       7.489598757578785E-003
   6.10507500000000        7.02053625000000       9.941755256103756E-003
   6.10507500000000        7.32569000000000       1.084407910796725E-002
   6.41022875000000       2.000000000000000E-003  4.273300217440816E-003
   6.41022875000000       0.307153750000000      -9.734651949973860E-004
   6.41022875000000       0.612307500000000      -8.256072300872760E-003
   6.41022875000000       0.917461250000000      -1.165376068003133E-002
   6.41022875000000        1.22261500000000      -1.275945385121873E-002
   6.41022875000000        1.52776875000000      -1.278096748343650E-002
   6.41022875000000        1.83292250000000      -1.201660342651764E-002
   6.41022875000000        2.13807625000000      -1.079916867413347E-002
   6.41022875000000        2.44323000000000      -9.417754674385909E-003
   6.41022875000000        2.74838375000000      -8.097752774844022E-003
   6.41022875000000        3.05353750000000      -7.476064372965892E-003
   6.41022875000000        3.35869125000000      -8.218303445633870E-003
   6.41022875000000        3.66384500000000      -9.453384905851230E-003
   6.41022875000000        3.96899875000000      -9.506771950248334E-003
   6.41022875000000        4.27415250000000      -8.049954548729706E-003
   6.41022875000000        4.57930625000000      -5.907585470992131E-003
   6.41022875000000        4.88446000000000      -3.699299216834660E-003
   6.41022875000000        5.18961375000000      -1.484950498544861E-003
   6.41022875000000        5.49476750000000       8.193638990065802E-004
   6.41022875000000        5.79992125000000       3.180392777384950E-003
   6.41022875000000        6.10507500000000       5.278709506065460E-003
   6.41022875000000        6.41022875000000       6.983522981566357E-003
   6.41022875000000        6.71538250000000       9.065357794927108E-003
   6.41022875000000        7.02053625000000       1.311202124676575E-002
   6.41022875000000        7.32569000000000       1.581381370388244E-002
   6.71538250000000       2.000000000000000E-003  9.261883256797152E-003
   6.71538250000000       0.307153750000000      -1.142171140664283E-003
   6.71538250000000       0.612307500000000      -8.085543780426162E-003
   6.71538250000000       0.917461250000000      -9.134014731691613E-003
   6.71538250000000        1.22261500000000      -9.887497957675228E-003
   6.71538250000000        1.52776875000000      -1.031487402673091E-002
   6.71538250000000        1.83292250000000      -9.941981829896343E-003
   6.71538250000000        2.13807625000000      -8.883505589890144E-003
   6.71538250000000        2.44323000000000      -7.365110016090387E-003
   6.71538250000000        2.74838375000000      -5.549500634457945E-003
   6.71538250000000        3.05353750000000      -4.829483344545218E-003
   6.71538250000000        3.35869125000000      -6.337676793329090E-003
   6.71538250000000        3.66384500000000      -8.854236372211251E-003
   6.71538250000000        3.96899875000000      -8.832418447977754E-003
   6.71538250000000        4.27415250000000      -6.599762863279521E-003
   6.71538250000000        4.57930625000000      -4.185276974230674E-003
   6.71538250000000        4.88446000000000      -2.050929624754894E-003
   6.71538250000000        5.18961375000000       9.439450012630585E-005
   6.71538250000000        5.49476750000000       2.511040060322307E-003
   6.71538250000000        5.79992125000000       5.109160566699962E-003
   6.71538250000000        6.10507500000000       7.516792213982850E-003
   6.71538250000000        6.41022875000000       9.083545729622833E-003
   6.71538250000000        6.71538250000000       9.716162992298749E-003
   6.71538250000000        7.02053625000000       1.402760342554595E-002
   6.71538250000000        7.32569000000000       2.104527646143119E-002
   7.02053625000000       2.000000000000000E-003  6.095783494842813E-003
   7.02053625000000       0.307153750000000      -4.663745744205011E-003
   7.02053625000000       0.612307500000000      -1.786446613740698E-003
   7.02053625000000       0.917461250000000      -2.890584204153685E-003
   7.02053625000000        1.22261500000000      -5.928297166803690E-003
   7.02053625000000        1.52776875000000      -7.833411792681740E-003
   7.02053625000000        1.83292250000000      -8.228384755234082E-003
   7.02053625000000        2.13807625000000      -7.495989573070118E-003
   7.02053625000000        2.44323000000000      -5.909826889498758E-003
   7.02053625000000        2.74838375000000      -3.873366629150291E-003
   7.02053625000000        3.05353750000000      -2.781043612279249E-003
   7.02053625000000        3.35869125000000      -4.536852599652325E-003
   7.02053625000000        3.66384500000000      -8.227385706633334E-003
   7.02053625000000        3.96899875000000      -7.104952504310086E-003
   7.02053625000000        4.27415250000000      -4.107212269008053E-003
   7.02053625000000        4.57930625000000      -1.991060931591852E-003
   7.02053625000000        4.88446000000000      -3.849191752852616E-004
   7.02053625000000        5.18961375000000       1.409417443158216E-003
   7.02053625000000        5.49476750000000       3.807709041020315E-003
   7.02053625000000        5.79992125000000       6.679930181132881E-003
   7.02053625000000        6.10507500000000       9.976151008745833E-003
   7.02053625000000        6.41022875000000       1.315189789208436E-002
   7.02053625000000        6.71538250000000       1.406744755303425E-002
   7.02053625000000        7.02053625000000       1.225563901353128E-002
   7.02053625000000        7.32569000000000       1.946590377780519E-002
   7.32569000000000       2.000000000000000E-003 -5.673355175733343E-003
   7.32569000000000       0.307153750000000       5.231892102688117E-003
   7.32569000000000       0.612307500000000       9.266041059629394E-003
   7.32569000000000       0.917461250000000       2.697408715874389E-003
   7.32569000000000        1.22261500000000      -2.985269061931974E-003
   7.32569000000000        1.52776875000000      -5.998602083723430E-003
   7.32569000000000        1.83292250000000      -6.966041757649909E-003
   7.32569000000000        2.13807625000000      -6.631398454936427E-003
   7.32569000000000        2.44323000000000      -5.417463084093253E-003
   7.32569000000000        2.74838375000000      -3.858592545527658E-003
   7.32569000000000        3.05353750000000      -3.105211562348861E-003
   7.32569000000000        3.35869125000000      -4.742112098292026E-003
   7.32569000000000        3.66384500000000      -7.162766302902487E-003
   7.32569000000000        3.96899875000000      -4.407285018187467E-003
   7.32569000000000        4.27415250000000      -1.728748743006049E-003
   7.32569000000000        4.57930625000000      -2.887017431732746E-004
   7.32569000000000        4.88446000000000       7.722874696847585E-004
   7.32569000000000        5.18961375000000       2.162776305133082E-003
   7.32569000000000        5.49476750000000       4.341163677187822E-003
   7.32569000000000        5.79992125000000       7.158688878461555E-003
   7.32569000000000        6.10507500000000       1.088253498150839E-002
   7.32569000000000        6.41022875000000       1.586812301965803E-002
   7.32569000000000        6.71538250000000       2.111880308984770E-002
   7.32569000000000        7.02053625000000       1.952401883224066E-002
   7.32569000000000        7.32569000000000       1.215042276441285E-002
