  2.000000000000000E-003  2.000000000000000E-003 -0.249422467237215     
  2.000000000000000E-003  0.307153750000000      -0.285965630439223     
  2.000000000000000E-003  0.612307500000000      -0.270312461902893     
  2.000000000000000E-003  0.917461250000000      -0.216281027820286     
  2.000000000000000E-003   1.22261500000000      -0.165652376096112     
  2.000000000000000E-003   1.52776875000000      -0.127194217542985     
  2.000000000000000E-003   1.83292250000000      -9.996835301592000E-002
  2.000000000000000E-003   2.13807625000000      -8.120426428932258E-002
  2.000000000000000E-003   2.44323000000000      -6.715630359380143E-002
  2.000000000000000E-003   2.74838375000000      -5.773622933042337E-002
  2.000000000000000E-003   3.05353750000000      -5.267527595588717E-002
  2.000000000000000E-003   3.35869125000000      -5.011418467321216E-002
  2.000000000000000E-003   3.66384500000000      -4.978286606420634E-002
  2.000000000000000E-003   3.96899875000000      -3.712189955633258E-002
  2.000000000000000E-003   4.27415250000000      -2.873714917180896E-002
  2.000000000000000E-003   4.57930625000000      -2.846426174237711E-002
  2.000000000000000E-003   4.88446000000000      -3.122909841996189E-002
  2.000000000000000E-003   5.18961375000000      -3.401706205238326E-002
  2.000000000000000E-003   5.49476750000000      -3.622060951884552E-002
  2.000000000000000E-003   5.79992125000000      -3.789151989829496E-002
  2.000000000000000E-003   6.10507500000000      -3.867452170460903E-002
  2.000000000000000E-003   6.41022875000000      -3.804178021123059E-002
  2.000000000000000E-003   6.71538250000000      -3.591245199821337E-002
  2.000000000000000E-003   7.02053625000000      -3.485232489362745E-002
  2.000000000000000E-003   7.32569000000000      -3.264728743506133E-002
  0.307153750000000       2.000000000000000E-003 -0.304531795115131     
  0.307153750000000       0.307153750000000      -0.246748191180103     
  0.307153750000000       0.612307500000000      -0.231149356472432     
  0.307153750000000       0.917461250000000      -0.200265604358617     
  0.307153750000000        1.22261500000000      -0.160923400951304     
  0.307153750000000        1.52776875000000      -0.126888186038524     
  0.307153750000000        1.83292250000000      -0.101154094396953     
  0.307153750000000        2.13807625000000      -8.261152048980411E-002
  0.307153750000000        2.44323000000000      -6.831867363819845E-002
  0.307153750000000        2.74838375000000      -5.814103250602335E-002
  0.307153750000000        3.05353750000000      -5.257488481046611E-002
  0.307153750000000        3.35869125000000      -5.055452551363291E-002
  0.307153750000000        3.66384500000000      -4.868968954369129E-002
  0.307153750000000        3.96899875000000      -3.867599711271819E-002
  0.307153750000000        4.27415250000000      -3.105929315771162E-002
  0.307153750000000        4.57930625000000      -3.017733126937718E-002
  0.307153750000000        4.88446000000000      -3.230780386642215E-002
  0.307153750000000        5.18961375000000      -3.447163551523653E-002
  0.307153750000000        5.49476750000000      -3.619964099820342E-002
  0.307153750000000        5.79992125000000      -3.735297513727077E-002
  0.307153750000000        6.10507500000000      -3.756901604806893E-002
  0.307153750000000        6.41022875000000      -3.645628015763631E-002
  0.307153750000000        6.71538250000000      -3.431596158273782E-002
  0.307153750000000        7.02053625000000      -3.412656735709027E-002
  0.307153750000000        7.32569000000000      -3.786252332682229E-002
  0.612307500000000       2.000000000000000E-003 -0.299029702479826     
  0.612307500000000       0.307153750000000      -0.249837440623481     
  0.612307500000000       0.612307500000000      -0.203816058641567     
  0.612307500000000       0.917461250000000      -0.177067797131617     
  0.612307500000000        1.22261500000000      -0.149509060430338     
  0.612307500000000        1.52776875000000      -0.123072912285023     
  0.612307500000000        1.83292250000000      -0.101034992049321     
  0.612307500000000        2.13807625000000      -8.392859227910573E-002
  0.612307500000000        2.44323000000000      -7.061210674408012E-002
  0.612307500000000        2.74838375000000      -6.062053295917507E-002
  0.612307500000000        3.05353750000000      -5.503306866201898E-002
  0.612307500000000        3.35869125000000      -5.245650822732124E-002
  0.612307500000000        3.66384500000000      -4.914279519163559E-002
  0.612307500000000        3.96899875000000      -4.229283837574463E-002
  0.612307500000000        4.27415250000000      -3.631846432087270E-002
  0.612307500000000        4.57930625000000      -3.423103867516277E-002
  0.612307500000000        4.88446000000000      -3.466037625375537E-002
  0.612307500000000        5.18961375000000      -3.535890611212584E-002
  0.612307500000000        5.49476750000000      -3.607661568846694E-002
  0.612307500000000        5.79992125000000      -3.636136868545620E-002
  0.612307500000000        6.10507500000000      -3.573470510538809E-002
  0.612307500000000        6.41022875000000      -3.423072608010569E-002
  0.612307500000000        6.71538250000000      -3.318672338673584E-002
  0.612307500000000        7.02053625000000      -3.603714800328409E-002
  0.612307500000000        7.32569000000000      -3.927654569229635E-002
  0.917461250000000       2.000000000000000E-003 -0.261769845138335     
  0.917461250000000       0.307153750000000      -0.236731376675240     
  0.917461250000000       0.612307500000000      -0.196091295125207     
  0.917461250000000       0.917461250000000      -0.165743639308368     
  0.917461250000000        1.22261500000000      -0.141327585955371     
  0.917461250000000        1.52776875000000      -0.119539222970155     
  0.917461250000000        1.83292250000000      -0.100714323827303     
  0.917461250000000        2.13807625000000      -8.521214898209273E-002
  0.917461250000000        2.44323000000000      -7.300502481949017E-002
  0.917461250000000        2.74838375000000      -6.383179899497068E-002
  0.917461250000000        3.05353750000000      -5.774478321768711E-002
  0.917461250000000        3.35869125000000      -5.399290791655893E-002
  0.917461250000000        3.66384500000000      -5.021550489678819E-002
  0.917461250000000        3.96899875000000      -4.525344457241739E-002
  0.917461250000000        4.27415250000000      -4.068458473389414E-002
  0.917461250000000        4.57930625000000      -3.806012191058194E-002
  0.917461250000000        4.88446000000000      -3.689314831757776E-002
  0.917461250000000        5.18961375000000      -3.632722518881359E-002
  0.917461250000000        5.49476750000000      -3.600311494394552E-002
  0.917461250000000        5.79992125000000      -3.548798147443612E-002
  0.917461250000000        6.10507500000000      -3.433463415403695E-002
  0.917461250000000        6.41022875000000      -3.289574271481585E-002
  0.917461250000000        6.71538250000000      -3.246147801847746E-002
  0.917461250000000        7.02053625000000      -3.434378428636829E-002
  0.917461250000000        7.32569000000000      -3.597429966430771E-002
   1.22261500000000       2.000000000000000E-003 -0.221260255011266     
   1.22261500000000       0.307153750000000      -0.208811470204180     
   1.22261500000000       0.612307500000000      -0.182591408632330     
   1.22261500000000       0.917461250000000      -0.157249183049431     
   1.22261500000000        1.22261500000000      -0.135743304411292     
   1.22261500000000        1.52776875000000      -0.116946410912183     
   1.22261500000000        1.83292250000000      -0.100444656292659     
   1.22261500000000        2.13807625000000      -8.640045386004791E-002
   1.22261500000000        2.44323000000000      -7.507071592496384E-002
   1.22261500000000        2.74838375000000      -6.644175395346109E-002
   1.22261500000000        3.05353750000000      -6.014255852459564E-002
   1.22261500000000        3.35869125000000      -5.546122723349722E-002
   1.22261500000000        3.66384500000000      -5.134541722485039E-002
   1.22261500000000        3.96899875000000      -4.716012563571449E-002
   1.22261500000000        4.27415250000000      -4.334263380239964E-002
   1.22261500000000        4.57930625000000      -4.044813285183514E-002
   1.22261500000000        4.88446000000000      -3.846837734488436E-002
   1.22261500000000        5.18961375000000      -3.710719575013827E-002
   1.22261500000000        5.49476750000000      -3.602842539930177E-002
   1.22261500000000        5.79992125000000      -3.492413641588165E-002
   1.22261500000000        6.10507500000000      -3.352824896219962E-002
   1.22261500000000        6.41022875000000      -3.216024987265011E-002
   1.22261500000000        6.71538250000000      -3.160167596508813E-002
   1.22261500000000        7.02053625000000      -3.223925198702979E-002
   1.22261500000000        7.32569000000000      -3.296492750448528E-002
   1.52776875000000       2.000000000000000E-003 -0.187568098073999     
   1.52776875000000       0.307153750000000      -0.181047689282307     
   1.52776875000000       0.612307500000000      -0.165529037660504     
   1.52776875000000       0.917461250000000      -0.147536594644162     
   1.52776875000000        1.22261500000000      -0.130332831707358     
   1.52776875000000        1.52776875000000      -0.114469835203833     
   1.52776875000000        1.83292250000000      -0.100066523940584     
   1.52776875000000        2.13807625000000      -8.737109671387840E-002
   1.52776875000000        2.44323000000000      -7.674748169036200E-002
   1.52776875000000        2.74838375000000      -6.830697060127477E-002
   1.52776875000000        3.05353750000000      -6.178597559231973E-002
   1.52776875000000        3.35869125000000      -5.663065274165081E-002
   1.52776875000000        3.66384500000000      -5.222552174552397E-002
   1.52776875000000        3.96899875000000      -4.821844352168867E-002
   1.52776875000000        4.27415250000000      -4.465219558616708E-002
   1.52776875000000        4.57930625000000      -4.170171944312609E-002
   1.52776875000000        4.88446000000000      -3.939289327037514E-002
   1.52776875000000        5.18961375000000      -3.757506075161269E-002
   1.52776875000000        5.49476750000000      -3.602376541736778E-002
   1.52776875000000        5.79992125000000      -3.454327704583214E-002
   1.52776875000000        6.10507500000000      -3.304062729328159E-002
   1.52776875000000        6.41022875000000      -3.167601801881312E-002
   1.52776875000000        6.71538250000000      -3.087096158303759E-002
   1.52776875000000        7.02053625000000      -3.078203144936639E-002
   1.52776875000000        7.32569000000000      -3.096616275003224E-002
   1.83292250000000       2.000000000000000E-003 -0.163169462168916     
   1.83292250000000       0.307153750000000      -0.159563089727196     
   1.83292250000000       0.612307500000000      -0.150195420085011     
   1.83292250000000       0.917461250000000      -0.137942041633885     
   1.83292250000000        1.22261500000000      -0.124905368201780     
   1.83292250000000        1.52776875000000      -0.111926512991066     
   1.83292250000000        1.83292250000000      -9.945317889462799E-002
   1.83292250000000        2.13807625000000      -8.798232087888397E-002
   1.83292250000000        2.44323000000000      -7.797161035450638E-002
   1.83292250000000        2.74838375000000      -6.964190308404931E-002
   1.83292250000000        3.05353750000000      -6.289570247038687E-002
   1.83292250000000        3.35869125000000      -5.739858026491824E-002
   1.83292250000000        3.66384500000000      -5.276465361582661E-002
   1.83292250000000        3.96899875000000      -4.873621610984863E-002
   1.83292250000000        4.27415250000000      -4.523566733263266E-002
   1.83292250000000        4.57930625000000      -4.226746239197141E-002
   1.83292250000000        4.88446000000000      -3.979558183079109E-002
   1.83292250000000        5.18961375000000      -3.770891512110089E-002
   1.83292250000000        5.49476750000000      -3.586751539633187E-002
   1.83292250000000        5.79992125000000      -3.417035331166985E-002
   1.83292250000000        6.10507500000000      -3.260292957847496E-002
   1.83292250000000        6.41022875000000      -3.125401348036446E-002
   1.83292250000000        6.71538250000000      -3.029327263407743E-002
   1.83292250000000        7.02053625000000      -2.982817827448725E-002
   1.83292250000000        7.32569000000000      -2.969708215585086E-002
   2.13807625000000       2.000000000000000E-003 -0.147855373999352     
   2.13807625000000       0.307153750000000      -0.145527386129522     
   2.13807625000000       0.612307500000000      -0.139252527886072     
   2.13807625000000       0.917461250000000      -0.130433695512620     
   2.13807625000000        1.22261500000000      -0.120246712223702     
   2.13807625000000        1.52776875000000      -0.109427619330024     
   2.13807625000000        1.83292250000000      -9.853179645905320E-002
   2.13807625000000        2.13807625000000      -8.810572713605541E-002
   2.13807625000000        2.44323000000000      -7.863860064069277E-002
   2.13807625000000        2.74838375000000      -7.043269325459435E-002
   2.13807625000000        3.05353750000000      -6.353759587372379E-002
   2.13807625000000        3.35869125000000      -5.779867272256137E-002
   2.13807625000000        3.66384500000000      -5.298060369495162E-002
   2.13807625000000        3.96899875000000      -4.888243657760499E-002
   2.13807625000000        4.27415250000000      -4.537772550647194E-002
   2.13807625000000        4.57930625000000      -4.238150501851659E-002
   2.13807625000000        4.88446000000000      -3.980557354801483E-002
   2.13807625000000        5.18961375000000      -3.755043907149566E-002
   2.13807625000000        5.49476750000000      -3.552966455043043E-002
   2.13807625000000        5.79992125000000      -3.369977853348469E-002
   2.13807625000000        6.10507500000000      -3.207383159130298E-002
   2.13807625000000        6.41022875000000      -3.071406898198559E-002
   2.13807625000000        6.71538250000000      -2.970533292324470E-002
   2.13807625000000        7.02053625000000      -2.910152213713758E-002
   2.13807625000000        7.32569000000000      -2.885293229569625E-002
   2.44323000000000       2.000000000000000E-003 -0.140570627338485     
   2.44323000000000       0.307153750000000      -0.138384197418932     
   2.44323000000000       0.612307500000000      -0.132742425492063     
   2.44323000000000       0.917461250000000      -0.125109267120473     
   2.44323000000000        1.22261500000000      -0.116371782425145     
   2.44323000000000        1.52776875000000      -0.106961096420437     
   2.44323000000000        1.83292250000000      -9.724251257243063E-002
   2.44323000000000        2.13807625000000      -8.766019309419949E-002
   2.44323000000000        2.44323000000000      -7.867406837017479E-002
   2.44323000000000        2.74838375000000      -7.063239074617095E-002
   2.44323000000000        3.05353750000000      -6.369180186236095E-002
   2.44323000000000        3.35869125000000      -5.782571381071862E-002
   2.44323000000000        3.66384500000000      -5.289870043790235E-002
   2.44323000000000        3.96899875000000      -4.874749329538117E-002
   2.44323000000000        4.27415250000000      -4.522290705385099E-002
   2.44323000000000        4.57930625000000      -4.219292013444416E-002
   2.44323000000000        4.88446000000000      -3.954133387601262E-002
   2.44323000000000        5.18961375000000      -3.717831003955126E-002
   2.44323000000000        5.49476750000000      -3.505033855226353E-002
   2.44323000000000        5.79992125000000      -3.314070367305418E-002
   2.44323000000000        6.10507500000000      -3.145932011715812E-002
   2.44323000000000        6.41022875000000      -3.003478930505263E-002
   2.44323000000000        6.71538250000000      -2.892820839362135E-002
   2.44323000000000        7.02053625000000      -2.825610970443711E-002
   2.44323000000000        7.32569000000000      -2.810820948342509E-002
   2.74838375000000       2.000000000000000E-003 -0.139506394300263     
   2.74838375000000       0.307153750000000      -0.136432136825574     
   2.74838375000000       0.612307500000000      -0.129342321384981     
   2.74838375000000       0.917461250000000      -0.121201952314558     
   2.74838375000000        1.22261500000000      -0.112946120382306     
   2.74838375000000        1.52776875000000      -0.104400659000438     
   2.74838375000000        1.83292250000000      -9.554388136669845E-002
   2.74838375000000        2.13807625000000      -8.663822882444182E-002
   2.74838375000000        2.44323000000000      -7.808466910752157E-002
   2.74838375000000        2.74838375000000      -7.025309529570872E-002
   2.74838375000000        3.05353750000000      -6.337096542772193E-002
   2.74838375000000        3.35869125000000      -5.749514283558077E-002
   2.74838375000000        3.66384500000000      -5.255102681238618E-002
   2.74838375000000        3.96899875000000      -4.839576390926605E-002
   2.74838375000000        4.27415250000000      -4.486717225932977E-002
   2.74838375000000        4.57930625000000      -4.181255688547568E-002
   2.74838375000000        4.88446000000000      -3.911060152232938E-002
   2.74838375000000        5.18961375000000      -3.668535427934065E-002
   2.74838375000000        5.49476750000000      -3.450199855117860E-002
   2.74838375000000        5.79992125000000      -3.254610095166872E-002
   2.74838375000000        6.10507500000000      -3.079516100537052E-002
   2.74838375000000        6.41022875000000      -2.920934583775275E-002
   2.74838375000000        6.71538250000000      -2.791136889241830E-002
   2.74838375000000        7.02053625000000      -2.726096131174597E-002
   2.74838375000000        7.32569000000000      -2.745534608087637E-002
   3.05353750000000       2.000000000000000E-003 -0.140807273479742     
   3.05353750000000       0.307153750000000      -0.135976151027499     
   3.05353750000000       0.612307500000000      -0.126468930802984     
   3.05353750000000       0.917461250000000      -0.117492555837163     
   3.05353750000000        1.22261500000000      -0.109481173071734     
   3.05353750000000        1.52776875000000      -0.101595719204848     
   3.05353750000000        1.83292250000000      -9.343472237664459E-002
   3.05353750000000        2.13807625000000      -8.510088345238732E-002
   3.05353750000000        2.44323000000000      -7.695078514935072E-002
   3.05353750000000        2.74838375000000      -6.937088911154642E-002
   3.05353750000000        3.05353750000000      -6.263491814127420E-002
   3.05353750000000        3.35869125000000      -5.684948303769725E-002
   3.05353750000000        3.66384500000000      -5.197323885335323E-002
   3.05353750000000        3.96899875000000      -4.787189105534161E-002
   3.05353750000000        4.27415250000000      -4.437433647322792E-002
   3.05353750000000        4.57930625000000      -4.132228136696962E-002
   3.05353750000000        4.88446000000000      -3.860369003916655E-002
   3.05353750000000        5.18961375000000      -3.615877035278846E-002
   3.05353750000000        5.49476750000000      -3.396135800131042E-002
   3.05353750000000        5.79992125000000      -3.198254351293413E-002
   3.05353750000000        6.10507500000000      -3.013973980181779E-002
   3.05353750000000        6.41022875000000      -2.835779029276957E-002
   3.05353750000000        6.71538250000000      -2.695852203250906E-002
   3.05353750000000        7.02053625000000      -2.633926550215382E-002
   3.05353750000000        7.32569000000000      -2.699459062665896E-002
   3.35869125000000       2.000000000000000E-003 -0.136336263864601     
   3.35869125000000       0.307153750000000      -0.130434143944957     
   3.35869125000000       0.612307500000000      -0.120517901354570     
   3.35869125000000       0.917461250000000      -0.112498264317869     
   3.35869125000000        1.22261500000000      -0.105554672168256     
   3.35869125000000        1.52776875000000      -9.846129234352753E-002
   3.35869125000000        1.83292250000000      -9.095394687456113E-002
   3.35869125000000        2.13807625000000      -8.313624251430415E-002
   3.35869125000000        2.44323000000000      -7.537290785773036E-002
   3.35869125000000        2.74838375000000      -6.807707328524543E-002
   3.35869125000000        3.05353750000000      -6.155350941798642E-002
   3.35869125000000        3.35869125000000      -5.593365182549993E-002
   3.35869125000000        3.66384500000000      -5.119201761286046E-002
   3.35869125000000        3.96899875000000      -4.719900228714848E-002
   3.35869125000000        4.27415250000000      -4.377826488203640E-002
   3.35869125000000        4.57930625000000      -4.077263461300509E-002
   3.35869125000000        4.88446000000000      -3.808287955286460E-002
   3.35869125000000        5.18961375000000      -3.566296139661791E-002
   3.35869125000000        5.49476750000000      -3.349031631147603E-002
   3.35869125000000        5.79992125000000      -3.151885561455783E-002
   3.35869125000000        6.10507500000000      -2.960684198897138E-002
   3.35869125000000        6.41022875000000      -2.779690118512283E-002
   3.35869125000000        6.71538250000000      -2.645261817684539E-002
   3.35869125000000        7.02053625000000      -2.599861587979639E-002
   3.35869125000000        7.32569000000000      -2.690474212706289E-002
   3.66384500000000       2.000000000000000E-003 -0.123805527414485     
   3.66384500000000       0.307153750000000      -0.119754522304612     
   3.66384500000000       0.612307500000000      -0.112179746616657     
   3.66384500000000       0.917461250000000      -0.106562582802740     
   3.66384500000000        1.22261500000000      -0.101209315380618     
   3.66384500000000        1.52776875000000      -9.503019313465705E-002
   3.66384500000000        1.83292250000000      -8.814706520609142E-002
   3.66384500000000        2.13807625000000      -8.080193499455385E-002
   3.66384500000000        2.44323000000000      -7.341152273578776E-002
   3.66384500000000        2.74838375000000      -6.642340649100958E-002
   3.66384500000000        3.05353750000000      -6.016222771905012E-002
   3.66384500000000        3.35869125000000      -5.476677487481903E-002
   3.66384500000000        3.66384500000000      -5.021489896959465E-002
   3.66384500000000        3.96899875000000      -4.637944503396646E-002
   3.66384500000000        4.27415250000000      -4.308466988104648E-002
   3.66384500000000        4.57930625000000      -4.017871167086689E-002
   3.66384500000000        4.88446000000000      -3.757189147683673E-002
   3.66384500000000        5.18961375000000      -3.522586863854460E-002
   3.66384500000000        5.49476750000000      -3.312025865464834E-002
   3.66384500000000        5.79992125000000      -3.120419470403259E-002
   3.66384500000000        6.10507500000000      -2.932979154016273E-002
   3.66384500000000        6.41022875000000      -2.762880590722884E-002
   3.66384500000000        6.71538250000000      -2.651201399486743E-002
   3.66384500000000        7.02053625000000      -2.652448579386391E-002
   3.66384500000000        7.32569000000000      -2.746012421115716E-002
   3.96899875000000       2.000000000000000E-003 -0.118565539499256     
   3.96899875000000       0.307153750000000      -0.112714398105253     
   3.96899875000000       0.612307500000000      -0.105785189776165     
   3.96899875000000       0.917461250000000      -0.101298320620311     
   3.96899875000000        1.22261500000000      -9.685113113416992E-002
   3.96899875000000        1.52776875000000      -9.136494070428132E-002
   3.96899875000000        1.83292250000000      -8.500496415796863E-002
   3.96899875000000        2.13807625000000      -7.807866031722875E-002
   3.96899875000000        2.44323000000000      -7.104983653267334E-002
   3.96899875000000        2.74838375000000      -6.439208166107258E-002
   3.96899875000000        3.05353750000000      -5.843784174108847E-002
   3.96899875000000        3.35869125000000      -5.332204999974859E-002
   3.96899875000000        3.66384500000000      -4.901523973493798E-002
   3.96899875000000        3.96899875000000      -4.538759076397903E-002
   3.96899875000000        4.27415250000000      -4.227090189056026E-002
   3.96899875000000        4.57930625000000      -3.952247143862709E-002
   3.96899875000000        4.88446000000000      -3.705698298757604E-002
   3.96899875000000        5.18961375000000      -3.483696628975690E-002
   3.96899875000000        5.49476750000000      -3.284381209469121E-002
   3.96899875000000        5.79992125000000      -3.103785721560983E-002
   3.96899875000000        6.10507500000000      -2.930526949397923E-002
   3.96899875000000        6.41022875000000      -2.772827131593979E-002
   3.96899875000000        6.71538250000000      -2.664274069881794E-002
   3.96899875000000        7.02053625000000      -2.625905463296252E-002
   3.96899875000000        7.32569000000000      -2.650726323431409E-002
   4.27415250000000       2.000000000000000E-003 -0.108169358056094     
   4.27415250000000       0.307153750000000      -0.105355887485086     
   4.27415250000000       0.612307500000000      -0.100672893615206     
   4.27415250000000       0.917461250000000      -9.667110707585097E-002
   4.27415250000000        1.22261500000000      -9.246382760774996E-002
   4.27415250000000        1.52776875000000      -8.738657099856934E-002
   4.27415250000000        1.83292250000000      -8.142252799679338E-002
   4.27415250000000        2.13807625000000      -7.486614754091291E-002
   4.27415250000000        2.44323000000000      -6.820122683508145E-002
   4.27415250000000        2.74838375000000      -6.190736473444676E-002
   4.27415250000000        3.05353750000000      -5.631036979446780E-002
   4.27415250000000        3.35869125000000      -5.153279901181131E-002
   4.27415250000000        3.66384500000000      -4.753225374510067E-002
   4.27415250000000        3.96899875000000      -4.417366945963840E-002
   4.27415250000000        4.27415250000000      -4.129698681623436E-002
   4.27415250000000        4.57930625000000      -3.876812310351184E-002
   4.27415250000000        4.88446000000000      -3.650230686585237E-002
   4.27415250000000        5.18961375000000      -3.445911833086067E-002
   4.27415250000000        5.49476750000000      -3.262176968232676E-002
   4.27415250000000        5.79992125000000      -3.096883510290286E-002
   4.27415250000000        6.10507500000000      -2.944204749915948E-002
   4.27415250000000        6.41022875000000      -2.800980078789185E-002
   4.27415250000000        6.71538250000000      -2.690002290395752E-002
   4.27415250000000        7.02053625000000      -2.623338278629747E-002
   4.27415250000000        7.32569000000000      -2.626137479851077E-002
   4.57930625000000       2.000000000000000E-003 -9.929630917718513E-002
   4.57930625000000       0.307153750000000      -9.796256742032575E-002
   4.57930625000000       0.612307500000000      -9.503843331767881E-002
   4.57930625000000       0.917461250000000      -9.159949637383216E-002
   4.57930625000000        1.22261500000000      -8.765336199860774E-002
   4.57930625000000        1.52776875000000      -8.288363412735701E-002
   4.57930625000000        1.83292250000000      -7.724147826563067E-002
   4.57930625000000        2.13807625000000      -7.104007764791509E-002
   4.57930625000000        2.44323000000000      -6.476743613289905E-002
   4.57930625000000        2.74838375000000      -5.889031378478596E-002
   4.57930625000000        3.05353750000000      -5.371470602621646E-002
   4.57930625000000        3.35869125000000      -4.934407799100489E-002
   4.57930625000000        3.66384500000000      -4.572076174048315E-002
   4.57930625000000        3.96899875000000      -4.270276212478379E-002
   4.57930625000000        4.27415250000000      -4.013338528812843E-002
   4.57930625000000        4.57930625000000      -3.788358001161789E-002
   4.57930625000000        4.88446000000000      -3.586859564787895E-002
   4.57930625000000        5.18961375000000      -3.404601549036295E-002
   4.57930625000000        5.49476750000000      -3.240162747273020E-002
   4.57930625000000        5.79992125000000      -3.092952519577404E-002
   4.57930625000000        6.10507500000000      -2.961255368237379E-002
   4.57930625000000        6.41022875000000      -2.841803253682238E-002
   4.57930625000000        6.71538250000000      -2.740392633339866E-002
   4.57930625000000        7.02053625000000      -2.673652567223250E-002
   4.57930625000000        7.32569000000000      -2.656199648815298E-002
   4.88446000000000       2.000000000000000E-003 -9.134272028699186E-002
   4.88446000000000       0.307153750000000      -9.054250470663271E-002
   4.88446000000000       0.612307500000000      -8.851134260546964E-002
   4.88446000000000       0.917461250000000      -8.573992175388825E-002
   4.88446000000000        1.22261500000000      -8.218221406165530E-002
   4.88446000000000        1.52776875000000      -7.769332526410527E-002
   4.88446000000000        1.83292250000000      -7.236339182182183E-002
   4.88446000000000        2.13807625000000      -6.654382296988581E-002
   4.88446000000000        2.44323000000000      -6.071651558615655E-002
   4.88446000000000        2.74838375000000      -5.532351178443431E-002
   4.88446000000000        3.05353750000000      -5.064369432889156E-002
   4.88446000000000        3.35869125000000      -4.675760519068705E-002
   4.88446000000000        3.66384500000000      -4.358931310186768E-002
   4.88446000000000        3.96899875000000      -4.098471940152472E-002
   4.88446000000000        4.27415250000000      -3.878329179126322E-002
   4.88446000000000        4.57930625000000      -3.685848679486428E-002
   4.88446000000000        4.88446000000000      -3.512987052872307E-002
   4.88446000000000        5.18961375000000      -3.355887858322225E-002
   4.88446000000000        5.49476750000000      -3.213564275781733E-002
   4.88446000000000        5.79992125000000      -3.086353210557342E-002
   4.88446000000000        6.10507500000000      -2.974585103438499E-002
   4.88446000000000        6.41022875000000      -2.878159586559477E-002
   4.88446000000000        6.71538250000000      -2.797785170499494E-002
   4.88446000000000        7.02053625000000      -2.737625183274689E-002
   4.88446000000000        7.32569000000000      -2.704725703043442E-002
   5.18961375000000       2.000000000000000E-003 -8.374955021590047E-002
   5.18961375000000       0.307153750000000      -8.322629713941029E-002
   5.18961375000000       0.612307500000000      -8.174816053532133E-002
   5.18961375000000       0.917461250000000      -7.937516858135013E-002
   5.18961375000000        1.22261500000000      -7.607511889565481E-002
   5.18961375000000        1.52776875000000      -7.184370584870965E-002
   5.18961375000000        1.83292250000000      -6.685043464441062E-002
   5.18961375000000        2.13807625000000      -6.146044740437855E-002
   5.18961375000000        2.44323000000000      -5.613462948356650E-002
   5.18961375000000        2.74838375000000      -5.128490169959032E-002
   5.18961375000000        3.05353750000000      -4.716457585901577E-002
   5.18961375000000        3.35869125000000      -4.383353190318177E-002
   5.18961375000000        3.66384500000000      -4.119398861172350E-002
   5.18961375000000        3.96899875000000      -3.906859033515506E-002
   5.18961375000000        4.27415250000000      -3.728177795065046E-002
   5.18961375000000        4.57930625000000      -3.570832041024588E-002
   5.18961375000000        4.88446000000000      -3.428105667883210E-002
   5.18961375000000        5.18961375000000      -3.297526768977008E-002
   5.18961375000000        5.49476750000000      -3.178912002577716E-002
   5.18961375000000        5.79992125000000      -3.072998005453593E-002
   5.18961375000000        6.10507500000000      -2.980750735752347E-002
   5.18961375000000        6.41022875000000      -2.903091251443915E-002
   5.18961375000000        6.71538250000000      -2.840514439617904E-002
   5.18961375000000        7.02053625000000      -2.792091237454524E-002
   5.18961375000000        7.32569000000000      -2.754127398222697E-002
   5.49476750000000       2.000000000000000E-003 -7.692191202713040E-002
   5.49476750000000       0.307153750000000      -7.648636273186050E-002
   5.49476750000000       0.612307500000000      -7.512459335642613E-002
   5.49476750000000       0.917461250000000      -7.280323838893329E-002
   5.49476750000000        1.22261500000000      -6.959440153769761E-002
   5.49476750000000        1.52776875000000      -6.558519305464587E-002
   5.49476750000000        1.83292250000000      -6.095055798007989E-002
   5.49476750000000        2.13807625000000      -5.602344802904093E-002
   5.49476750000000        2.44323000000000      -5.122291793245112E-002
   5.49476750000000        2.74838375000000      -4.693003568547629E-002
   5.49476750000000        3.05353750000000      -4.338707134884073E-002
   5.49476750000000        3.35869125000000      -4.065125772952302E-002
   5.49476750000000        3.66384500000000      -3.860315125139951E-002
   5.49476750000000        3.96899875000000      -3.701750031117459E-002
   5.49476750000000        4.27415250000000      -3.567915531004740E-002
   5.49476750000000        4.57930625000000      -3.446309016776227E-002
   5.49476750000000        4.88446000000000      -3.333083215530090E-002
   5.49476750000000        5.18961375000000      -3.228585437229709E-002
   5.49476750000000        5.49476750000000      -3.133899395028097E-002
   5.49476750000000        5.79992125000000      -3.049693522504294E-002
   5.49476750000000        6.10507500000000      -2.976781081829852E-002
   5.49476750000000        6.41022875000000      -2.917144095081458E-002
   5.49476750000000        6.71538250000000      -2.872998097514669E-002
   5.49476750000000        7.02053625000000      -2.840537663319852E-002
   5.49476750000000        7.32569000000000      -2.806280370006537E-002
   5.79992125000000       2.000000000000000E-003 -6.978455346904225E-002
   5.79992125000000       0.307153750000000      -6.947834068160548E-002
   5.79992125000000       0.612307500000000      -6.839014402383045E-002
   5.79992125000000       0.917461250000000      -6.626913951239437E-002
   5.79992125000000        1.22261500000000      -6.316406651857352E-002
   5.79992125000000        1.52776875000000      -5.931317759772546E-002
   5.79992125000000        1.83292250000000      -5.503565395943220E-002
   5.79992125000000        2.13807625000000      -5.056411229954585E-002
   5.79992125000000        2.44323000000000      -4.624494974368143E-002
   5.79992125000000        2.74838375000000      -4.242683896283646E-002
   5.79992125000000        3.05353750000000      -3.937800780455641E-002
   5.79992125000000        3.35869125000000      -3.722087878523522E-002
   5.79992125000000        3.66384500000000      -3.583820105274513E-002
   5.79992125000000        3.96899875000000      -3.488321220124276E-002
   5.79992125000000        4.27415250000000      -3.402674911121083E-002
   5.79992125000000        4.57930625000000      -3.315152776026650E-002
   5.79992125000000        4.88446000000000      -3.228677659295369E-002
   5.79992125000000        5.18961375000000      -3.148493632980301E-002
   5.79992125000000        5.49476750000000      -3.077075818664749E-002
   5.79992125000000        5.79992125000000      -3.014061973664883E-002
   5.79992125000000        6.10507500000000      -2.959023817900493E-002
   5.79992125000000        6.41022875000000      -2.919114337042010E-002
   5.79992125000000        6.71538250000000      -2.903239439814214E-002
   5.79992125000000        7.02053625000000      -2.901808354366029E-002
   5.79992125000000        7.32569000000000      -2.880445693035163E-002
   6.10507500000000       2.000000000000000E-003 -6.169456888046948E-002
   6.10507500000000       0.307153750000000      -6.184359129133894E-002
   6.10507500000000       0.612307500000000      -6.146942528359724E-002
   6.10507500000000       0.917461250000000      -5.977313393735113E-002
   6.10507500000000        1.22261500000000      -5.693985946049883E-002
   6.10507500000000        1.52776875000000      -5.340586028723952E-002
   6.10507500000000        1.83292250000000      -4.948906815632810E-002
   6.10507500000000        2.13807625000000      -4.543112617304433E-002
   6.10507500000000        2.44323000000000      -4.146016422625316E-002
   6.10507500000000        2.74838375000000      -3.786350023978665E-002
   6.10507500000000        3.05353750000000      -3.499402182075790E-002
   6.10507500000000        3.35869125000000      -3.328385252698887E-002
   6.10507500000000        3.66384500000000      -3.279059265128951E-002
   6.10507500000000        3.96899875000000      -3.272085979241364E-002
   6.10507500000000        4.27415250000000      -3.238987090862915E-002
   6.10507500000000        4.57930625000000      -3.178954650503934E-002
   6.10507500000000        4.88446000000000      -3.114138203593446E-002
   6.10507500000000        5.18961375000000      -3.056410993678944E-002
   6.10507500000000        5.49476750000000      -3.008286283371491E-002
   6.10507500000000        5.79992125000000      -2.966430642677366E-002
   6.10507500000000        6.10507500000000      -2.930656651748993E-002
   6.10507500000000        6.41022875000000      -2.913871384440872E-002
   6.10507500000000        6.71538250000000      -2.936220127860800E-002
   6.10507500000000        7.02053625000000      -2.989130785213207E-002
   6.10507500000000        7.32569000000000      -2.990798660590041E-002
   6.41022875000000       2.000000000000000E-003 -5.228623553180398E-002
   6.41022875000000       0.307153750000000      -5.379388962595556E-002
   6.41022875000000       0.612307500000000      -5.507123555151767E-002
   6.41022875000000       0.917461250000000      -5.387870002771711E-002
   6.41022875000000        1.22261500000000      -5.124784913671503E-002
   6.41022875000000        1.52776875000000      -4.807354479672393E-002
   6.41022875000000        1.83292250000000      -4.461637175628204E-002
   6.41022875000000        2.13807625000000      -4.093857330915759E-002
   6.41022875000000        2.44323000000000      -3.710841637476450E-002
   6.41022875000000        2.74838375000000      -3.319294455733100E-002
   6.41022875000000        3.05353750000000      -2.997180593230656E-002
   6.41022875000000        3.35869125000000      -2.891054180065291E-002
   6.41022875000000        3.66384500000000      -2.981890042243811E-002
   6.41022875000000        3.96899875000000      -3.082560647612330E-002
   6.41022875000000        4.27415250000000      -3.085818057297019E-002
   6.41022875000000        4.57930625000000      -3.035022449180904E-002
   6.41022875000000        4.88446000000000      -2.985840571781386E-002
   6.41022875000000        5.18961375000000      -2.951438906912858E-002
   6.41022875000000        5.49476750000000      -2.929835505288664E-002
   6.41022875000000        5.79992125000000      -2.915653798760839E-002
   6.41022875000000        6.10507500000000      -2.907077517496027E-002
   6.41022875000000        6.41022875000000      -2.913013335211247E-002
   6.41022875000000        6.71538250000000      -2.969564858795320E-002
   6.41022875000000        7.02053625000000      -3.103794527090746E-002
   6.41022875000000        7.32569000000000      -3.144675010677817E-002
   6.71538250000000       2.000000000000000E-003 -4.311915308275429E-002
   6.71538250000000       0.307153750000000      -4.778856699302106E-002
   6.71538250000000       0.612307500000000      -5.089668159545319E-002
   6.71538250000000       0.917461250000000      -4.929628622873123E-002
   6.71538250000000        1.22261500000000      -4.649555125833003E-002
   6.71538250000000        1.52776875000000      -4.362565050800309E-002
   6.71538250000000        1.83292250000000      -4.065157221546987E-002
   6.71538250000000        2.13807625000000      -3.737318793683053E-002
   6.71538250000000        2.44323000000000      -3.352755533063159E-002
   6.71538250000000        2.74838375000000      -2.899254225820884E-002
   6.71538250000000        3.05353750000000      -2.547455741573507E-002
   6.71538250000000        3.35869125000000      -2.507773878771178E-002
   6.71538250000000        3.66384500000000      -2.788687007876430E-002
   6.71538250000000        3.96899875000000      -2.964251859736130E-002
   6.71538250000000        4.27415250000000      -2.926929609162582E-002
   6.71538250000000        4.57930625000000      -2.861947912238568E-002
   6.71538250000000        4.88446000000000      -2.836623777499430E-002
   6.71538250000000        5.18961375000000      -2.834116253293662E-002
   6.71538250000000        5.49476750000000      -2.846297788851065E-002
   6.71538250000000        5.79992125000000      -2.873071575287171E-002
   6.71538250000000        6.10507500000000      -2.910332447752278E-002
   6.71538250000000        6.41022875000000      -2.949877918535521E-002
   6.71538250000000        6.71538250000000      -3.008232147589908E-002
   6.71538250000000        7.02053625000000      -3.195080040379782E-002
   6.71538250000000        7.32569000000000      -3.306489710088020E-002
   7.02053625000000       2.000000000000000E-003 -4.320301837020125E-002
   7.02053625000000       0.307153750000000      -4.885944124005622E-002
   7.02053625000000       0.612307500000000      -4.947842918334222E-002
   7.02053625000000       0.917461250000000      -4.602363503967030E-002
   7.02053625000000        1.22261500000000      -4.290688426899230E-002
   7.02053625000000        1.52776875000000      -4.032310793611142E-002
   7.02053625000000        1.83292250000000      -3.779883469749245E-002
   7.02053625000000        2.13807625000000      -3.498849458728544E-002
   7.02053625000000        2.44323000000000      -3.134035317319761E-002
   7.02053625000000        2.74838375000000      -2.700562215908269E-002
   7.02053625000000        3.05353750000000      -2.346982784826675E-002
   7.02053625000000        3.35869125000000      -2.355277041816129E-002
   7.02053625000000        3.66384500000000      -2.825874116499510E-002
   7.02053625000000        3.96899875000000      -2.878030708010865E-002
   7.02053625000000        4.27415250000000      -2.710183895859923E-002
   7.02053625000000        4.57930625000000      -2.647738466623561E-002
   7.02053625000000        4.88446000000000      -2.667461717099281E-002
   7.02053625000000        5.18961375000000      -2.710573292433574E-002
   7.02053625000000        5.49476750000000      -2.759871313300759E-002
   7.02053625000000        5.79992125000000      -2.834165048703242E-002
   7.02053625000000        6.10507500000000      -2.936673643376663E-002
   7.02053625000000        6.41022875000000      -3.053250763286194E-002
   7.02053625000000        6.71538250000000      -3.137175213870444E-002
   7.02053625000000        7.02053625000000      -3.167647733577900E-002
   7.02053625000000        7.32569000000000      -3.281368704661457E-002
   7.32569000000000       2.000000000000000E-003 -4.741442727990038E-002
   7.32569000000000       0.307153750000000      -4.758143660001822E-002
   7.32569000000000       0.612307500000000      -4.650826135257655E-002
   7.32569000000000       0.917461250000000      -4.331884045571040E-002
   7.32569000000000        1.22261500000000      -4.052928838971240E-002
   7.32569000000000        1.52776875000000      -3.822911553004539E-002
   7.32569000000000        1.83292250000000      -3.608328491384423E-002
   7.32569000000000        2.13807625000000      -3.383404965092263E-002
   7.32569000000000        2.44323000000000      -3.109449680966078E-002
   7.32569000000000        2.74838375000000      -2.828301600087288E-002
   7.32569000000000        3.05353750000000      -2.650786715512208E-002
   7.32569000000000        3.35869125000000      -2.736646062519985E-002
   7.32569000000000        3.66384500000000      -2.977434623900960E-002
   7.32569000000000        3.96899875000000      -2.681920776679837E-002
   7.32569000000000        4.27415250000000      -2.490617956966785E-002
   7.32569000000000        4.57930625000000      -2.466499198303253E-002
   7.32569000000000        4.88446000000000      -2.522458577691888E-002
   7.32569000000000        5.18961375000000      -2.596607750710194E-002
   7.32569000000000        5.49476750000000      -2.668521266207834E-002
   7.32569000000000        5.79992125000000      -2.771241622138944E-002
   7.32569000000000        6.10507500000000      -2.910822311236753E-002
   7.32569000000000        6.41022875000000      -3.074102509237391E-002
   7.32569000000000        6.71538250000000      -3.214590955585513E-002
   7.32569000000000        7.02053625000000      -3.219548539956738E-002
   7.32569000000000        7.32569000000000      -2.970916495578710E-002
