  2.000000000000000E-003  2.000000000000000E-003 -0.551439973039346     
  2.000000000000000E-003  0.307153750000000      -0.585071114198174     
  2.000000000000000E-003  0.612307500000000      -0.547839672912191     
  2.000000000000000E-003  0.917461250000000      -0.462728563247531     
  2.000000000000000E-003   1.22261500000000      -0.389637448724080     
  2.000000000000000E-003   1.52776875000000      -0.333788139585569     
  2.000000000000000E-003   1.83292250000000      -0.289860674187756     
  2.000000000000000E-003   2.13807625000000      -0.253534464563079     
  2.000000000000000E-003   2.44323000000000      -0.221612767903643     
  2.000000000000000E-003   2.74838375000000      -0.193764569022459     
  2.000000000000000E-003   3.05353750000000      -0.173975372914423     
  2.000000000000000E-003   3.35869125000000      -0.169007452865505     
  2.000000000000000E-003   3.66384500000000      -0.171334094802448     
  2.000000000000000E-003   3.96899875000000      -0.149338195574945     
  2.000000000000000E-003   4.27415250000000      -0.130820101189239     
  2.000000000000000E-003   4.57930625000000      -0.116513984885671     
  2.000000000000000E-003   4.88446000000000      -0.106148634953022     
  2.000000000000000E-003   5.18961375000000      -9.830670886100863E-002
  2.000000000000000E-003   5.49476750000000      -9.123661814748003E-002
  2.000000000000000E-003   5.79992125000000      -8.604525413957195E-002
  2.000000000000000E-003   6.10507500000000      -8.217080713433898E-002
  2.000000000000000E-003   6.41022875000000      -7.839877612533216E-002
  2.000000000000000E-003   6.71538250000000      -7.408453438686315E-002
  2.000000000000000E-003   7.02053625000000      -7.310150798394528E-002
  2.000000000000000E-003   7.32569000000000      -7.776900714764637E-002
  0.307153750000000       2.000000000000000E-003 -0.577934690759167     
  0.307153750000000       0.307153750000000      -0.543655360957718     
  0.307153750000000       0.612307500000000      -0.525437501879995     
  0.307153750000000       0.917461250000000      -0.472048235232079     
  0.307153750000000        1.22261500000000      -0.410379775552963     
  0.307153750000000        1.52776875000000      -0.355782570867896     
  0.307153750000000        1.83292250000000      -0.309569278185287     
  0.307153750000000        2.13807625000000      -0.270064021902902     
  0.307153750000000        2.44323000000000      -0.235249528737589     
  0.307153750000000        2.74838375000000      -0.204214342137672     
  0.307153750000000        3.05353750000000      -0.181288259202411     
  0.307153750000000        3.35869125000000      -0.173316150658243     
  0.307153750000000        3.66384500000000      -0.175687122960528     
  0.307153750000000        3.96899875000000      -0.161647759838890     
  0.307153750000000        4.27415250000000      -0.141212552327533     
  0.307153750000000        4.57930625000000      -0.124387005289879     
  0.307153750000000        4.88446000000000      -0.112098197741651     
  0.307153750000000        5.18961375000000      -0.102729545586936     
  0.307153750000000        5.49476750000000      -9.467881384686735E-002
  0.307153750000000        5.79992125000000      -8.861610504971004E-002
  0.307153750000000        6.10507500000000      -8.405225870711436E-002
  0.307153750000000        6.41022875000000      -8.030192864029981E-002
  0.307153750000000        6.71538250000000      -7.754613921835452E-002
  0.307153750000000        7.02053625000000      -7.774473777675002E-002
  0.307153750000000        7.32569000000000      -7.755715600572716E-002
  0.612307500000000       2.000000000000000E-003 -0.581521471683303     
  0.612307500000000       0.307153750000000      -0.550593089553564     
  0.612307500000000       0.612307500000000      -0.513687570792859     
  0.612307500000000       0.917461250000000      -0.472471051879155     
  0.612307500000000        1.22261500000000      -0.422326214589217     
  0.612307500000000        1.52776875000000      -0.371878341957925     
  0.612307500000000        1.83292250000000      -0.325602242952513     
  0.612307500000000        2.13807625000000      -0.285183961799851     
  0.612307500000000        2.44323000000000      -0.250213381781469     
  0.612307500000000        2.74838375000000      -0.219331778210143     
  0.612307500000000        3.05353750000000      -0.196483372194593     
  0.612307500000000        3.35869125000000      -0.184943801161605     
  0.612307500000000        3.66384500000000      -0.179827292867073     
  0.612307500000000        3.96899875000000      -0.167802768560995     
  0.612307500000000        4.27415250000000      -0.149252555248547     
  0.612307500000000        4.57930625000000      -0.131774469508314     
  0.612307500000000        4.88446000000000      -0.118177095985360     
  0.612307500000000        5.18961375000000      -0.107561501371231     
  0.612307500000000        5.49476750000000      -9.891247929190906E-002
  0.612307500000000        5.79992125000000      -9.224104991867974E-002
  0.612307500000000        6.10507500000000      -8.740317450113581E-002
  0.612307500000000        6.41022875000000      -8.402929609228958E-002
  0.612307500000000        6.71538250000000      -8.200032460421409E-002
  0.612307500000000        7.02053625000000      -7.992493058872867E-002
  0.612307500000000        7.32569000000000      -7.617002881820452E-002
  0.917461250000000       2.000000000000000E-003 -0.600660577320574     
  0.917461250000000       0.307153750000000      -0.578520562106585     
  0.917461250000000       0.612307500000000      -0.534172298460354     
  0.917461250000000       0.917461250000000      -0.485631413348373     
  0.917461250000000        1.22261500000000      -0.434976708106590     
  0.917461250000000        1.52776875000000      -0.384841337567263     
  0.917461250000000        1.83292250000000      -0.338228442903531     
  0.917461250000000        2.13807625000000      -0.297910634941135     
  0.917461250000000        2.44323000000000      -0.263294466154934     
  0.917461250000000        2.74838375000000      -0.233682656459552     
  0.917461250000000        3.05353750000000      -0.210413804900680     
  0.917461250000000        3.35869125000000      -0.194733709306484     
  0.917461250000000        3.66384500000000      -0.183052134843375     
  0.917461250000000        3.96899875000000      -0.169425337907915     
  0.917461250000000        4.27415250000000      -0.152850360952968     
  0.917461250000000        4.57930625000000      -0.136637517526890     
  0.917461250000000        4.88446000000000      -0.123029909589242     
  0.917461250000000        5.18961375000000      -0.112061093068235     
  0.917461250000000        5.49476750000000      -0.103240214897321     
  0.917461250000000        5.79992125000000      -9.618185104997637E-002
  0.917461250000000        6.10507500000000      -9.090624507471745E-002
  0.917461250000000        6.41022875000000      -8.705659216613303E-002
  0.917461250000000        6.71538250000000      -8.408241288051467E-002
  0.917461250000000        7.02053625000000      -8.085252262074653E-002
  0.917461250000000        7.32569000000000      -7.720186305272442E-002
   1.22261500000000       2.000000000000000E-003 -0.609029500019290     
   1.22261500000000       0.307153750000000      -0.592208029135676     
   1.22261500000000       0.612307500000000      -0.550656909368850     
   1.22261500000000       0.917461250000000      -0.499476766675227     
   1.22261500000000        1.22261500000000      -0.446182013326916     
   1.22261500000000        1.52776875000000      -0.394497313306262     
   1.22261500000000        1.83292250000000      -0.347699249409449     
   1.22261500000000        2.13807625000000      -0.307414559486146     
   1.22261500000000        2.44323000000000      -0.272696457245943     
   1.22261500000000        2.74838375000000      -0.243353540501457     
   1.22261500000000        3.05353750000000      -0.219475233038981     
   1.22261500000000        3.35869125000000      -0.200721513457536     
   1.22261500000000        3.66384500000000      -0.185113096643141     
   1.22261500000000        3.96899875000000      -0.169906899330811     
   1.22261500000000        4.27415250000000      -0.154333098860272     
   1.22261500000000        4.57930625000000      -0.139587437332790     
   1.22261500000000        4.88446000000000      -0.126665921419115     
   1.22261500000000        5.18961375000000      -0.115870626421237     
   1.22261500000000        5.49476750000000      -0.107038179096452     
   1.22261500000000        5.79992125000000      -9.976407003363387E-002
   1.22261500000000        6.10507500000000      -9.388628585202800E-002
   1.22261500000000        6.41022875000000      -8.915509448108080E-002
   1.22261500000000        6.71538250000000      -8.512480713117399E-002
   1.22261500000000        7.02053625000000      -8.127372704203174E-002
   1.22261500000000        7.32569000000000      -7.752487686307129E-002
   1.52776875000000       2.000000000000000E-003 -0.604191028685528     
   1.52776875000000       0.307153750000000      -0.590345617991438     
   1.52776875000000       0.612307500000000      -0.553849362840314     
   1.52776875000000       0.917461250000000      -0.504499853958987     
   1.52776875000000        1.22261500000000      -0.451031993874840     
   1.52776875000000        1.52776875000000      -0.399428209421846     
   1.52776875000000        1.83292250000000      -0.353480434697433     
   1.52776875000000        2.13807625000000      -0.312917614809009     
   1.52776875000000        2.44323000000000      -0.277810802776433     
   1.52776875000000        2.74838375000000      -0.248176914030399     
   1.52776875000000        3.05353750000000      -0.223679592599834     
   1.52776875000000        3.35869125000000      -0.203446886299577     
   1.52776875000000        3.66384500000000      -0.186086480421894     
   1.52776875000000        3.96899875000000      -0.170234136739435     
   1.52776875000000        4.27415250000000      -0.155315898323376     
   1.52776875000000        4.57930625000000      -0.141552181689256     
   1.52776875000000        4.88446000000000      -0.129352898822611     
   1.52776875000000        5.18961375000000      -0.118901751306816     
   1.52776875000000        5.49476750000000      -0.110086843670102     
   1.52776875000000        5.79992125000000      -0.102612604484840     
   1.52776875000000        6.10507500000000      -9.616964078662182E-002
   1.52776875000000        6.41022875000000      -9.058810867318880E-002
   1.52776875000000        6.71538250000000      -8.566669760838087E-002
   1.52776875000000        7.02053625000000      -8.120214053000518E-002
   1.52776875000000        7.32569000000000      -7.711388909702235E-002
   1.83292250000000       2.000000000000000E-003 -0.589031833044964     
   1.83292250000000       0.307153750000000      -0.577192588606256     
   1.83292250000000       0.612307500000000      -0.544187964923279     
   1.83292250000000       0.917461250000000      -0.498270802822660     
   1.83292250000000        1.22261500000000      -0.448526236145831     
   1.83292250000000        1.52776875000000      -0.399821047610739     
   1.83292250000000        1.83292250000000      -0.354383632896335     
   1.83292250000000        2.13807625000000      -0.313636531763203     
   1.83292250000000        2.44323000000000      -0.278405606105739     
   1.83292250000000        2.74838375000000      -0.248813572021632     
   1.83292250000000        3.05353750000000      -0.224286271885837     
   1.83292250000000        3.35869125000000      -0.203762434651082     
   1.83292250000000        3.66384500000000      -0.186044732914366     
   1.83292250000000        3.96899875000000      -0.170192768274769     
   1.83292250000000        4.27415250000000      -0.155765845875589     
   1.83292250000000        4.57930625000000      -0.142739133313988     
   1.83292250000000        4.88446000000000      -0.131205839574296     
   1.83292250000000        5.18961375000000      -0.121144113862220     
   1.83292250000000        5.49476750000000      -0.112372701894590     
   1.83292250000000        5.79992125000000      -0.104637934099002     
   1.83292250000000        6.10507500000000      -9.772215928803613E-002
   1.83292250000000        6.41022875000000      -9.149194503388659E-002
   1.83292250000000        6.71538250000000      -8.588569201250679E-002
   1.83292250000000        7.02053625000000      -8.089349427873842E-002
   1.83292250000000        7.32569000000000      -7.649962457443156E-002
   2.13807625000000       2.000000000000000E-003 -0.569243932849924     
   2.13807625000000       0.307153750000000      -0.558340193997347     
   2.13807625000000       0.612307500000000      -0.528815284893475     
   2.13807625000000       0.917461250000000      -0.487624093964979     
   2.13807625000000        1.22261500000000      -0.441191426870522     
   2.13807625000000        1.52776875000000      -0.394047079708649     
   2.13807625000000        1.83292250000000      -0.349303717360302     
   2.13807625000000        2.13807625000000      -0.309088234159225     
   2.13807625000000        2.44323000000000      -0.274542122072938     
   2.13807625000000        2.74838375000000      -0.245760255358641     
   2.13807625000000        3.05353750000000      -0.221975145170428     
   2.13807625000000        3.35869125000000      -0.201992176674445     
   2.13807625000000        3.66384500000000      -0.184675830032854     
   2.13807625000000        3.96899875000000      -0.169271255440168     
   2.13807625000000        4.27415250000000      -0.155451480462232     
   2.13807625000000        4.57930625000000      -0.143135273278485     
   2.13807625000000        4.88446000000000      -0.132247697269774     
   2.13807625000000        5.18961375000000      -0.122597064010547     
   2.13807625000000        5.49476750000000      -0.113913516038727     
   2.13807625000000        5.79992125000000      -0.105962582490704     
   2.13807625000000        6.10507500000000      -9.862357021471495E-002
   2.13807625000000        6.41022875000000      -9.188852149156583E-002
   2.13807625000000        6.71538250000000      -8.581697225143638E-002
   2.13807625000000        7.02053625000000      -8.049649987799198E-002
   2.13807625000000        7.32569000000000      -7.598116759479781E-002
   2.44323000000000       2.000000000000000E-003 -0.562748856452976     
   2.44323000000000       0.307153750000000      -0.550159964548793     
   2.44323000000000       0.612307500000000      -0.516954707778202     
   2.44323000000000       0.917461250000000      -0.473843422199755     
   2.44323000000000        1.22261500000000      -0.427442572446003     
   2.44323000000000        1.52776875000000      -0.381337625738146     
   2.44323000000000        1.83292250000000      -0.338068643764800     
   2.44323000000000        2.13807625000000      -0.299540159916490     
   2.44323000000000        2.44323000000000      -0.266761686380878     
   2.44323000000000        2.74838375000000      -0.239667510382518     
   2.44323000000000        3.05353750000000      -0.217329289615578     
   2.44323000000000        3.35869125000000      -0.198478652051468     
   2.44323000000000        3.66384500000000      -0.182037934889435     
   2.44323000000000        3.96899875000000      -0.167390013245372     
   2.44323000000000        4.27415250000000      -0.154316271992181     
   2.44323000000000        4.57930625000000      -0.142739610100933     
   2.44323000000000        4.88446000000000      -0.132493753383298     
   2.44323000000000        5.18961375000000      -0.123269802896322     
   2.44323000000000        5.49476750000000      -0.114729906176838     
   2.44323000000000        5.79992125000000      -0.106653434006769     
   2.44323000000000        6.10507500000000      -9.899257978041985E-002
   2.44323000000000        6.41022875000000      -9.182293961598902E-002
   2.44323000000000        6.71538250000000      -8.528656677230585E-002
   2.44323000000000        7.02053625000000      -7.963927636254579E-002
   2.44323000000000        7.32569000000000      -7.522695992317174E-002
   2.74838375000000       2.000000000000000E-003 -0.557534297583902     
   2.74838375000000       0.307153750000000      -0.543290457965318     
   2.74838375000000       0.612307500000000      -0.505674867605097     
   2.74838375000000       0.917461250000000      -0.456573569002748     
   2.74838375000000        1.22261500000000      -0.407718514181560     
   2.74838375000000        1.52776875000000      -0.362672992228491     
   2.74838375000000        1.83292250000000      -0.321847238847711     
   2.74838375000000        2.13807625000000      -0.286140999943801     
   2.74838375000000        2.44323000000000      -0.256082372072642     
   2.74838375000000        2.74838375000000      -0.231364303954558     
   2.74838375000000        3.05353750000000      -0.210955852185745     
   2.74838375000000        3.35869125000000      -0.193598869627697     
   2.74838375000000        3.66384500000000      -0.178314798260822     
   2.74838375000000        3.96899875000000      -0.164620646262326     
   2.74838375000000        4.27415250000000      -0.152397060900096     
   2.74838375000000        4.57930625000000      -0.141587050290969     
   2.74838375000000        4.88446000000000      -0.131974967353809     
   2.74838375000000        5.18961375000000      -0.123184683061817     
   2.74838375000000        5.49476750000000      -0.114844876072916     
   2.74838375000000        5.79992125000000      -0.106750162378343     
   2.74838375000000        6.10507500000000      -9.888376132895219E-002
   2.74838375000000        6.41022875000000      -9.129863549621620E-002
   2.74838375000000        6.71538250000000      -8.422489530886869E-002
   2.74838375000000        7.02053625000000      -7.847509672414006E-002
   2.74838375000000        7.32569000000000      -7.465835199738831E-002
   3.05353750000000       2.000000000000000E-003 -0.543637075612085     
   3.05353750000000       0.307153750000000      -0.527424941194562     
   3.05353750000000       0.612307500000000      -0.485849594762657     
   3.05353750000000       0.917461250000000      -0.434294112732059     
   3.05353750000000        1.22261500000000      -0.383834414876430     
   3.05353750000000        1.52776875000000      -0.340273362130572     
   3.05353750000000        1.83292250000000      -0.302665053800066     
   3.05353750000000        2.13807625000000      -0.270504004001725     
   3.05353750000000        2.44323000000000      -0.243687078001817     
   3.05353750000000        2.74838375000000      -0.221666450521954     
   3.05353750000000        3.05353750000000      -0.203384955544179     
   3.05353750000000        3.35869125000000      -0.187673062330526     
   3.05353750000000        3.66384500000000      -0.173685171234584     
   3.05353750000000        3.96899875000000      -0.161060787581001     
   3.05353750000000        4.27415250000000      -0.149754484571930     
   3.05353750000000        4.57930625000000      -0.139723103294910     
   3.05353750000000        4.88446000000000      -0.130727118413677     
   3.05353750000000        5.18961375000000      -0.122368391387722     
   3.05353750000000        5.49476750000000      -0.114280169596439     
   3.05353750000000        5.79992125000000      -0.106279997585102     
   3.05353750000000        6.10507500000000      -9.834531565141456E-002
   3.05353750000000        6.41022875000000      -9.047256200540141E-002
   3.05353750000000        6.71538250000000      -8.320145919105454E-002
   3.05353750000000        7.02053625000000      -7.766614293676335E-002
   3.05353750000000        7.32569000000000      -7.488604981752306E-002
   3.35869125000000       2.000000000000000E-003 -0.516525037337092     
   3.35869125000000       0.307153750000000      -0.500567706463685     
   3.35869125000000       0.612307500000000      -0.457923301022916     
   3.35869125000000       0.917461250000000      -0.406067144885760     
   3.35869125000000        1.22261500000000      -0.357233092569961     
   3.35869125000000        1.52776875000000      -0.316220500196137     
   3.35869125000000        1.83292250000000      -0.282362630540219     
   3.35869125000000        2.13807625000000      -0.253999520862172     
   3.35869125000000        2.44323000000000      -0.230502866908133     
   3.35869125000000        2.74838375000000      -0.211168380294155     
   3.35869125000000        3.05353750000000      -0.194988840282395     
   3.35869125000000        3.35869125000000      -0.180932426018235     
   3.35869125000000        3.66384500000000      -0.168292340806574     
   3.35869125000000        3.96899875000000      -0.156800088661487     
   3.35869125000000        4.27415250000000      -0.146446207112165     
   3.35869125000000        4.57930625000000      -0.137187167350736     
   3.35869125000000        4.88446000000000      -0.128779818859176     
   3.35869125000000        5.18961375000000      -0.120844172047806     
   3.35869125000000        5.49476750000000      -0.113053184449024     
   3.35869125000000        5.79992125000000      -0.105262471246024     
   3.35869125000000        6.10507500000000      -9.744605699335375E-002
   3.35869125000000        6.41022875000000      -8.966454893769116E-002
   3.35869125000000        6.71538250000000      -8.272104978878690E-002
   3.35869125000000        7.02053625000000      -7.818845913232883E-002
   3.35869125000000        7.32569000000000      -7.650890629642072E-002
   3.66384500000000       2.000000000000000E-003 -0.470171236087165     
   3.66384500000000       0.307153750000000      -0.460401874804607     
   3.66384500000000       0.612307500000000      -0.421221782783473     
   3.66384500000000       0.917461250000000      -0.372807349186758     
   3.66384500000000        1.22261500000000      -0.328209401519756     
   3.66384500000000        1.52776875000000      -0.291433985976885     
   3.66384500000000        1.83292250000000      -0.261817426759799     
   3.66384500000000        2.13807625000000      -0.237285507717126     
   3.66384500000000        2.44323000000000      -0.216987240812127     
   3.66384500000000        2.74838375000000      -0.200195696213052     
   3.66384500000000        3.05353750000000      -0.186015227107423     
   3.66384500000000        3.35869125000000      -0.173571326958305     
   3.66384500000000        3.66384500000000      -0.162283127010679     
   3.66384500000000        3.96899875000000      -0.151940068159572     
   3.66384500000000        4.27415250000000      -0.142536056376212     
   3.66384500000000        4.57930625000000      -0.134018737323137     
   3.66384500000000        4.88446000000000      -0.126161733738989     
   3.66384500000000        5.18961375000000      -0.118636718214131     
   3.66384500000000        5.49476750000000      -0.111182832926634     
   3.66384500000000        5.79992125000000      -0.103708340080580     
   3.66384500000000        6.10507500000000      -9.621695227124340E-002
   3.66384500000000        6.41022875000000      -8.885360341172266E-002
   3.66384500000000        6.71538250000000      -8.262685806276196E-002
   3.66384500000000        7.02053625000000      -7.967329704903217E-002
   3.66384500000000        7.32569000000000      -7.917501178856512E-002
   3.96899875000000       2.000000000000000E-003 -0.416426715748259     
   3.96899875000000       0.307153750000000      -0.405205015764283     
   3.96899875000000       0.612307500000000      -0.373270392013676     
   3.96899875000000       0.917461250000000      -0.333511553427271     
   3.96899875000000        1.22261500000000      -0.296401071038995     
   3.96899875000000        1.52776875000000      -0.265782150718940     
   3.96899875000000        1.83292250000000      -0.241007369887760     
   3.96899875000000        2.13807625000000      -0.220408346070902     
   3.96899875000000        2.44323000000000      -0.203260443665069     
   3.96899875000000        2.74838375000000      -0.188937438613661     
   3.96899875000000        3.05353750000000      -0.176694754423645     
   3.96899875000000        3.35869125000000      -0.165821486619439     
   3.96899875000000        3.66384500000000      -0.155852852215259     
   3.96899875000000        3.96899875000000      -0.146620085465905     
   3.96899875000000        4.27415250000000      -0.138110435671588     
   3.96899875000000        4.57930625000000      -0.130269941314325     
   3.96899875000000        4.88446000000000      -0.122911910404805     
   3.96899875000000        5.18961375000000      -0.115783610090867     
   3.96899875000000        5.49476750000000      -0.108702591210598     
   3.96899875000000        5.79992125000000      -0.101630850927993     
   3.96899875000000        6.10507500000000      -9.461070217546157E-002
   3.96899875000000        6.41022875000000      -8.777301124283941E-002
   3.96899875000000        6.71538250000000      -8.190541567577936E-002
   3.96899875000000        7.02053625000000      -7.822109506214547E-002
   3.96899875000000        7.32569000000000      -7.650797353104125E-002
   4.27415250000000       2.000000000000000E-003 -0.346040271881290     
   4.27415250000000       0.307153750000000      -0.337974128427917     
   4.27415250000000       0.612307500000000      -0.316687720200565     
   4.27415250000000       0.917461250000000      -0.289241960365835     
   4.27415250000000        1.22261500000000      -0.262223375592823     
   4.27415250000000        1.52776875000000      -0.239179468319635     
   4.27415250000000        1.83292250000000      -0.219771044492772     
   4.27415250000000        2.13807625000000      -0.203328476524029     
   4.27415250000000        2.44323000000000      -0.189434174099999     
   4.27415250000000        2.74838375000000      -0.177619265952453     
   4.27415250000000        3.05353750000000      -0.167306788676668     
   4.27415250000000        3.35869125000000      -0.157956763684132     
   4.27415250000000        3.66384500000000      -0.149226573072894     
   4.27415250000000        3.96899875000000      -0.140998214074604     
   4.27415250000000        4.27415250000000      -0.133268044482374     
   4.27415250000000        4.57930625000000      -0.126004039143789     
   4.27415250000000        4.88446000000000      -0.119083106386843     
   4.27415250000000        5.18961375000000      -0.112340832090794     
   4.27415250000000        5.49476750000000      -0.105669004100075     
   4.27415250000000        5.79992125000000      -9.906752411730710E-002
   4.27415250000000        6.10507500000000      -9.260426610725110E-002
   4.27415250000000        6.41022875000000      -8.635359178518716E-002
   4.27415250000000        6.71538250000000      -8.079251849901524E-002
   4.27415250000000        7.02053625000000      -7.668242234816902E-002
   4.27415250000000        7.32569000000000      -7.447765255380435E-002
   4.57930625000000       2.000000000000000E-003 -0.277425349047101     
   4.57930625000000       0.307153750000000      -0.273010880916478     
   4.57930625000000       0.612307500000000      -0.261257443589784     
   4.57930625000000       0.917461250000000      -0.245149334493578     
   4.57930625000000        1.22261500000000      -0.228156723562129     
   4.57930625000000        1.52776875000000      -0.212454309848210     
   4.57930625000000        1.83292250000000      -0.198532341788990     
   4.57930625000000        2.13807625000000      -0.186385011074111     
   4.57930625000000        2.44323000000000      -0.175832000346174     
   4.57930625000000        2.74838375000000      -0.166546698842031     
   4.57930625000000        3.05353750000000      -0.158120989067860     
   4.57930625000000        3.35869125000000      -0.150195652040000     
   4.57930625000000        3.66384500000000      -0.142565115828916     
   4.57930625000000        3.96899875000000      -0.135183057194216     
   4.57930625000000        4.27415250000000      -0.128082086883320     
   4.57930625000000        4.57930625000000      -0.121279958129464     
   4.57930625000000        4.88446000000000      -0.114736267564517     
   4.57930625000000        5.18961375000000      -0.108377251402664     
   4.57930625000000        5.49476750000000      -0.102154201148916     
   4.57930625000000        5.79992125000000      -9.607962282249095E-002
   4.57930625000000        6.10507500000000      -9.021568010765789E-002
   4.57930625000000        6.41022875000000      -8.463308780950576E-002
   4.57930625000000        6.71538250000000      -7.952365758404900E-002
   4.57930625000000        7.02053625000000      -7.540438055296833E-002
   4.57930625000000        7.32569000000000      -7.254335392498533E-002
   4.88446000000000       2.000000000000000E-003 -0.221865150623531     
   4.88446000000000       0.307153750000000      -0.219942758045748     
   4.88446000000000       0.612307500000000      -0.214492732345131     
   4.88446000000000       0.917461250000000      -0.206189278430521     
   4.88446000000000        1.22261500000000      -0.196679391402719     
   4.88446000000000        1.52776875000000      -0.187217413362399     
   4.88446000000000        1.83292250000000      -0.178377502489725     
   4.88446000000000        2.13807625000000      -0.170305062737287     
   4.88446000000000        2.44323000000000      -0.162907919059901     
   4.88446000000000        2.74838375000000      -0.155970002081786     
   4.88446000000000        3.05353750000000      -0.149250999518418     
   4.88446000000000        3.35869125000000      -0.142574379117067     
   4.88446000000000        3.66384500000000      -0.135872704291608     
   4.88446000000000        3.96899875000000      -0.129177116837684     
   4.88446000000000        4.27415250000000      -0.122570639539557     
   4.88446000000000        4.57930625000000      -0.116137448056339     
   4.88446000000000        4.88446000000000      -0.109929333199906     
   4.88446000000000        5.18961375000000      -0.103960230031484     
   4.88446000000000        5.49476750000000      -9.822578573613083E-002
   4.88446000000000        5.79992125000000      -9.272791179959959E-002
   4.88446000000000        6.10507500000000      -8.749046952435068E-002
   4.88446000000000        6.41022875000000      -8.256698750424540E-002
   4.88446000000000        6.71538250000000      -7.805432860392979E-002
   4.88446000000000        7.02053625000000      -7.412072708140663E-002
   4.88446000000000        7.32569000000000      -7.093773049829526E-002
   5.18961375000000       2.000000000000000E-003 -0.179028995444158     
   5.18961375000000       0.307153750000000      -0.178455543141692     
   5.18961375000000       0.612307500000000      -0.176680761786778     
   5.18961375000000       0.917461250000000      -0.173637272803200     
   5.18961375000000        1.22261500000000      -0.169638191237717     
   5.18961375000000        1.52776875000000      -0.165151231724628     
   5.18961375000000        1.83292250000000      -0.160501036240371     
   5.18961375000000        2.13807625000000      -0.155786263312471     
   5.18961375000000        2.44323000000000      -0.150951178844155     
   5.18961375000000        2.74838375000000      -0.145895504211300     
   5.18961375000000        3.05353750000000      -0.140551659321709     
   5.18961375000000        3.35869125000000      -0.134908228430403     
   5.18961375000000        3.66384500000000      -0.128999446339581     
   5.18961375000000        3.96899875000000      -0.122897052795942     
   5.18961375000000        4.27415250000000      -0.116715378800398     
   5.18961375000000        4.57930625000000      -0.110604580872334     
   5.18961375000000        4.88446000000000      -0.104713811930760     
   5.18961375000000        5.18961375000000      -9.914479308592866E-002
   5.18961375000000        5.49476750000000      -9.392997230519122E-002
   5.18961375000000        5.79992125000000      -8.904854233321202E-002
   5.18961375000000        6.10507500000000      -8.446913070542204E-002
   5.18961375000000        6.41022875000000      -8.019202276706117E-002
   5.18961375000000        6.71538250000000      -7.626397640955812E-002
   5.18961375000000        7.02053625000000      -7.275353684818611E-002
   5.18961375000000        7.32569000000000      -6.968508084490095E-002
   5.49476750000000       2.000000000000000E-003 -0.143443159904100     
   5.49476750000000       0.307153750000000      -0.144166002056201     
   5.49476750000000       0.612307500000000      -0.145958069192848     
   5.49476750000000       0.917461250000000      -0.147565737811865     
   5.49476750000000        1.22261500000000      -0.148002771964584     
   5.49476750000000        1.52776875000000      -0.147224173712987     
   5.49476750000000        1.83292250000000      -0.145517910859630     
   5.49476750000000        2.13807625000000      -0.143046063636921     
   5.49476750000000        2.44323000000000      -0.139863704791391     
   5.49476750000000        2.74838375000000      -0.136033774904161     
   5.49476750000000        3.05353750000000      -0.131672163148978     
   5.49476750000000        3.35869125000000      -0.126896895581057     
   5.49476750000000        3.66384500000000      -0.121760462674083     
   5.49476750000000        3.96899875000000      -0.116275792237832     
   5.49476750000000        4.27415250000000      -0.110528706222937     
   5.49476750000000        4.57930625000000      -0.104731160623375     
   5.49476750000000        4.88446000000000      -9.914741687298331E-002
   5.49476750000000        5.18961375000000      -9.397733271893839E-002
   5.49476750000000        5.49476750000000      -8.929042332047535E-002
   5.49476750000000        5.79992125000000      -8.504205172531080E-002
   5.49476750000000        6.10507500000000      -8.114922588274603E-002
   5.49476750000000        6.41022875000000      -7.756330915821258E-002
   5.49476750000000        6.71538250000000      -7.428779310815221E-002
   5.49476750000000        7.02053625000000      -7.132877798672882E-002
   5.49476750000000        7.32569000000000      -6.862296617266402E-002
   5.79992125000000       2.000000000000000E-003 -0.115311419074937     
   5.79992125000000       0.307153750000000      -0.117597385334151     
   5.79992125000000       0.612307500000000      -0.122772203162268     
   5.79992125000000       0.917461250000000      -0.127981061818526     
   5.79992125000000        1.22261500000000      -0.131632620711209     
   5.79992125000000        1.52776875000000      -0.133331662795706     
   5.79992125000000        1.83292250000000      -0.133198658638764     
   5.79992125000000        2.13807625000000      -0.131740525609274     
   5.79992125000000        2.44323000000000      -0.129236430960223     
   5.79992125000000        2.74838375000000      -0.125958648031637     
   5.79992125000000        3.05353750000000      -0.122231184462149     
   5.79992125000000        3.35869125000000      -0.118294428144802     
   5.79992125000000        3.66384500000000      -0.114101937990790     
   5.79992125000000        3.96899875000000      -0.109398327399822     
   5.79992125000000        4.27415250000000      -0.104132370578597     
   5.79992125000000        4.57930625000000      -9.862231115367570E-002
   5.79992125000000        4.88446000000000      -9.330996698005552E-002
   5.79992125000000        5.18961375000000      -8.850976471295954E-002
   5.79992125000000        5.49476750000000      -8.432122013534113E-002
   5.79992125000000        5.79992125000000      -8.067392310819937E-002
   5.79992125000000        6.10507500000000      -7.745658941934840E-002
   5.79992125000000        6.41022875000000      -7.466560279328491E-002
   5.79992125000000        6.71538250000000      -7.226304305270480E-002
   5.79992125000000        7.02053625000000      -7.008980424771805E-002
   5.79992125000000        7.32569000000000      -6.791652665323508E-002
   6.10507500000000       2.000000000000000E-003 -9.221307629969298E-002
   6.10507500000000       0.307153750000000      -9.713725548904729E-002
   6.10507500000000       0.612307500000000      -0.107124016779353     
   6.10507500000000       0.917461250000000      -0.115379053094174     
   6.10507500000000        1.22261500000000      -0.120356481103085     
   6.10507500000000        1.52776875000000      -0.122676112420274     
   6.10507500000000        1.83292250000000      -0.122810932042543     
   6.10507500000000        2.13807625000000      -0.121316170501063     
   6.10507500000000        2.44323000000000      -0.118674476149147     
   6.10507500000000        2.74838375000000      -0.115324515942984     
   6.10507500000000        3.05353750000000      -0.111866391104623     
   6.10507500000000        3.35869125000000      -0.108890750547737     
   6.10507500000000        3.66384500000000      -0.106189920258358     
   6.10507500000000        3.96899875000000      -0.102636767308912     
   6.10507500000000        4.27415250000000      -9.780068958726833E-002
   6.10507500000000        4.57930625000000      -9.242633095638079E-002
   6.10507500000000        4.88446000000000      -8.729780087387431E-002
   6.10507500000000        5.18961375000000      -8.281305345221679E-002
   6.10507500000000        5.49476750000000      -7.904706474812122E-002
   6.10507500000000        5.79992125000000      -7.587533569815647E-002
   6.10507500000000        6.10507500000000      -7.333931299507872E-002
   6.10507500000000        6.41022875000000      -7.144210651211173E-002
   6.10507500000000        6.71538250000000      -7.005921735676111E-002
   6.10507500000000        7.02053625000000      -6.883567096797935E-002
   6.10507500000000        7.32569000000000      -6.727538495293280E-002
   6.41022875000000       2.000000000000000E-003 -7.069991824005456E-002
   6.41022875000000       0.307153750000000      -8.150410298090910E-002
   6.41022875000000       0.612307500000000      -9.847541615160092E-002
   6.41022875000000       0.917461250000000      -0.108451274988478     
   6.41022875000000        1.22261500000000      -0.112909915954124     
   6.41022875000000        1.52776875000000      -0.114374900053659     
   6.41022875000000        1.83292250000000      -0.113708960272064     
   6.41022875000000        2.13807625000000      -0.111485974816521     
   6.41022875000000        2.44323000000000      -0.108121147847763     
   6.41022875000000        2.74838375000000      -0.103902499534311     
   6.41022875000000        3.05353750000000      -0.100057992921087     
   6.41022875000000        3.35869125000000      -9.847470389042476E-002
   6.41022875000000        3.66384500000000      -9.831399705745322E-002
   6.41022875000000        3.96899875000000      -9.637976795725005E-002
   6.41022875000000        4.27415250000000      -9.174471882564011E-002
   6.41022875000000        4.57930625000000      -8.618886406457263E-002
   6.41022875000000        4.88446000000000      -8.117819841663412E-002
   6.41022875000000        5.18961375000000      -7.699144336932059E-002
   6.41022875000000        5.49476750000000      -7.354070583494794E-002
   6.41022875000000        5.79992125000000      -7.076342251680529E-002
   6.41022875000000        6.10507500000000      -6.886495195048625E-002
   6.41022875000000        6.41022875000000      -6.776293290209223E-002
   6.41022875000000        6.71538250000000      -6.734555646829572E-002
   6.41022875000000        7.02053625000000      -6.710473594651029E-002
   6.41022875000000        7.32569000000000      -6.612510366295879E-002
   6.71538250000000       2.000000000000000E-003 -5.108876520225664E-002
   6.71538250000000       0.307153750000000      -7.368117122846835E-002
   6.71538250000000       0.612307500000000      -9.578837800447862E-002
   6.71538250000000       0.917461250000000      -0.103886917677827     
   6.71538250000000        1.22261500000000      -0.106835955141599     
   6.71538250000000        1.52776875000000      -0.107226399017458     
   6.71538250000000        1.83292250000000      -0.105598563724575     
   6.71538250000000        2.13807625000000      -0.102453981908662     
   6.71538250000000        2.44323000000000      -9.804868415224023E-002
   6.71538250000000        2.74838375000000      -9.221008187444861E-002
   6.71538250000000        3.05353750000000      -8.764227778334223E-002
   6.71538250000000        3.35869125000000      -8.785505761849155E-002
   6.71538250000000        3.66384500000000      -9.169179004372320E-002
   6.71538250000000        3.96899875000000      -9.110577211532710E-002
   6.71538250000000        4.27415250000000      -8.561792229238147E-002
   6.71538250000000        4.57930625000000      -7.962140649880316E-002
   6.71538250000000        4.88446000000000      -7.495371420262548E-002
   6.71538250000000        5.18961375000000      -7.122427241461152E-002
   6.71538250000000        5.49476750000000      -6.804663950462232E-002
   6.71538250000000        5.79992125000000      -6.572218309518904E-002
   6.71538250000000        6.10507500000000      -6.434565235911643E-002
   6.71538250000000        6.41022875000000      -6.371209066717534E-002
   6.71538250000000        6.71538250000000      -6.378118463768510E-002
   6.71538250000000        7.02053625000000      -6.436616760558321E-002
   6.71538250000000        7.32569000000000      -6.400623783788474E-002
   7.02053625000000       2.000000000000000E-003 -5.423511518410278E-002
   7.02053625000000       0.307153750000000      -8.123858776201183E-002
   7.02053625000000       0.612307500000000      -8.960902595210261E-002
   7.02053625000000       0.917461250000000      -9.585259202453943E-002
   7.02053625000000        1.22261500000000      -9.981634960251638E-002
   7.02053625000000        1.52776875000000      -0.100349670510100     
   7.02053625000000        1.83292250000000      -9.837462259507769E-002
   7.02053625000000        2.13807625000000      -9.474308412584451E-002
   7.02053625000000        2.44323000000000      -8.959997062856734E-002
   7.02053625000000        2.74838375000000      -8.296864616986194E-002
   7.02053625000000        3.05353750000000      -7.788176681660619E-002
   7.02053625000000        3.35869125000000      -8.001309247832317E-002
   7.02053625000000        3.66384500000000      -8.861420167209731E-002
   7.02053625000000        3.96899875000000      -8.611682187878922E-002
   7.02053625000000        4.27415250000000      -7.874306631165597E-002
   7.02053625000000        4.57930625000000      -7.279199777924707E-002
   7.02053625000000        4.88446000000000      -6.879646645205073E-002
   7.02053625000000        5.18961375000000      -6.585084000002213E-002
   7.02053625000000        5.49476750000000      -6.309287299092933E-002
   7.02053625000000        5.79992125000000      -6.133088688500617E-002
   7.02053625000000        6.10507500000000      -6.046196021485390E-002
   7.02053625000000        6.41022875000000      -6.007615262863601E-002
   7.02053625000000        6.71538250000000      -5.979813924703083E-002
   7.02053625000000        7.02053625000000      -6.043553216328536E-002
   7.02053625000000        7.32569000000000      -6.230223177610576E-002
   7.32569000000000       2.000000000000000E-003 -8.506730513205091E-002
   7.32569000000000       0.307153750000000      -8.037137152560124E-002
   7.32569000000000       0.612307500000000      -7.688019207102129E-002
   7.32569000000000       0.917461250000000      -8.667888252965514E-002
   7.32569000000000        1.22261500000000      -9.267932220095680E-002
   7.32569000000000        1.52776875000000      -9.382467929507474E-002
   7.32569000000000        1.83292250000000      -9.203085586227386E-002
   7.32569000000000        2.13807625000000      -8.868981797641554E-002
   7.32569000000000        2.44323000000000      -8.415078000366912E-002
   7.32569000000000        2.74838375000000      -7.902897361021760E-002
   7.32569000000000        3.05353750000000      -7.620609053328026E-002
   7.32569000000000        3.35869125000000      -8.032703738144502E-002
   7.32569000000000        3.66384500000000      -8.710365269938782E-002
   7.32569000000000        3.96899875000000      -7.917004729601455E-002
   7.32569000000000        4.27415250000000      -7.212825787832673E-002
   7.32569000000000        4.57930625000000      -6.692208706628149E-002
   7.32569000000000        4.88446000000000      -6.359860866623408E-002
   7.32569000000000        5.18961375000000      -6.136378072622288E-002
   7.32569000000000        5.49476750000000      -5.916745039231495E-002
   7.32569000000000        5.79992125000000      -5.804766699144388E-002
   7.32569000000000        6.10507500000000      -5.788927870512869E-002
   7.32569000000000        6.41022875000000      -5.808226335768743E-002
   7.32569000000000        6.71538250000000      -5.787141652486170E-002
   7.32569000000000        7.02053625000000      -5.762048164830198E-002
   7.32569000000000        7.32569000000000      -5.939452933748157E-002
