  2.000000000000000E-003  2.000000000000000E-003 -0.181566824775570     
  2.000000000000000E-003  0.307153750000000      -0.242848947046369     
  2.000000000000000E-003  0.612307500000000      -0.245791515004003     
  2.000000000000000E-003  0.917461250000000      -0.196145169781424     
  2.000000000000000E-003   1.22261500000000      -0.147285237345243     
  2.000000000000000E-003   1.52776875000000      -0.110417665345307     
  2.000000000000000E-003   1.83292250000000      -8.478202325850748E-002
  2.000000000000000E-003   2.13807625000000      -6.785355939961818E-002
  2.000000000000000E-003   2.44323000000000      -5.703970693807398E-002
  2.000000000000000E-003   2.74838375000000      -5.103339557337596E-002
  2.000000000000000E-003   3.05353750000000      -4.783042258637242E-002
  2.000000000000000E-003   3.35869125000000      -4.345155175518160E-002
  2.000000000000000E-003   3.66384500000000      -3.879390497764673E-002
  2.000000000000000E-003   3.96899875000000      -3.411384006164450E-002
  2.000000000000000E-003   4.27415250000000      -3.002982021505018E-002
  2.000000000000000E-003   4.57930625000000      -2.847598607546122E-002
  2.000000000000000E-003   4.88446000000000      -2.730507322401790E-002
  2.000000000000000E-003   5.18961375000000      -2.544347555767946E-002
  2.000000000000000E-003   5.49476750000000      -2.274133855638646E-002
  2.000000000000000E-003   5.79992125000000      -1.887460764978111E-002
  2.000000000000000E-003   6.10507500000000      -1.368059594863408E-002
  2.000000000000000E-003   6.41022875000000      -7.378646055860933E-003
  2.000000000000000E-003   6.71538250000000      -1.837723910840548E-003
  2.000000000000000E-003   7.02053625000000      -3.795378459882724E-003
  2.000000000000000E-003   7.32569000000000      -1.159603122052204E-002
  0.307153750000000       2.000000000000000E-003 -0.242882478850077     
  0.307153750000000       0.307153750000000      -0.188534110181727     
  0.307153750000000       0.612307500000000      -0.190061016457937     
  0.307153750000000       0.917461250000000      -0.169397644163775     
  0.307153750000000        1.22261500000000      -0.135415863884008     
  0.307153750000000        1.52776875000000      -0.104995689132911     
  0.307153750000000        1.83292250000000      -8.223564261978004E-002
  0.307153750000000        2.13807625000000      -6.656398086659300E-002
  0.307153750000000        2.44323000000000      -5.622382017130077E-002
  0.307153750000000        2.74838375000000      -5.011972461475426E-002
  0.307153750000000        3.05353750000000      -4.663603315879256E-002
  0.307153750000000        3.35869125000000      -4.261838131833463E-002
  0.307153750000000        3.66384500000000      -3.770493360513946E-002
  0.307153750000000        3.96899875000000      -3.351594136999587E-002
  0.307153750000000        4.27415250000000      -3.042241538882120E-002
  0.307153750000000        4.57930625000000      -2.887369509266245E-002
  0.307153750000000        4.88446000000000      -2.752970482858414E-002
  0.307153750000000        5.18961375000000      -2.558332684254239E-002
  0.307153750000000        5.49476750000000      -2.293308329076885E-002
  0.307153750000000        5.79992125000000      -1.933644360779029E-002
  0.307153750000000        6.10507500000000      -1.485658028157902E-002
  0.307153750000000        6.41022875000000      -1.028148667835355E-002
  0.307153750000000        6.71538250000000      -8.226745517935286E-003
  0.307153750000000        7.02053625000000      -1.114111794802856E-002
  0.307153750000000        7.32569000000000      -8.619813044298257E-003
  0.612307500000000       2.000000000000000E-003 -0.245883000041840     
  0.612307500000000       0.307153750000000      -0.190133660802975     
  0.612307500000000       0.612307500000000      -0.146898760901385     
  0.612307500000000       0.917461250000000      -0.130932194854079     
  0.612307500000000        1.22261500000000      -0.112728580773189     
  0.612307500000000        1.52776875000000      -9.310389014532780E-002
  0.612307500000000        1.83292250000000      -7.616030743752325E-002
  0.612307500000000        2.13807625000000      -6.333732846821628E-002
  0.612307500000000        2.44323000000000      -5.425816558735328E-002
  0.612307500000000        2.74838375000000      -4.821878450074847E-002
  0.612307500000000        3.05353750000000      -4.441623615532721E-002
  0.612307500000000        3.35869125000000      -4.092673607186593E-002
  0.612307500000000        3.66384500000000      -3.703277408621918E-002
  0.612307500000000        3.96899875000000      -3.364238273203878E-002
  0.612307500000000        4.27415250000000      -3.126665452217316E-002
  0.612307500000000        4.57930625000000      -2.959924157420961E-002
  0.612307500000000        4.88446000000000      -2.791832382730580E-002
  0.612307500000000        5.18961375000000      -2.583328490139208E-002
  0.612307500000000        5.49476750000000      -2.329607913418682E-002
  0.612307500000000        5.79992125000000      -2.025270163394587E-002
  0.612307500000000        6.10507500000000      -1.701645966186126E-002
  0.612307500000000        6.41022875000000      -1.446098279084728E-002
  0.612307500000000        6.71538250000000      -1.354820517061487E-002
  0.612307500000000        7.02053625000000      -1.195536220620094E-002
  0.612307500000000        7.32569000000000      -7.695312364511105E-003
  0.917461250000000       2.000000000000000E-003 -0.196326663850807     
  0.917461250000000       0.307153750000000      -0.169556875011858     
  0.917461250000000       0.612307500000000      -0.131021811887581     
  0.917461250000000       0.917461250000000      -0.109222054980544     
  0.917461250000000        1.22261500000000      -9.462325143034808E-002
  0.917461250000000        1.52776875000000      -8.125659653523515E-002
  0.917461250000000        1.83292250000000      -6.914339229258708E-002
  0.917461250000000        2.13807625000000      -5.915248748348404E-002
  0.917461250000000        2.44323000000000      -5.155396361515419E-002
  0.917461250000000        2.74838375000000      -4.608542508343221E-002
  0.917461250000000        3.05353750000000      -4.228928992804205E-002
  0.917461250000000        3.35869125000000      -3.930423036641464E-002
  0.917461250000000        3.66384500000000      -3.648944146623651E-002
  0.917461250000000        3.96899875000000      -3.395942971704920E-002
  0.917461250000000        4.27415250000000      -3.187068616816351E-002
  0.917461250000000        4.57930625000000      -3.001826324197534E-002
  0.917461250000000        4.88446000000000      -2.807500998818693E-002
  0.917461250000000        5.18961375000000      -2.587660677201409E-002
  0.917461250000000        5.49476750000000      -2.341144574106147E-002
  0.917461250000000        5.79992125000000      -2.078687606521818E-002
  0.917461250000000        6.10507500000000      -1.827655433839545E-002
  0.917461250000000        6.41022875000000      -1.627439896291084E-002
  0.917461250000000        6.71538250000000      -1.460967794853217E-002
  0.917461250000000        7.02053625000000      -1.207400121381558E-002
  0.917461250000000        7.32569000000000      -9.481628284409658E-003
   1.22261500000000       2.000000000000000E-003 -0.147539960073178     
   1.22261500000000       0.307153750000000      -0.135647781853775     
   1.22261500000000       0.612307500000000      -0.112896491357406     
   1.22261500000000       0.917461250000000      -9.470684377721178E-002
   1.22261500000000        1.22261500000000      -8.199517485194519E-002
   1.22261500000000        1.52776875000000      -7.169363726315681E-002
   1.22261500000000        1.83292250000000      -6.257540465833447E-002
   1.22261500000000        2.13807625000000      -5.474924232208955E-002
   1.22261500000000        2.44323000000000      -4.850638464769164E-002
   1.22261500000000        2.74838375000000      -4.380273573911152E-002
   1.22261500000000        3.05353750000000      -4.034620129858108E-002
   1.22261500000000        3.35869125000000      -3.771783925100382E-002
   1.22261500000000        3.66384500000000      -3.550603276981933E-002
   1.22261500000000        3.96899875000000      -3.349557504502117E-002
   1.22261500000000        4.27415250000000      -3.160694284628712E-002
   1.22261500000000        4.57930625000000      -2.972669579239143E-002
   1.22261500000000        4.88446000000000      -2.769501242539101E-002
   1.22261500000000        5.18961375000000      -2.543091287447216E-002
   1.22261500000000        5.49476750000000      -2.299133923727593E-002
   1.22261500000000        5.79992125000000      -2.055917962448226E-002
   1.22261500000000        6.10507500000000      -1.833920680022261E-002
   1.22261500000000        6.41022875000000      -1.644886554390799E-002
   1.22261500000000        6.71538250000000      -1.467013953562977E-002
   1.22261500000000        7.02053625000000      -1.269252626096299E-002
   1.22261500000000        7.32569000000000      -1.103872457400115E-002
   1.52776875000000       2.000000000000000E-003 -0.110717473278480     
   1.52776875000000       0.307153750000000      -0.105273450312525     
   1.52776875000000       0.612307500000000      -9.332577016031837E-002
   1.52776875000000       0.917461250000000      -8.140288876521351E-002
   1.52776875000000        1.22261500000000      -7.176162275706674E-002
   1.52776875000000        1.52776875000000      -6.373570676753199E-002
   1.52776875000000        1.83292250000000      -5.662680419947338E-002
   1.52776875000000        2.13807625000000      -5.045583978229727E-002
   1.52776875000000        2.44323000000000      -4.536016823279196E-002
   1.52776875000000        2.74838375000000      -4.135131491110589E-002
   1.52776875000000        3.05353750000000      -3.828371219222267E-002
   1.52776875000000        3.35869125000000      -3.591046865863853E-002
   1.52776875000000        3.66384500000000      -3.396472673009146E-002
   1.52776875000000        3.96899875000000      -3.222471870853205E-002
   1.52776875000000        4.27415250000000      -3.051945725674302E-002
   1.52776875000000        4.57930625000000      -2.870031333946939E-002
   1.52776875000000        4.88446000000000      -2.665831509961160E-002
   1.52776875000000        5.18961375000000      -2.437948643282095E-002
   1.52776875000000        5.49476750000000      -2.197151549846616E-002
   1.52776875000000        5.79992125000000      -1.963068470004680E-002
   1.52776875000000        6.10507500000000      -1.755979302724681E-002
   1.52776875000000        6.41022875000000      -1.581797849196066E-002
   1.52776875000000        6.71538250000000      -1.429333335127429E-002
   1.52776875000000        7.02053625000000      -1.287965461200372E-002
   1.52776875000000        7.32569000000000      -1.171227900611179E-002
   1.83292250000000       2.000000000000000E-003 -8.509511444250561E-002
   1.83292250000000       0.307153750000000      -8.252821381620254E-002
   1.83292250000000       0.612307500000000      -7.640437530373856E-002
   1.83292250000000       0.917461250000000      -6.932322508578505E-002
   1.83292250000000        1.22261500000000      -6.268880113821848E-002
   1.83292250000000        1.52776875000000      -5.667880187823884E-002
   1.83292250000000        1.83292250000000      -5.123201609317705E-002
   1.83292250000000        2.13807625000000      -4.638799345117744E-002
   1.83292250000000        2.44323000000000      -4.223318894050832E-002
   1.83292250000000        2.74838375000000      -3.880558090159019E-002
   1.83292250000000        3.05353750000000      -3.605673326144084E-002
   1.83292250000000        3.35869125000000      -3.386148450358442E-002
   1.83292250000000        3.66384500000000      -3.204796321586433E-002
   1.83292250000000        3.96899875000000      -3.042681029757357E-002
   1.83292250000000        4.27415250000000      -2.881188948912675E-002
   1.83292250000000        4.57930625000000      -2.704451117866292E-002
   1.83292250000000        4.88446000000000      -2.503428505297213E-002
   1.83292250000000        5.18961375000000      -2.280001921136946E-002
   1.83292250000000        5.49476750000000      -2.047403388283235E-002
   1.83292250000000        5.79992125000000      -1.825230420056329E-002
   1.83292250000000        6.10507500000000      -1.630948852764021E-002
   1.83292250000000        6.41022875000000      -1.472440852266990E-002
   1.83292250000000        6.71538250000000      -1.345961752573675E-002
   1.83292250000000        7.02053625000000      -1.242494641213627E-002
   1.83292250000000        7.32569000000000      -1.158374513944359E-002
   2.13807625000000       2.000000000000000E-003 -6.815252628670812E-002
   2.13807625000000       0.307153750000000      -6.684270965137130E-002
   2.13807625000000       0.612307500000000      -6.357699886884645E-002
   2.13807625000000       0.917461250000000      -5.934329521923130E-002
   2.13807625000000        1.22261500000000      -5.488752054300635E-002
   2.13807625000000        1.52776875000000      -5.054203391328975E-002
   2.13807625000000        1.83292250000000      -4.642669985571707E-002
   2.13807625000000        2.13807625000000      -4.261862157089533E-002
   2.13807625000000        2.44323000000000      -3.919544950175279E-002
   2.13807625000000        2.74838375000000      -3.621775852941449E-002
   2.13807625000000        3.05353750000000      -3.370394607716515E-002
   2.13807625000000        3.35869125000000      -3.161524721750438E-002
   2.13807625000000        3.66384500000000      -2.985306697434810E-002
   2.13807625000000        3.96899875000000      -2.826954423243902E-002
   2.13807625000000        4.27415250000000      -2.669406940479916E-002
   2.13807625000000        4.57930625000000      -2.497690831006061E-002
   2.13807625000000        4.88446000000000      -2.304139338622569E-002
   2.13807625000000        5.18961375000000      -2.092003211065596E-002
   2.13807625000000        5.49476750000000      -1.874686433267552E-002
   2.13807625000000        5.79992125000000      -1.670026675329650E-002
   2.13807625000000        6.10507500000000      -1.492318066447025E-002
   2.13807625000000        6.41022875000000      -1.347078127638703E-002
   2.13807625000000        6.71538250000000      -1.232742068218220E-002
   2.13807625000000        7.02053625000000      -1.147189606166632E-002
   2.13807625000000        7.32569000000000      -1.088367944067102E-002
   2.44323000000000       2.000000000000000E-003 -5.732817919107790E-002
   2.44323000000000       0.307153750000000      -5.648635386408868E-002
   2.44323000000000       0.612307500000000      -5.448000453202126E-002
   2.44323000000000       0.917461250000000      -5.173554404000028E-002
   2.44323000000000        1.22261500000000      -4.864861031804033E-002
   2.44323000000000        1.52776875000000      -4.546214535181212E-002
   2.44323000000000        1.83292250000000      -4.229557480078697E-002
   2.44323000000000        2.13807625000000      -3.922263769651003E-002
   2.44323000000000        2.44323000000000      -3.631723259498917E-002
   2.44323000000000        2.74838375000000      -3.365788339666502E-002
   2.44323000000000        3.05353750000000      -3.130702866600319E-002
   2.44323000000000        3.35869125000000      -2.928271310608626E-002
   2.44323000000000        3.66384500000000      -2.753885606737227E-002
   2.44323000000000        3.96899875000000      -2.596638123909645E-002
   2.44323000000000        4.27415250000000      -2.442134811098179E-002
   2.44323000000000        4.57930625000000      -2.277450664657765E-002
   2.44323000000000        4.88446000000000      -2.096438114392593E-002
   2.44323000000000        5.18961375000000      -1.902701451616015E-002
   2.44323000000000        5.49476750000000      -1.708051372362437E-002
   2.44323000000000        5.79992125000000      -1.526551511306873E-002
   2.44323000000000        6.10507500000000      -1.366898202676997E-002
   2.44323000000000        6.41022875000000      -1.228394052207729E-002
   2.44323000000000        6.71538250000000      -1.107561585677978E-002
   2.44323000000000        7.02053625000000      -1.016231997850665E-002
   2.44323000000000        7.32569000000000      -9.791217110396370E-003
   2.74838375000000       2.000000000000000E-003 -5.129047928883068E-002
   2.74838375000000       0.307153750000000      -5.034461114979116E-002
   2.74838375000000       0.612307500000000      -4.840739422720945E-002
   2.74838375000000       0.917461250000000      -4.624322666944893E-002
   2.74838375000000        1.22261500000000      -4.393402918795190E-002
   2.74838375000000        1.52776875000000      -4.145511742369251E-002
   2.74838375000000        1.83292250000000      -3.887874128163204E-002
   2.74838375000000        2.13807625000000      -3.626059639792461E-002
   2.74838375000000        2.44323000000000      -3.367526629181933E-002
   2.74838375000000        2.74838375000000      -3.121726850979254E-002
   2.74838375000000        3.05353750000000      -2.897579424464007E-002
   2.74838375000000        3.35869125000000      -2.700045988549154E-002
   2.74838375000000        3.66384500000000      -2.527695440779968E-002
   2.74838375000000        3.96899875000000      -2.372594060920034E-002
   2.74838375000000        4.27415250000000      -2.223103175153116E-002
   2.74838375000000        4.57930625000000      -2.068856327542713E-002
   2.74838375000000        4.88446000000000      -1.905505863574728E-002
   2.74838375000000        5.18961375000000      -1.736635243688002E-002
   2.74838375000000        5.49476750000000      -1.571552633790015E-002
   2.74838375000000        5.79992125000000      -1.419280472347882E-002
   2.74838375000000        6.10507500000000      -1.280083986181992E-002
   2.74838375000000        6.41022875000000      -1.137467902315782E-002
   2.74838375000000        6.71538250000000      -9.866896922207352E-003
   2.74838375000000        7.02053625000000      -8.745660237523578E-003
   2.74838375000000        7.32569000000000      -8.538909806275674E-003
   3.05353750000000       2.000000000000000E-003 -4.803714835046675E-002
   3.05353750000000       0.307153750000000      -4.679876110034324E-002
   3.05353750000000       0.612307500000000      -4.455322103225390E-002
   3.05353750000000       0.917461250000000      -4.242086088349828E-002
   3.05353750000000        1.22261500000000      -4.046608503487315E-002
   3.05353750000000        1.52776875000000      -3.838493360164640E-002
   3.05353750000000        1.83292250000000      -3.613326807456201E-002
   3.05353750000000        2.13807625000000      -3.375350138810589E-002
   3.05353750000000        2.44323000000000      -3.133258479457259E-002
   3.05353750000000        2.74838375000000      -2.898437796521392E-002
   3.05353750000000        3.05353750000000      -2.681439170560758E-002
   3.05353750000000        3.35869125000000      -2.488516380322221E-002
   3.05353750000000        3.66384500000000      -2.319803145388917E-002
   3.05353750000000        3.96899875000000      -2.169400689321991E-002
   3.05353750000000        4.27415250000000      -2.027926477622917E-002
   3.05353750000000        4.57930625000000      -1.887515718230801E-002
   3.05353750000000        4.88446000000000      -1.745816935987033E-002
   3.05353750000000        5.18961375000000      -1.606515315779325E-002
   3.05353750000000        5.49476750000000      -1.476656227553590E-002
   3.05353750000000        5.79992125000000      -1.361266700832722E-002
   3.05353750000000        6.10507500000000      -1.253766935992326E-002
   3.05353750000000        6.41022875000000      -1.127713020476036E-002
   3.05353750000000        6.71538250000000      -9.729903341841230E-003
   3.05353750000000        7.02053625000000      -8.180549741103877E-003
   3.05353750000000        7.32569000000000      -7.911469851729476E-003
   3.35869125000000       2.000000000000000E-003 -4.362194112149378E-002
   3.35869125000000       0.307153750000000      -4.273673143629764E-002
   3.35869125000000       0.612307500000000      -4.104883597026147E-002
   3.35869125000000       0.917461250000000      -3.944016287342592E-002
   3.35869125000000        1.22261500000000      -3.784484707546230E-002
   3.35869125000000        1.52776875000000      -3.601506489024290E-002
   3.35869125000000        1.83292250000000      -3.394001607970450E-002
   3.35869125000000        2.13807625000000      -3.166628042223676E-002
   3.35869125000000        2.44323000000000      -2.930954698012852E-002
   3.35869125000000        2.74838375000000      -2.701031687267837E-002
   3.35869125000000        3.05353750000000      -2.488650722881103E-002
   3.35869125000000        3.35869125000000      -2.300266023597723E-002
   3.35869125000000        3.66384500000000      -2.136596773417622E-002
   3.35869125000000        3.96899875000000      -1.993146812377706E-002
   3.35869125000000        4.27415250000000      -1.862032766256481E-002
   3.35869125000000        4.57930625000000      -1.737459382304632E-002
   3.35869125000000        4.88446000000000      -1.619060377160048E-002
   3.35869125000000        5.18961375000000      -1.510889989846781E-002
   3.35869125000000        5.49476750000000      -1.418771205339196E-002
   3.35869125000000        5.79992125000000      -1.347380456132224E-002
   3.35869125000000        6.10507500000000      -1.295666276461357E-002
   3.35869125000000        6.41022875000000      -1.246811222027057E-002
   3.35869125000000        6.71538250000000      -1.150013423108440E-002
   3.35869125000000        7.02053625000000      -9.705431921655740E-003
   3.35869125000000        7.32569000000000      -9.092392538779116E-003
   3.66384500000000       2.000000000000000E-003 -3.890198271893864E-002
   3.66384500000000       0.307153750000000      -3.790054300307458E-002
   3.66384500000000       0.612307500000000      -3.726305166703796E-002
   3.66384500000000       0.917461250000000      -3.669646492769783E-002
   3.66384500000000        1.22261500000000      -3.566788400973046E-002
   3.66384500000000        1.52776875000000      -3.408234744959678E-002
   3.66384500000000        1.83292250000000      -3.212989570241011E-002
   3.66384500000000        2.13807625000000      -2.990301279699243E-002
   3.66384500000000        2.44323000000000      -2.756262037739430E-002
   3.66384500000000        2.74838375000000      -2.528307619978264E-002
   3.66384500000000        3.05353750000000      -2.319556554983128E-002
   3.66384500000000        3.35869125000000      -2.136222116220291E-002
   3.66384500000000        3.66384500000000      -1.978777784848827E-002
   3.66384500000000        3.96899875000000      -1.843338744361420E-002
   3.66384500000000        4.27415250000000      -1.723106007189393E-002
   3.66384500000000        4.57930625000000      -1.614065145328025E-002
   3.66384500000000        4.88446000000000      -1.517483937080280E-002
   3.66384500000000        5.18961375000000      -1.437692591875245E-002
   3.66384500000000        5.49476750000000      -1.379872051195868E-002
   3.66384500000000        5.79992125000000      -1.350812619223031E-002
   3.66384500000000        6.10507500000000      -1.365740020771895E-002
   3.66384500000000        6.41022875000000      -1.418407140786182E-002
   3.66384500000000        6.71538250000000      -1.441344365461491E-002
   3.66384500000000        7.02053625000000      -1.304014481653424E-002
   3.66384500000000        7.32569000000000      -1.080714048960388E-002
   3.96899875000000       2.000000000000000E-003 -3.463477897739160E-002
   3.96899875000000       0.307153750000000      -3.405024624212570E-002
   3.96899875000000       0.612307500000000      -3.407983126239365E-002
   3.96899875000000       0.917461250000000      -3.426995391774677E-002
   3.96899875000000        1.22261500000000      -3.369946127367845E-002
   3.96899875000000        1.52776875000000      -3.235693407171232E-002
   3.96899875000000        1.83292250000000      -3.051125237078943E-002
   3.96899875000000        2.13807625000000      -2.831620793222999E-002
   3.96899875000000        2.44323000000000      -2.598411963104141E-002
   3.96899875000000        2.74838375000000      -2.372477698919016E-002
   3.96899875000000        3.05353750000000      -2.168370335773590E-002
   3.96899875000000        3.35869125000000      -1.991972824769499E-002
   3.96899875000000        3.66384500000000      -1.842548204796592E-002
   3.96899875000000        3.96899875000000      -1.715569545605634E-002
   3.96899875000000        4.27415250000000      -1.605378504062507E-002
   3.96899875000000        4.57930625000000      -1.509617076081174E-002
   3.96899875000000        4.88446000000000      -1.430467774591727E-002
   3.96899875000000        5.18961375000000      -1.371975218184580E-002
   3.96899875000000        5.49476750000000      -1.338091632954342E-002
   3.96899875000000        5.79992125000000      -1.335185610464734E-002
   3.96899875000000        6.10507500000000      -1.383982848880224E-002
   3.96899875000000        6.41022875000000      -1.484200838960690E-002
   3.96899875000000        6.71538250000000      -1.550426703792654E-002
   3.96899875000000        7.02053625000000      -1.410955759012598E-002
   3.96899875000000        7.32569000000000      -1.009702869713834E-002
   4.27415250000000       2.000000000000000E-003 -3.077980384574587E-002
   4.27415250000000       0.307153750000000      -3.112353067113468E-002
   4.27415250000000       0.612307500000000      -3.179708331752991E-002
   4.27415250000000       0.917461250000000      -3.222251170016932E-002
   4.27415250000000        1.22261500000000      -3.182214245083512E-002
   4.27415250000000        1.52776875000000      -3.065414774049732E-002
   4.27415250000000        1.83292250000000      -2.889272297785955E-002
   4.27415250000000        2.13807625000000      -2.673362184291202E-002
   4.27415250000000        2.44323000000000      -2.442969371919301E-002
   4.27415250000000        2.74838375000000      -2.221856961272004E-002
   4.27415250000000        3.05353750000000      -2.025608498618384E-002
   4.27415250000000        3.35869125000000      -1.859490878492718E-002
   4.27415250000000        3.66384500000000      -1.720973447271460E-002
   4.27415250000000        3.96899875000000      -1.604120509528870E-002
   4.27415250000000        4.27415250000000      -1.503748652153743E-002
   4.27415250000000        4.57930625000000      -1.418467273102806E-002
   4.27415250000000        4.88446000000000      -1.350666943750192E-002
   4.27415250000000        5.18961375000000      -1.303716110556957E-002
   4.27415250000000        5.49476750000000      -1.279707236659634E-002
   4.27415250000000        5.79992125000000      -1.280772238585117E-002
   4.27415250000000        6.10507500000000      -1.315230904782584E-002
   4.27415250000000        6.41022875000000      -1.385888767866599E-002
   4.27415250000000        6.71538250000000      -1.400375397950216E-002
   4.27415250000000        7.02053625000000      -1.238483665984329E-002
   4.27415250000000        7.32569000000000      -9.064044417219187E-003
   4.57930625000000       2.000000000000000E-003 -2.908977151856971E-002
   4.57930625000000       0.307153750000000      -2.944861391379937E-002
   4.57930625000000       0.612307500000000      -3.004185971266818E-002
   4.57930625000000       0.917461250000000      -3.031191541761723E-002
   4.57930625000000        1.22261500000000      -2.991324607563512E-002
   4.57930625000000        1.52776875000000      -2.881810847636468E-002
   4.57930625000000        1.83292250000000      -2.711166479805396E-002
   4.57930625000000        2.13807625000000      -2.500321546385026E-002
   4.57930625000000        2.44323000000000      -2.276807229676578E-002
   4.57930625000000        2.74838375000000      -2.065831557925109E-002
   4.57930625000000        3.05353750000000      -1.883100895583568E-002
   4.57930625000000        3.35869125000000      -1.732652786495912E-002
   4.57930625000000        3.66384500000000      -1.609752188334966E-002
   4.57930625000000        3.96899875000000      -1.506464972962888E-002
   4.57930625000000        4.27415250000000      -1.416855355076661E-002
   4.57930625000000        4.57930625000000      -1.339471550963170E-002
   4.57930625000000        4.88446000000000      -1.276604975004283E-002
   4.57930625000000        5.18961375000000      -1.231312400715069E-002
   4.57930625000000        5.49476750000000      -1.204458556153739E-002
   4.57930625000000        5.79992125000000      -1.193998161151312E-002
   4.57930625000000        6.10507500000000      -1.196112335906699E-002
   4.57930625000000        6.41022875000000      -1.202657183516043E-002
   4.57930625000000        6.71538250000000      -1.167115075971590E-002
   4.57930625000000        7.02053625000000      -1.022787914755002E-002
   4.57930625000000        7.32569000000000      -8.020727059287990E-003
   4.88446000000000       2.000000000000000E-003 -2.766403554204413E-002
   4.88446000000000       0.307153750000000      -2.786819462114859E-002
   4.88446000000000       0.612307500000000      -2.818605369347316E-002
   4.88446000000000       0.917461250000000      -2.826749423846870E-002
   4.88446000000000        1.22261500000000      -2.782690357062783E-002
   4.88446000000000        1.52776875000000      -2.674242977448128E-002
   4.88446000000000        1.83292250000000      -2.507735406958857E-002
   4.88446000000000        2.13807625000000      -2.304663669093546E-002
   4.88446000000000        2.44323000000000      -2.093502187666065E-002
   4.88446000000000        2.74838375000000      -1.899697195537910E-002
   4.88446000000000        3.05353750000000      -1.738104093238660E-002
   4.88446000000000        3.35869125000000      -1.610723048372860E-002
   4.88446000000000        3.66384500000000      -1.509864964715258E-002
   4.88446000000000        3.96899875000000      -1.424632883836088E-002
   4.88446000000000        4.27415250000000      -1.347117720982084E-002
   4.88446000000000        4.57930625000000      -1.275176870239423E-002
   4.88446000000000        4.88446000000000      -1.211422492857707E-002
   4.88446000000000        5.18961375000000      -1.159770806227610E-002
   4.88446000000000        5.49476750000000      -1.121572122531930E-002
   4.88446000000000        5.79992125000000      -1.093479000865151E-002
   4.88446000000000        6.10507500000000      -1.067357415133633E-002
   4.88446000000000        6.41022875000000      -1.030241843014253E-002
   4.88446000000000        6.71538250000000      -9.630296695667489E-003
   4.88446000000000        7.02053625000000      -8.487185176709678E-003
   4.88446000000000        7.32569000000000      -7.084732101946101E-003
   5.18961375000000       2.000000000000000E-003 -2.557613240516277E-002
   5.18961375000000       0.307153750000000      -2.571422664302376E-002
   5.18961375000000       0.612307500000000      -2.594820772680324E-002
   5.18961375000000       0.917461250000000      -2.596906646635523E-002
   5.18961375000000        1.22261500000000      -2.549904929659869E-002
   5.18961375000000        1.52776875000000      -2.442134142656842E-002
   5.18961375000000        1.83292250000000      -2.281156351405040E-002
   5.18961375000000        2.13807625000000      -2.089611785825406E-002
   5.18961375000000        2.44323000000000      -1.896434200876064E-002
   5.18961375000000        2.74838375000000      -1.726712548924324E-002
   5.18961375000000        3.05353750000000      -1.593956552481170E-002
   5.18961375000000        3.35869125000000      -1.497455044330273E-002
   5.18961375000000        3.66384500000000      -1.425439215119757E-002
   5.18961375000000        3.96899875000000      -1.362584835601491E-002
   5.18961375000000        4.27415250000000      -1.297927265393330E-002
   5.18961375000000        4.57930625000000      -1.228750859399405E-002
   5.18961375000000        4.88446000000000      -1.159227589704597E-002
   5.18961375000000        5.18961375000000      -1.095783777862346E-002
   5.18961375000000        5.49476750000000      -1.042086856820599E-002
   5.18961375000000        5.79992125000000      -9.960288994569447E-003
   5.18961375000000        6.10507500000000      -9.496176195564287E-003
   5.18961375000000        6.41022875000000      -8.915951238451280E-003
   5.18961375000000        6.71538250000000      -8.128881932669897E-003
   5.18961375000000        7.02053625000000      -7.154033074389129E-003
   5.18961375000000        7.32569000000000      -6.186444717636938E-003
   5.49476750000000       2.000000000000000E-003 -2.270754022478532E-002
   5.49476750000000       0.307153750000000      -2.290638654334991E-002
   5.49476750000000       0.612307500000000      -2.328470971680864E-002
   5.49476750000000       0.917461250000000      -2.341594801638037E-002
   5.49476750000000        1.22261500000000      -2.300110409263284E-002
   5.49476750000000        1.52776875000000      -2.197245106736870E-002
   5.49476750000000        1.83292250000000      -2.045167343528478E-002
   5.49476750000000        2.13807625000000      -1.868731412330797E-002
   5.49476750000000        2.44323000000000      -1.697360369231177E-002
   5.49476750000000        2.74838375000000      -1.555987738781561E-002
   5.49476750000000        3.05353750000000      -1.457400192832375E-002
   5.49476750000000        3.35869125000000      -1.398335451226414E-002
   5.49476750000000        3.66384500000000      -1.361396928133391E-002
   5.49476750000000        3.96899875000000      -1.324142615088246E-002
   5.49476750000000        4.27415250000000      -1.271309488130612E-002
   5.49476750000000        4.57930625000000      -1.200945634787653E-002
   5.49476750000000        4.88446000000000      -1.121146805550453E-002
   5.49476750000000        5.18961375000000      -1.042668093871563E-002
   5.49476750000000        5.49476750000000      -9.726204041756895E-003
   5.49476750000000        5.79992125000000      -9.110585256621893E-003
   5.49476750000000        6.10507500000000      -8.506783741050808E-003
   5.49476750000000        6.41022875000000      -7.797893743061394E-003
   5.49476750000000        6.71538250000000      -6.911883973196709E-003
   5.49476750000000        7.02053625000000      -5.953768286795359E-003
   5.49476750000000        7.32569000000000      -5.155725150540499E-003
   5.79992125000000       2.000000000000000E-003 -1.875047613989931E-002
   5.79992125000000       0.307153750000000      -1.922236218620536E-002
   5.79992125000000       0.612307500000000      -2.016644684498639E-002
   5.79992125000000       0.917461250000000      -2.073403172249787E-002
   5.79992125000000        1.22261500000000      -2.052963147033086E-002
   5.79992125000000        1.52776875000000      -1.960199291461300E-002
   5.79992125000000        1.83292250000000      -1.819988573868949E-002
   5.79992125000000        2.13807625000000      -1.660244570833200E-002
   5.79992125000000        2.44323000000000      -1.510536306632974E-002
   5.79992125000000        2.74838375000000      -1.396432147737594E-002
   5.79992125000000        3.05353750000000      -1.332886651457773E-002
   5.79992125000000        3.35869125000000      -1.317100842248266E-002
   5.79992125000000        3.66384500000000      -1.323662526159591E-002
   5.79992125000000        3.96899875000000      -1.315192849250568E-002
   5.79992125000000        4.27415250000000      -1.269148399522009E-002
   5.79992125000000        4.57930625000000      -1.189394226177548E-002
   5.79992125000000        4.88446000000000      -1.093281756074339E-002
   5.79992125000000        5.18961375000000      -9.975318032462857E-003
   5.79992125000000        5.49476750000000      -9.122603995784859E-003
   5.79992125000000        5.79992125000000      -8.391515918964551E-003
   5.79992125000000        6.10507500000000      -7.708327669624740E-003
   5.79992125000000        6.41022875000000      -6.942535397761801E-003
   5.79992125000000        6.71538250000000      -6.012972344943654E-003
   5.79992125000000        7.02053625000000      -5.029427600807389E-003
   5.79992125000000        7.32569000000000      -4.288819833371360E-003
   6.10507500000000       2.000000000000000E-003 -1.355736418359529E-002
   6.10507500000000       0.307153750000000      -1.473976784631910E-002
   6.10507500000000       0.612307500000000      -1.692485271047701E-002
   6.10507500000000       0.917461250000000      -1.821794125842676E-002
   6.10507500000000        1.22261500000000      -1.830366710446026E-002
   6.10507500000000        1.52776875000000      -1.752174349729732E-002
   6.10507500000000        1.83292250000000      -1.623736864647261E-002
   6.10507500000000        2.13807625000000      -1.479070297599433E-002
   6.10507500000000        2.44323000000000      -1.345157879635586E-002
   6.10507500000000        2.74838375000000      -1.248129509580816E-002
   6.10507500000000        3.05353750000000      -1.212125112502520E-002
   6.10507500000000        3.35869125000000      -1.249500840722306E-002
   6.10507500000000        3.66384500000000      -1.324688168814257E-002
   6.10507500000000        3.96899875000000      -1.355210944745231E-002
   6.10507500000000        4.27415250000000      -1.299471123390437E-002
   6.10507500000000        4.57930625000000      -1.189959659579471E-002
   6.10507500000000        4.88446000000000      -1.066865224644093E-002
   6.10507500000000        5.18961375000000      -9.514919922225541E-003
   6.10507500000000        5.49476750000000      -8.526669625119603E-003
   6.10507500000000        5.79992125000000      -7.718668912072193E-003
   6.10507500000000        6.10507500000000      -7.049272880700166E-003
   6.10507500000000        6.41022875000000      -6.357581721046989E-003
   6.10507500000000        6.71538250000000      -5.459678618458468E-003
   6.10507500000000        7.02053625000000      -4.398506099518548E-003
   6.10507500000000        7.32569000000000      -3.659917470055028E-003
   6.41022875000000       2.000000000000000E-003 -7.364344593853319E-003
   6.41022875000000       0.307153750000000      -1.025436107673037E-002
   6.41022875000000       0.612307500000000      -1.442426889196243E-002
   6.41022875000000       0.917461250000000      -1.624872196513183E-002
   6.41022875000000        1.22261500000000      -1.643358829973892E-002
   6.41022875000000        1.52776875000000      -1.578958203340168E-002
   6.41022875000000        1.83292250000000      -1.464797407113779E-002
   6.41022875000000        2.13807625000000      -1.331599073123705E-002
   6.41022875000000        2.44323000000000      -1.201582331686206E-002
   6.41022875000000        2.74838375000000      -1.094535095044548E-002
   6.41022875000000        3.05353750000000      -1.067297664271405E-002
   6.41022875000000        3.35869125000000      -1.179255401769632E-002
   6.41022875000000        3.66384500000000      -1.360599639343838E-002
   6.41022875000000        3.96899875000000      -1.446097994934487E-002
   6.41022875000000        4.27415250000000      -1.365943789794002E-002
   6.41022875000000        4.57930625000000      -1.194601224966307E-002
   6.41022875000000        4.88446000000000      -1.028490036613556E-002
   6.41022875000000        5.18961375000000      -8.926148412143434E-003
   6.41022875000000        5.49476750000000      -7.813835619632850E-003
   6.41022875000000        5.79992125000000      -6.951871589147448E-003
   6.41022875000000        6.10507500000000      -6.357251175530243E-003
   6.41022875000000        6.41022875000000      -5.865564767171209E-003
   6.41022875000000        6.71538250000000      -5.172687853771354E-003
   6.41022875000000        7.02053625000000      -4.073565493315252E-003
   6.41022875000000        7.32569000000000      -3.310102113564199E-003
   6.71538250000000       2.000000000000000E-003 -2.011367180774441E-003
   6.71538250000000       0.307153750000000      -8.333373117883264E-003
   6.71538250000000       0.612307500000000      -1.357154583253672E-002
   6.71538250000000       0.917461250000000      -1.461806564201590E-002
   6.71538250000000        1.22261500000000      -1.467916091980004E-002
   6.71538250000000        1.52776875000000      -1.428177534540012E-002
   6.71538250000000        1.83292250000000      -1.339428078594111E-002
   6.71538250000000        2.13807625000000      -1.217344698940749E-002
   6.71538250000000        2.44323000000000      -1.078612651760186E-002
   6.71538250000000        2.74838375000000      -9.361304309169205E-003
   6.71538250000000        3.05353750000000      -8.997385355228232E-003
   6.71538250000000        3.35869125000000      -1.067692999016507E-002
   6.71538250000000        3.66384500000000      -1.376295243430292E-002
   6.71538250000000        3.96899875000000      -1.511603532569456E-002
   6.71538250000000        4.27415250000000      -1.379559731888797E-002
   6.71538250000000        4.57930625000000      -1.157004559573192E-002
   6.71538250000000        4.88446000000000      -9.588261188677564E-003
   6.71538250000000        5.18961375000000      -8.115574556401217E-003
   6.71538250000000        5.49476750000000      -6.908554906882167E-003
   6.71538250000000        5.79992125000000      -6.005798077110916E-003
   6.71538250000000        6.10507500000000      -5.444923504060289E-003
   6.71538250000000        6.41022875000000      -5.158408708311780E-003
   6.71538250000000        6.71538250000000      -4.913865966805875E-003
   6.71538250000000        7.02053625000000      -4.075017935850743E-003
   6.71538250000000        7.32569000000000      -3.247487785054351E-003
   7.02053625000000       2.000000000000000E-003 -3.990454942175439E-003
   7.02053625000000       0.307153750000000      -1.124307520894791E-002
   7.02053625000000       0.612307500000000      -1.194999221829279E-002
   7.02053625000000       0.917461250000000      -1.207902580582736E-002
   7.02053625000000        1.22261500000000      -1.271057927967128E-002
   7.02053625000000        1.52776875000000      -1.288163943717058E-002
   7.02053625000000        1.83292250000000      -1.238097726215328E-002
   7.02053625000000        2.13807625000000      -1.135100062817710E-002
   7.02053625000000        2.44323000000000      -9.917933597279967E-003
   7.02053625000000        2.74838375000000      -8.313302712234997E-003
   7.02053625000000        3.05353750000000      -7.544255785254653E-003
   7.02053625000000        3.35869125000000      -9.009194659082660E-003
   7.02053625000000        3.66384500000000      -1.261391316334664E-002
   7.02053625000000        3.96899875000000      -1.386267066910094E-002
   7.02053625000000        4.27415250000000      -1.219432379888652E-002
   7.02053625000000        4.57930625000000      -1.009639314489073E-002
   7.02053625000000        4.88446000000000      -8.406764017754966E-003
   7.02053625000000        5.18961375000000      -7.104828441791671E-003
   7.02053625000000        5.49476750000000      -5.918580205455415E-003
   7.02053625000000        5.79992125000000      -4.996406692408115E-003
   7.02053625000000        6.10507500000000      -4.364772095995272E-003
   7.02053625000000        6.41022875000000      -4.045162893333180E-003
   7.02053625000000        6.71538250000000      -4.060104720014191E-003
   7.02053625000000        7.02053625000000      -4.210848463273567E-003
   7.02053625000000        7.32569000000000      -3.310297353218819E-003
   7.32569000000000       2.000000000000000E-003 -1.162786772940134E-002
   7.32569000000000       0.307153750000000      -8.586783011162669E-003
   7.32569000000000       0.612307500000000      -7.639045074257302E-003
   7.32569000000000       0.917461250000000      -9.472117095124563E-003
   7.32569000000000        1.22261500000000      -1.105494549958293E-002
   7.32569000000000        1.52776875000000      -1.172377785681568E-002
   7.32569000000000        1.83292250000000      -1.156836268964292E-002
   7.32569000000000        2.13807625000000      -1.082570074025174E-002
   7.32569000000000        2.44323000000000      -9.674151818987512E-003
   7.32569000000000        2.74838375000000      -8.356071994017032E-003
   7.32569000000000        3.05353750000000      -7.690256449360448E-003
   7.32569000000000        3.35869125000000      -8.914193951941176E-003
   7.32569000000000        3.66384500000000      -1.073133964363194E-002
   7.32569000000000        3.96899875000000      -9.934863204128050E-003
   7.32569000000000        4.27415250000000      -8.865806908206974E-003
   7.32569000000000        4.57930625000000      -7.850750016564295E-003
   7.32569000000000        4.88446000000000      -6.960622683764562E-003
   7.32569000000000        5.18961375000000      -6.098475419170860E-003
   7.32569000000000        5.49476750000000      -5.086620771968206E-003
   7.32569000000000        5.79992125000000      -4.231955720209433E-003
   7.32569000000000        6.10507500000000      -3.616106596860996E-003
   7.32569000000000        6.41022875000000      -3.286047994015241E-003
   7.32569000000000        6.71538250000000      -3.246945123263131E-003
   7.32569000000000        7.02053625000000      -3.299319874530451E-003
   7.32569000000000        7.32569000000000      -4.086784396535799E-003
