  2.000000000000000E-003  2.000000000000000E-003 -0.559854335599904     
  2.000000000000000E-003  0.307153750000000      -0.556779527434960     
  2.000000000000000E-003  0.612307500000000      -0.500451663517777     
  2.000000000000000E-003  0.917461250000000      -0.429071163607747     
  2.000000000000000E-003   1.22261500000000      -0.370907221987780     
  2.000000000000000E-003   1.52776875000000      -0.326034255342169     
  2.000000000000000E-003   1.83292250000000      -0.290486765846598     
  2.000000000000000E-003   2.13807625000000      -0.261334063981148     
  2.000000000000000E-003   2.44323000000000      -0.236311229718562     
  2.000000000000000E-003   2.74838375000000      -0.215120640526155     
  2.000000000000000E-003   3.05353750000000      -0.198949998772821     
  2.000000000000000E-003   3.35869125000000      -0.189756205643559     
  2.000000000000000E-003   3.66384500000000      -0.184677806545230     
  2.000000000000000E-003   3.96899875000000      -0.163216150810182     
  2.000000000000000E-003   4.27415250000000      -0.145864995263486     
  2.000000000000000E-003   4.57930625000000      -0.133083326740952     
  2.000000000000000E-003   4.88446000000000      -0.124296776715973     
  2.000000000000000E-003   5.18961375000000      -0.118396115829109     
  2.000000000000000E-003   5.49476750000000      -0.114476441451548     
  2.000000000000000E-003   5.79992125000000      -0.112673926434284     
  2.000000000000000E-003   6.10507500000000      -0.112182340919897     
  2.000000000000000E-003   6.41022875000000      -0.111471308907886     
  2.000000000000000E-003   6.71538250000000      -0.108890094779702     
  2.000000000000000E-003   7.02053625000000      -0.105737609130369     
  2.000000000000000E-003   7.32569000000000      -9.994918289746563E-002
  0.307153750000000       2.000000000000000E-003 -0.537701836256930     
  0.307153750000000       0.307153750000000      -0.532233008023630     
  0.307153750000000       0.612307500000000      -0.503829833593046     
  0.307153750000000       0.917461250000000      -0.449963296302358     
  0.307153750000000        1.22261500000000      -0.395725833452612     
  0.307153750000000        1.52776875000000      -0.349282321400078     
  0.307153750000000        1.83292250000000      -0.310568176029953     
  0.307153750000000        2.13807625000000      -0.278053054112474     
  0.307153750000000        2.44323000000000      -0.250112024514595     
  0.307153750000000        2.74838375000000      -0.225766572230055     
  0.307153750000000        3.05353750000000      -0.206292976343123     
  0.307153750000000        3.35869125000000      -0.194260730348829     
  0.307153750000000        3.66384500000000      -0.186833552448777     
  0.307153750000000        3.96899875000000      -0.169270814403693     
  0.307153750000000        4.27415250000000      -0.151045984245730     
  0.307153750000000        4.57930625000000      -0.137550469496477     
  0.307153750000000        4.88446000000000      -0.128207230474391     
  0.307153750000000        5.18961375000000      -0.121601747913513     
  0.307153750000000        5.49476750000000      -0.117016514875409     
  0.307153750000000        5.79992125000000      -0.114362183402212     
  0.307153750000000        6.10507500000000      -0.112749326230961     
  0.307153750000000        6.41022875000000      -0.110576393017579     
  0.307153750000000        6.71538250000000      -0.106262609071006     
  0.307153750000000        7.02053625000000      -0.103438959474161     
  0.307153750000000        7.32569000000000      -0.108229207449331     
  0.612307500000000       2.000000000000000E-003 -0.519368620614653     
  0.612307500000000       0.307153750000000      -0.521650003671307     
  0.612307500000000       0.612307500000000      -0.506359527532817     
  0.612307500000000       0.917461250000000      -0.465527702350455     
  0.612307500000000        1.22261500000000      -0.416055869945569     
  0.612307500000000        1.52776875000000      -0.369240219787442     
  0.612307500000000        1.83292250000000      -0.328193799749166     
  0.612307500000000        2.13807625000000      -0.293447011872170     
  0.612307500000000        2.44323000000000      -0.264042705531378     
  0.612307500000000        2.74838375000000      -0.238463454540474     
  0.612307500000000        3.05353750000000      -0.217690144002849     
  0.612307500000000        3.35869125000000      -0.202411847063349     
  0.612307500000000        3.66384500000000      -0.189611937654259     
  0.612307500000000        3.96899875000000      -0.173459838743427     
  0.612307500000000        4.27415250000000      -0.156314884520180     
  0.612307500000000        4.57930625000000      -0.142375175412818     
  0.612307500000000        4.88446000000000      -0.132229074246327     
  0.612307500000000        5.18961375000000      -0.124627569841370     
  0.612307500000000        5.49476750000000      -0.119112803149898     
  0.612307500000000        5.79992125000000      -0.115223548443902     
  0.612307500000000        6.10507500000000      -0.112051468959485     
  0.612307500000000        6.41022875000000      -0.108608694096453     
  0.612307500000000        6.71538250000000      -0.105308573458403     
  0.612307500000000        7.02053625000000      -0.106795802450207     
  0.612307500000000        7.32569000000000      -0.109480694925414     
  0.917461250000000       2.000000000000000E-003 -0.556757822894981     
  0.917461250000000       0.307153750000000      -0.549692434873422     
  0.917461250000000       0.612307500000000      -0.524378947483689     
  0.917461250000000       0.917461250000000      -0.482057604701200     
  0.917461250000000        1.22261500000000      -0.432853995204687     
  0.917461250000000        1.52776875000000      -0.384919754489555     
  0.917461250000000        1.83292250000000      -0.342032613413363     
  0.917461250000000        2.13807625000000      -0.306118135678873     
  0.917461250000000        2.44323000000000      -0.275704048155130     
  0.917461250000000        2.74838375000000      -0.249515724307326     
  0.917461250000000        3.05353750000000      -0.227461396615963     
  0.917461250000000        3.35869125000000      -0.209212574164394     
  0.917461250000000        3.66384500000000      -0.192804146529043     
  0.917461250000000        3.96899875000000      -0.176170452723042     
  0.917461250000000        4.27415250000000      -0.160062938621138     
  0.917461250000000        4.57930625000000      -0.146448995790626     
  0.917461250000000        4.88446000000000      -0.135739556615643     
  0.917461250000000        5.18961375000000      -0.127427131223386     
  0.917461250000000        5.49476750000000      -0.121076101053455     
  0.917461250000000        5.79992125000000      -0.116102809899708     
  0.917461250000000        6.10507500000000      -0.111804172555258     
  0.917461250000000        6.41022875000000      -0.107888548992572     
  0.917461250000000        6.71538250000000      -0.105231532850945     
  0.917461250000000        7.02053625000000      -0.105171897983154     
  0.917461250000000        7.32569000000000      -0.104088357816031     
   1.22261500000000       2.000000000000000E-003 -0.580075922389170     
   1.22261500000000       0.307153750000000      -0.569434128876270     
   1.22261500000000       0.612307500000000      -0.538558921965177     
   1.22261500000000       0.917461250000000      -0.494009571935905     
   1.22261500000000        1.22261500000000      -0.443947097669986     
   1.22261500000000        1.52776875000000      -0.394970085375888     
   1.22261500000000        1.83292250000000      -0.351542794247231     
   1.22261500000000        2.13807625000000      -0.315007328029522     
   1.22261500000000        2.44323000000000      -0.283663515930064     
   1.22261500000000        2.74838375000000      -0.256645183580984     
   1.22261500000000        3.05353750000000      -0.233434264665016     
   1.22261500000000        3.35869125000000      -0.213366528105566     
   1.22261500000000        3.66384500000000      -0.195246324915696     
   1.22261500000000        3.96899875000000      -0.178275826537156     
   1.22261500000000        4.27415250000000      -0.162808523489195     
   1.22261500000000        4.57930625000000      -0.149557922446565     
   1.22261500000000        4.88446000000000      -0.138707176852171     
   1.22261500000000        5.18961375000000      -0.130035954541148     
   1.22261500000000        5.49476750000000      -0.123106378030594     
   1.22261500000000        5.79992125000000      -0.117359393531890     
   1.22261500000000        6.10507500000000      -0.112285324718658     
   1.22261500000000        6.41022875000000      -0.107814002460319     
   1.22261500000000        6.71538250000000      -0.104388271052655     
   1.22261500000000        7.02053625000000      -0.102078743369899     
   1.22261500000000        7.32569000000000      -9.922444374085218E-002
   1.52776875000000       2.000000000000000E-003 -0.581772832269115     
   1.52776875000000       0.307153750000000      -0.570775476636547     
   1.52776875000000       0.612307500000000      -0.540261914373684     
   1.52776875000000       0.917461250000000      -0.496366836235834     
   1.52776875000000        1.22261500000000      -0.446926896878339     
   1.52776875000000        1.52776875000000      -0.398791320869544     
   1.52776875000000        1.83292250000000      -0.356422656106967     
   1.52776875000000        2.13807625000000      -0.319381240662694     
   1.52776875000000        2.44323000000000      -0.287289979146818     
   1.52776875000000        2.74838375000000      -0.259685333262855     
   1.52776875000000        3.05353750000000      -0.235906714705953     
   1.52776875000000        3.35869125000000      -0.215132330110573     
   1.52776875000000        3.66384500000000      -0.196564011069915     
   1.52776875000000        3.96899875000000      -0.179765792009449     
   1.52776875000000        4.27415250000000      -0.164806233210735     
   1.52776875000000        4.57930625000000      -0.151938553880253     
   1.52776875000000        4.88446000000000      -0.141226271590592     
   1.52776875000000        5.18961375000000      -0.132441156023849     
   1.52776875000000        5.49476750000000      -0.125152058365259     
   1.52776875000000        5.79992125000000      -0.118872319175785     
   1.52776875000000        6.10507500000000      -0.113205559375864     
   1.52776875000000        6.41022875000000      -0.108068285745025     
   1.52776875000000        6.71538250000000      -0.103649955933044     
   1.52776875000000        7.02053625000000      -9.989094661888988E-002
   1.52776875000000        7.32569000000000      -9.617407403473230E-002
   1.83292250000000       2.000000000000000E-003 -0.567981174774620     
   1.83292250000000       0.307153750000000      -0.557877324679246     
   1.83292250000000       0.612307500000000      -0.529053822313697     
   1.83292250000000       0.917461250000000      -0.487878729553754     
   1.83292250000000        1.22261500000000      -0.442504200024591     
   1.83292250000000        1.52776875000000      -0.397786275610328     
   1.83292250000000        1.83292250000000      -0.356080395597766     
   1.83292250000000        2.13807625000000      -0.318752316530834     
   1.83292250000000        2.44323000000000      -0.286395176580040     
   1.83292250000000        2.74838375000000      -0.258843694150882     
   1.83292250000000        3.05353750000000      -0.235343630071367     
   1.83292250000000        3.35869125000000      -0.214914672834200     
   1.83292250000000        3.66384500000000      -0.196750435253617     
   1.83292250000000        3.96899875000000      -0.180466832958365     
   1.83292250000000        4.27415250000000      -0.166068312421446     
   1.83292250000000        4.57930625000000      -0.153677023065256     
   1.83292250000000        4.88446000000000      -0.143255827066436     
   1.83292250000000        5.18961375000000      -0.134516737423919     
   1.83292250000000        5.49476750000000      -0.127018310726078     
   1.83292250000000        5.79992125000000      -0.120337551177033     
   1.83292250000000        6.10507500000000      -0.114203738005966     
   1.83292250000000        6.41022875000000      -0.108539410544798     
   1.83292250000000        6.71538250000000      -0.103407900894897     
   1.83292250000000        7.02053625000000      -9.884727693850159E-002
   1.83292250000000        7.32569000000000      -9.466917350769968E-002
   2.13807625000000       2.000000000000000E-003 -0.546732839597985     
   2.13807625000000       0.307153750000000      -0.537529425806582     
   2.13807625000000       0.612307500000000      -0.512180516100703     
   2.13807625000000       0.917461250000000      -0.475927481833809     
   2.13807625000000        1.22261500000000      -0.434152510796111     
   2.13807625000000        1.52776875000000      -0.391136609501543     
   2.13807625000000        1.83292250000000      -0.350051762778121     
   2.13807625000000        2.13807625000000      -0.313065517592030     
   2.13807625000000        2.44323000000000      -0.281248254388663     
   2.13807625000000        2.74838375000000      -0.254551272096235     
   2.13807625000000        3.05353750000000      -0.232097203792019     
   2.13807625000000        3.35869125000000      -0.212727718108220     
   2.13807625000000        3.66384500000000      -0.195534597836606     
   2.13807625000000        3.96899875000000      -0.180112926439079     
   2.13807625000000        4.27415250000000      -0.166460900432427     
   2.13807625000000        4.57930625000000      -0.154670028088816     
   2.13807625000000        4.88446000000000      -0.144650949559636     
   2.13807625000000        5.18961375000000      -0.136066162547270     
   2.13807625000000        5.49476750000000      -0.128464477783702     
   2.13807625000000        5.79992125000000      -0.121478264391345     
   2.13807625000000        6.10507500000000      -0.114943791960265     
   2.13807625000000        6.41022875000000      -0.108890509853359     
   2.13807625000000        6.71538250000000      -0.103425993698170     
   2.13807625000000        7.02053625000000      -9.858576901990286E-002
   2.13807625000000        7.32569000000000      -9.425502801314266E-002
   2.44323000000000       2.000000000000000E-003 -0.535584421582654     
   2.44323000000000       0.307153750000000      -0.525887187867795     
   2.44323000000000       0.612307500000000      -0.499163939615140     
   2.44323000000000       0.917461250000000      -0.462314602588710     
   2.44323000000000        1.22261500000000      -0.420858212819424     
   2.44323000000000        1.52776875000000      -0.378662335137477     
   2.44323000000000        1.83292250000000      -0.338652091446981     
   2.44323000000000        2.13807625000000      -0.302946972591033     
   2.44323000000000        2.44323000000000      -0.272615395111748     
   2.44323000000000        2.74838375000000      -0.247543947159457     
   2.44323000000000        3.05353750000000      -0.226724028571970     
   2.44323000000000        3.35869125000000      -0.208864106295899     
   2.44323000000000        3.66384500000000      -0.192980507237200     
   2.44323000000000        3.96899875000000      -0.178656536915816     
   2.44323000000000        4.27415250000000      -0.165903844976788     
   2.44323000000000        4.57930625000000      -0.154813182195815     
   2.44323000000000        4.88446000000000      -0.145269789408306     
   2.44323000000000        5.18961375000000      -0.136907520686252     
   2.44323000000000        5.49476750000000      -0.129278575393833     
   2.44323000000000        5.79992125000000      -0.122070462155656     
   2.44323000000000        6.10507500000000      -0.115217565313772     
   2.44323000000000        6.41022875000000      -0.108867929419547     
   2.44323000000000        6.71538250000000      -0.103251088863682     
   2.44323000000000        7.02053625000000      -9.847789829608597E-002
   2.44323000000000        7.32569000000000      -9.433918944669985E-002
   2.74838375000000       2.000000000000000E-003 -0.525365408290390     
   2.74838375000000       0.307153750000000      -0.516052702503490     
   2.74838375000000       0.612307500000000      -0.488462730621745     
   2.74838375000000       0.917461250000000      -0.447567402745297     
   2.74838375000000        1.22261500000000      -0.403491783347178     
   2.74838375000000        1.52776875000000      -0.361532222647024     
   2.74838375000000        1.83292250000000      -0.323160309824051     
   2.74838375000000        2.13807625000000      -0.289631179683882     
   2.74838375000000        2.44323000000000      -0.261582130939049     
   2.74838375000000        2.74838375000000      -0.238693315395744     
   2.74838375000000        3.05353750000000      -0.219851478757150     
   2.74838375000000        3.35869125000000      -0.203715426451618     
   2.74838375000000        3.66384500000000      -0.189292430521948     
   2.74838375000000        3.96899875000000      -0.176182322371638     
   2.74838375000000        4.27415250000000      -0.164414855745143     
   2.74838375000000        4.57930625000000      -0.154080304752331     
   2.74838375000000        4.88446000000000      -0.145047154653962     
   2.74838375000000        5.18961375000000      -0.136940436536583     
   2.74838375000000        5.49476750000000      -0.129333723740589     
   2.74838375000000        5.79992125000000      -0.121967651635176     
   2.74838375000000        6.10507500000000      -0.114848369976719     
   2.74838375000000        6.41022875000000      -0.108225967697503     
   2.74838375000000        6.71538250000000      -0.102554435540245     
   2.74838375000000        7.02053625000000      -9.822665437083138E-002
   2.74838375000000        7.32569000000000      -9.480973548559823E-002
   3.05353750000000       2.000000000000000E-003 -0.511419572449360     
   3.05353750000000       0.307153750000000      -0.503706614209266     
   3.05353750000000       0.612307500000000      -0.475662059450098     
   3.05353750000000       0.917461250000000      -0.431622035783744     
   3.05353750000000        1.22261500000000      -0.383748308156406     
   3.05353750000000        1.52776875000000      -0.341507449850493     
   3.05353750000000        1.83292250000000      -0.305211380692073     
   3.05353750000000        2.13807625000000      -0.274469983657751     
   3.05353750000000        2.44323000000000      -0.249179514219365     
   3.05353750000000        2.74838375000000      -0.228742972886957     
   3.05353750000000        3.05353750000000      -0.211993385126564     
   3.05353750000000        3.35869125000000      -0.197625107474102     
   3.05353750000000        3.66384500000000      -0.184695715268477     
   3.05353750000000        3.96899875000000      -0.172837863364345     
   3.05353750000000        4.27415250000000      -0.162089646694890     
   3.05353750000000        4.57930625000000      -0.152528582822462     
   3.05353750000000        4.88446000000000      -0.144009316496673     
   3.05353750000000        5.18961375000000      -0.136168064751265     
   3.05353750000000        5.49476750000000      -0.128618359695016     
   3.05353750000000        5.79992125000000      -0.121142591662078     
   3.05353750000000        6.10507500000000      -0.113747260760354     
   3.05353750000000        6.41022875000000      -0.106681772281407     
   3.05353750000000        6.71538250000000      -0.100838175968137     
   3.05353750000000        7.02053625000000      -9.724404675356396E-002
   3.05353750000000        7.32569000000000      -9.515594652914669E-002
   3.35869125000000       2.000000000000000E-003 -0.495880695143722     
   3.35869125000000       0.307153750000000      -0.492095486928082     
   3.35869125000000       0.612307500000000      -0.461256548338699     
   3.35869125000000       0.917461250000000      -0.411782558322124     
   3.35869125000000        1.22261500000000      -0.361525737268250     
   3.35869125000000        1.52776875000000      -0.319498535158560     
   3.35869125000000        1.83292250000000      -0.285887398506355     
   3.35869125000000        2.13807625000000      -0.258361598634468     
   3.35869125000000        2.44323000000000      -0.236057413566112     
   3.35869125000000        2.74838375000000      -0.218145424371608     
   3.35869125000000        3.05353750000000      -0.203474531623351     
   3.35869125000000        3.35869125000000      -0.190841423245046     
   3.35869125000000        3.66384500000000      -0.179390423590990     
   3.35869125000000        3.96899875000000      -0.168786816510167     
   3.35869125000000        4.27415250000000      -0.159060140459118     
   3.35869125000000        4.57930625000000      -0.150263690084311     
   3.35869125000000        4.88446000000000      -0.142246160026711     
   3.35869125000000        5.18961375000000      -0.134678323962122     
   3.35869125000000        5.49476750000000      -0.127233126198017     
   3.35869125000000        5.79992125000000      -0.119724712902883     
   3.35869125000000        6.10507500000000      -0.112065951112650     
   3.35869125000000        6.41022875000000      -0.104463204032051     
   3.35869125000000        6.71538250000000      -9.815522517872154E-002
   3.35869125000000        7.02053625000000      -9.515196009497556E-002
   3.35869125000000        7.32569000000000      -9.441518661341133E-002
   3.66384500000000       2.000000000000000E-003 -0.465618426992014     
   3.66384500000000       0.307153750000000      -0.465080209168097     
   3.66384500000000       0.612307500000000      -0.431431553448773     
   3.66384500000000       0.917461250000000      -0.381552079792283     
   3.66384500000000        1.22261500000000      -0.333714928838463     
   3.66384500000000        1.52776875000000      -0.295043778895269     
   3.66384500000000        1.83292250000000      -0.265376185860753     
   3.66384500000000        2.13807625000000      -0.241583340097724     
   3.66384500000000        2.44323000000000      -0.222463100713213     
   3.66384500000000        2.74838375000000      -0.207122600211324     
   3.66384500000000        3.05353750000000      -0.194508489243596     
   3.66384500000000        3.35869125000000      -0.183568980238027     
   3.66384500000000        3.66384500000000      -0.173561824527542     
   3.66384500000000        3.96899875000000      -0.164188079196112     
   3.66384500000000        4.27415250000000      -0.155458555872443     
   3.66384500000000        4.57930625000000      -0.147399788639982     
   3.66384500000000        4.88446000000000      -0.139870356630674     
   3.66384500000000        5.18961375000000      -0.132601270090986     
   3.66384500000000        5.49476750000000      -0.125347139580261     
   3.66384500000000        5.79992125000000      -0.117970868372295     
   3.66384500000000        6.10507500000000      -0.110324198974320     
   3.66384500000000        6.41022875000000      -0.102615730800794     
   3.66384500000000        6.71538250000000      -9.617107503093297E-002
   3.66384500000000        7.02053625000000      -9.355261664155599E-002
   3.66384500000000        7.32569000000000      -9.344728978250647E-002
   3.96899875000000       2.000000000000000E-003 -0.388993989482134     
   3.96899875000000       0.307153750000000      -0.390005794479176     
   3.96899875000000       0.612307500000000      -0.371201496412473     
   3.96899875000000       0.917461250000000      -0.335610450258199     
   3.96899875000000        1.22261500000000      -0.298470280834461     
   3.96899875000000        1.52776875000000      -0.267640783722220     
   3.96899875000000        1.83292250000000      -0.243573781218092     
   3.96899875000000        2.13807625000000      -0.224181952086294     
   3.96899875000000        2.44323000000000      -0.208540874234301     
   3.96899875000000        2.74838375000000      -0.195890949597664     
   3.96899875000000        3.05353750000000      -0.185349459928519     
   3.96899875000000        3.35869125000000      -0.176057067724060     
   3.96899875000000        3.66384500000000      -0.167419943580284     
   3.96899875000000        3.96899875000000      -0.159200780417265     
   3.96899875000000        4.27415250000000      -0.151400373936537     
   3.96899875000000        4.57930625000000      -0.144030042766393     
   3.96899875000000        4.88446000000000      -0.136979252839562     
   3.96899875000000        5.18961375000000      -0.130058718836384     
   3.96899875000000        5.49476750000000      -0.123119986156212     
   3.96899875000000        5.79992125000000      -0.116109195506151     
   3.96899875000000        6.10507500000000      -0.108963917420911     
   3.96899875000000        6.41022875000000      -0.101947596717854     
   3.96899875000000        6.71538250000000      -9.640770356590737E-002
   3.96899875000000        7.02053625000000      -9.423144688132400E-002
   3.96899875000000        7.32569000000000      -9.394807374160760E-002
   4.27415250000000       2.000000000000000E-003 -0.303629535168672     
   4.27415250000000       0.307153750000000      -0.305040169842984     
   4.27415250000000       0.612307500000000      -0.299418297571949     
   4.27415250000000       0.917461250000000      -0.281813869383920     
   4.27415250000000        1.22261500000000      -0.259208511576753     
   4.27415250000000        1.52776875000000      -0.238458937801440     
   4.27415250000000        1.83292250000000      -0.221011689469889     
   4.27415250000000        2.13807625000000      -0.206556552609330     
   4.27415250000000        2.44323000000000      -0.194682781106330     
   4.27415250000000        2.74838375000000      -0.184843555260283     
   4.27415250000000        3.05353750000000      -0.176364203771789     
   4.27415250000000        3.35869125000000      -0.168615843313768     
   4.27415250000000        3.66384500000000      -0.161196818955833     
   4.27415250000000        3.96899875000000      -0.153973558131212     
   4.27415250000000        4.27415250000000      -0.146971056953690     
   4.27415250000000        4.57930625000000      -0.140212178425522     
   4.27415250000000        4.88446000000000      -0.133634580411701     
   4.27415250000000        5.18961375000000      -0.127130662038921     
   4.27415250000000        5.49476750000000      -0.120638765071944     
   4.27415250000000        5.79992125000000      -0.114187032456421     
   4.27415250000000        6.10507500000000      -0.107862137186483     
   4.27415250000000        6.41022875000000      -0.101923956971723     
   4.27415250000000        6.71538250000000      -9.743536560408954E-002
   4.27415250000000        7.02053625000000      -9.525788241241630E-002
   4.27415250000000        7.32569000000000      -9.412664997083052E-002
   4.57930625000000       2.000000000000000E-003 -0.239084807258638     
   4.57930625000000       0.307153750000000      -0.240255206165432     
   4.57930625000000       0.612307500000000      -0.239912827348625     
   4.57930625000000       0.917461250000000      -0.233524971700154     
   4.57930625000000        1.22261500000000      -0.222250757071388     
   4.57930625000000        1.52776875000000      -0.210145926590702     
   4.57930625000000        1.83292250000000      -0.199150463955006     
   4.57930625000000        2.13807625000000      -0.189683205343204     
   4.57930625000000        2.44323000000000      -0.181600039332742     
   4.57930625000000        2.74838375000000      -0.174504234889521     
   4.57930625000000        3.05353750000000      -0.167926571591923     
   4.57930625000000        3.35869125000000      -0.161496425345384     
   4.57930625000000        3.66384500000000      -0.155044714639557     
   4.57930625000000        3.96899875000000      -0.148585206695158     
   4.57930625000000        4.27415250000000      -0.142208468218292     
   4.57930625000000        4.57930625000000      -0.135974858124794     
   4.57930625000000        4.88446000000000      -0.129873260732053     
   4.57930625000000        5.18961375000000      -0.123858273482762     
   4.57930625000000        5.49476750000000      -0.117919289208933     
   4.57930625000000        5.79992125000000      -0.112118144244318     
   4.57930625000000        6.10507500000000      -0.106588967950549     
   4.57930625000000        6.41022875000000      -0.101567188514590     
   4.57930625000000        6.71538250000000      -9.755004216865248E-002
   4.57930625000000        7.02053625000000      -9.482675563393060E-002
   4.57930625000000        7.32569000000000      -9.254797828706250E-002
   4.88446000000000       2.000000000000000E-003 -0.197103530312370     
   4.88446000000000       0.307153750000000      -0.198073119401218     
   4.88446000000000       0.612307500000000      -0.198931768266404     
   4.88446000000000       0.917461250000000      -0.196405010480289     
   4.88446000000000        1.22261500000000      -0.191288531218737     
   4.88446000000000        1.52776875000000      -0.185416639141932     
   4.88446000000000        1.83292250000000      -0.179827449680584     
   4.88446000000000        2.13807625000000      -0.174762574482621     
   4.88446000000000        2.44323000000000      -0.170024609423527     
   4.88446000000000        2.74838375000000      -0.165268644099814     
   4.88446000000000        3.05353750000000      -0.160209866868877     
   4.88446000000000        3.35869125000000      -0.154742492900790     
   4.88446000000000        3.66384500000000      -0.148947960230152     
   4.88446000000000        3.96899875000000      -0.143010422717682     
   4.88446000000000        4.27415250000000      -0.137106918947294     
   4.88446000000000        4.57930625000000      -0.131340087421017     
   4.88446000000000        4.88446000000000      -0.125733034576427     
   4.88446000000000        5.18961375000000      -0.120270197357127     
   4.88446000000000        5.49476750000000      -0.114950849556902     
   4.88446000000000        5.79992125000000      -0.109818157823875     
   4.88446000000000        6.10507500000000      -0.104961769740157     
   4.88446000000000        6.41022875000000      -0.100517458725287     
   4.88446000000000        6.71538250000000      -9.665254224778640E-002
   4.88446000000000        7.02053625000000      -9.341094001096430E-002
   4.88446000000000        7.32569000000000      -9.038929652038499E-002
   5.18961375000000       2.000000000000000E-003 -0.170285006665583     
   5.18961375000000       0.307153750000000      -0.170373262103906     
   5.18961375000000       0.612307500000000      -0.170234518485036     
   5.18961375000000       0.917461250000000      -0.169302982841417     
   5.18961375000000        1.22261500000000      -0.167742668510422     
   5.18961375000000        1.52776875000000      -0.166024523207645     
   5.18961375000000        1.83292250000000      -0.164355420438680     
   5.18961375000000        2.13807625000000      -0.162561469853314     
   5.18961375000000        2.44323000000000      -0.160266195720927     
   5.18961375000000        2.74838375000000      -0.157134654757970     
   5.18961375000000        3.05353750000000      -0.153048100186863     
   5.18961375000000        3.35869125000000      -0.148145988374704     
   5.18961375000000        3.66384500000000      -0.142739243200631     
   5.18961375000000        3.96899875000000      -0.137163273484777     
   5.18961375000000        4.27415250000000      -0.131662860996942     
   5.18961375000000        4.57930625000000      -0.126359145901268     
   5.18961375000000        4.88446000000000      -0.121280247948952     
   5.18961375000000        5.18961375000000      -0.116411747778125     
   5.18961375000000        5.49476750000000      -0.111737541641701     
   5.18961375000000        5.79992125000000      -0.107258366562533     
   5.18961375000000        6.10507500000000      -0.102994824670484     
   5.18961375000000        6.41022875000000      -9.898400968589016E-002
   5.18961375000000        6.71538250000000      -9.525883374901098E-002
   5.18961375000000        7.02053625000000      -9.179064654347088E-002
   5.18961375000000        7.32569000000000      -8.844330031910751E-002
   5.49476750000000       2.000000000000000E-003 -0.151195737868258     
   5.49476750000000       0.307153750000000      -0.150998504141820     
   5.49476750000000       0.612307500000000      -0.150806311449441     
   5.49476750000000       0.917461250000000      -0.150954195378483     
   5.49476750000000        1.22261500000000      -0.151480661797717     
   5.49476750000000        1.52776875000000      -0.152216744974185     
   5.49476750000000        1.83292250000000      -0.152867731133925     
   5.49476750000000        2.13807625000000      -0.152957653972674     
   5.49476750000000        2.44323000000000      -0.151987995604614     
   5.49476750000000        2.74838375000000      -0.149657410876201     
   5.49476750000000        3.05353750000000      -0.145998667407212     
   5.49476750000000        3.35869125000000      -0.141353762267414     
   5.49476750000000        3.66384500000000      -0.136207780078667     
   5.49476750000000        3.96899875000000      -0.130985156424914     
   5.49476750000000        4.27415250000000      -0.125935165465875     
   5.49476750000000        4.57930625000000      -0.121148569079535     
   5.49476750000000        4.88446000000000      -0.116632622600234     
   5.49476750000000        5.18961375000000      -0.112366280065414     
   5.49476750000000        5.49476750000000      -0.108320787152865     
   5.49476750000000        5.79992125000000      -0.104463560425830     
   5.49476750000000        6.10507500000000      -0.100762028193976     
   5.49476750000000        6.41022875000000      -9.718865461143220E-002
   5.49476750000000        6.71538250000000      -9.371763446757006E-002
   5.49476750000000        7.02053625000000      -9.031776031405951E-002
   5.49476750000000        7.32569000000000      -8.693753324945706E-002
   5.79992125000000       2.000000000000000E-003 -0.141323829603981     
   5.79992125000000       0.307153750000000      -0.140734256252309     
   5.79992125000000       0.612307500000000      -0.139729100873846     
   5.79992125000000       0.917461250000000      -0.139603728234470     
   5.79992125000000        1.22261500000000      -0.140814478772381     
   5.79992125000000        1.52776875000000      -0.142748537642236     
   5.79992125000000        1.83292250000000      -0.144339643151187     
   5.79992125000000        2.13807625000000      -0.145054812674990     
   5.79992125000000        2.44323000000000      -0.144419767420142     
   5.79992125000000        2.74838375000000      -0.142213193955112     
   5.79992125000000        3.05353750000000      -0.138593864797778     
   5.79992125000000        3.35869125000000      -0.134056985002570     
   5.79992125000000        3.66384500000000      -0.129216363086576     
   5.79992125000000        3.96899875000000      -0.124510394498342     
   5.79992125000000        4.27415250000000      -0.120078681104869     
   5.79992125000000        4.57930625000000      -0.115902567097443     
   5.79992125000000        4.88446000000000      -0.111961244076432     
   5.79992125000000        5.18961375000000      -0.108256495396934     
   5.79992125000000        5.49476750000000      -0.104781333145712     
   5.79992125000000        5.79992125000000      -0.101502390567059     
   5.79992125000000        6.10507500000000      -9.836551631859003E-002
   5.79992125000000        6.41022875000000      -9.529466122453720E-002
   5.79992125000000        6.71538250000000      -9.224955654989787E-002
   5.79992125000000        7.02053625000000      -8.916335770633545E-002
   5.79992125000000        7.32569000000000      -8.590073938807356E-002
   6.10507500000000       2.000000000000000E-003 -0.137373669849995     
   6.10507500000000       0.307153750000000      -0.136184674886863     
   6.10507500000000       0.612307500000000      -0.134070595573180     
   6.10507500000000       0.917461250000000      -0.133141516914353     
   6.10507500000000        1.22261500000000      -0.133901286308660     
   6.10507500000000        1.52776875000000      -0.135712508396545     
   6.10507500000000        1.83292250000000      -0.137312933882669     
   6.10507500000000        2.13807625000000      -0.137801652120847     
   6.10507500000000        2.44323000000000      -0.136877225657600     
   6.10507500000000        2.74838375000000      -0.134405816088367     
   6.10507500000000        3.05353750000000      -0.130599115679579     
   6.10507500000000        3.35869125000000      -0.126069592534770     
   6.10507500000000        3.66384500000000      -0.121674696778496     
   6.10507500000000        3.96899875000000      -0.117843860297692     
   6.10507500000000        4.27415250000000      -0.114347010573097     
   6.10507500000000        4.57930625000000      -0.110884229469434     
   6.10507500000000        4.88446000000000      -0.107467163353104     
   6.10507500000000        5.18961375000000      -0.104219066318829     
   6.10507500000000        5.49476750000000      -0.101215468931631     
   6.10507500000000        5.79992125000000      -9.846217435824395E-002
   6.10507500000000        6.10507500000000      -9.588098340579911E-002
   6.10507500000000        6.41022875000000      -9.335541525356263E-002
   6.10507500000000        6.71538250000000      -9.087281296924020E-002
   6.10507500000000        7.02053625000000      -8.837059295671219E-002
   6.10507500000000        7.32569000000000      -8.538242059097835E-002
   6.41022875000000       2.000000000000000E-003 -0.133342292520180     
   6.41022875000000       0.307153750000000      -0.131904114090585     
   6.41022875000000       0.612307500000000      -0.130013052843740     
   6.41022875000000       0.917461250000000      -0.129193868401032     
   6.41022875000000        1.22261500000000      -0.129253246149191     
   6.41022875000000        1.52776875000000      -0.130026188545562     
   6.41022875000000        1.83292250000000      -0.130813141962564     
   6.41022875000000        2.13807625000000      -0.130644390911029     
   6.41022875000000        2.44323000000000      -0.129203427413646     
   6.41022875000000        2.74838375000000      -0.126342847962713     
   6.41022875000000        3.05353750000000      -0.122073222491006     
   6.41022875000000        3.35869125000000      -0.117394890146700     
   6.41022875000000        3.66384500000000      -0.113809196859238     
   6.41022875000000        3.96899875000000      -0.111454234657041     
   6.41022875000000        4.27415250000000      -0.109213834654193     
   6.41022875000000        4.57930625000000      -0.106432931282924     
   6.41022875000000        4.88446000000000      -0.103339996620293     
   6.41022875000000        5.18961375000000      -0.100356784447397     
   6.41022875000000        5.49476750000000      -9.768837654496162E-002
   6.41022875000000        5.79992125000000      -9.539485920272622E-002
   6.41022875000000        6.10507500000000      -9.334935948705882E-002
   6.41022875000000        6.41022875000000      -9.131179275159998E-002
   6.41022875000000        6.71538250000000      -8.932357988368751E-002
   6.41022875000000        7.02053625000000      -8.770382029069296E-002
   6.41022875000000        7.32569000000000      -8.537127065063237E-002
   6.71538250000000       2.000000000000000E-003 -0.123981270070996     
   6.71538250000000       0.307153750000000      -0.123825412022592     
   6.71538250000000       0.612307500000000      -0.126889433492498     
   6.71538250000000       0.917461250000000      -0.127769361709854     
   6.71538250000000        1.22261500000000      -0.126486673251589     
   6.71538250000000        1.52776875000000      -0.125382594202087     
   6.71538250000000        1.83292250000000      -0.124713793417394     
   6.71538250000000        2.13807625000000      -0.123703315887444     
   6.71538250000000        2.44323000000000      -0.121804192878859     
   6.71538250000000        2.74838375000000      -0.118541143560910     
   6.71538250000000        3.05353750000000      -0.113760280785245     
   6.71538250000000        3.35869125000000      -0.109157744818830     
   6.71538250000000        3.66384500000000      -0.107023503263975     
   6.71538250000000        3.96899875000000      -0.106724000558624     
   6.71538250000000        4.27415250000000      -0.105608039660634     
   6.71538250000000        4.57930625000000      -0.102955346320387     
   6.71538250000000        4.88446000000000      -9.968351009790929E-002
   6.71538250000000        5.18961375000000      -9.667995540010289E-002
   6.71538250000000        5.49476750000000      -9.419119335931404E-002
   6.71538250000000        5.79992125000000      -9.231572844138163E-002
   6.71538250000000        6.10507500000000      -9.083398924999225E-002
   6.71538250000000        6.41022875000000      -8.923538624375413E-002
   6.71538250000000        6.71538250000000      -8.724502163606573E-002
   6.71538250000000        7.02053625000000      -8.626698251560566E-002
   6.71538250000000        7.32569000000000      -8.546038888618482E-002
   7.02053625000000       2.000000000000000E-003 -0.119811121743088     
   7.02053625000000       0.307153750000000      -0.122535294159131     
   7.02053625000000       0.612307500000000      -0.132150218739212     
   7.02053625000000       0.917461250000000      -0.130271748391646     
   7.02053625000000        1.22261500000000      -0.125170407389376     
   7.02053625000000        1.52776875000000      -0.121449373281796     
   7.02053625000000        1.83292250000000      -0.119176933632511     
   7.02053625000000        2.13807625000000      -0.117368085807852     
   7.02053625000000        2.44323000000000      -0.115243215797517     
   7.02053625000000        2.74838375000000      -0.111972248597660     
   7.02053625000000        3.05353750000000      -0.107648360098438     
   7.02053625000000        3.35869125000000      -0.104261071830798     
   7.02053625000000        3.66384500000000      -0.104085635332071     
   7.02053625000000        3.96899875000000      -0.104734392965447     
   7.02053625000000        4.27415250000000      -0.103585666097156     
   7.02053625000000        4.57930625000000      -0.100242447311831     
   7.02053625000000        4.88446000000000      -9.633903448993418E-002
   7.02053625000000        5.18961375000000      -9.306405112955259E-002
   7.02053625000000        5.49476750000000      -9.064222755057913E-002
   7.02053625000000        5.79992125000000      -8.913130013224657E-002
   7.02053625000000        6.10507500000000      -8.828779936045532E-002
   7.02053625000000        6.41022875000000      -8.747008041865437E-002
   7.02053625000000        6.71538250000000      -8.567903471163552E-002
   7.02053625000000        7.02053625000000      -8.366477285735341E-002
   7.02053625000000        7.32569000000000      -8.390248473012536E-002
   7.32569000000000       2.000000000000000E-003 -0.120471283244918     
   7.32569000000000       0.307153750000000      -0.136915198038886     
   7.32569000000000       0.612307500000000      -0.140149262127109     
   7.32569000000000       0.917461250000000      -0.130786970762826     
   7.32569000000000        1.22261500000000      -0.122405671144465     
   7.32569000000000        1.52776875000000      -0.117122796759403     
   7.32569000000000        1.83292250000000      -0.113952648983608     
   7.32569000000000        2.13807625000000      -0.111754223750756     
   7.32569000000000        2.44323000000000      -0.109718913370274     
   7.32569000000000        2.74838375000000      -0.107277623073803     
   7.32569000000000        3.05353750000000      -0.104844556185726     
   7.32569000000000        3.35869125000000      -0.103744334124919     
   7.32569000000000        3.66384500000000      -0.103130068636474     
   7.32569000000000        3.96899875000000      -0.102427219011123     
   7.32569000000000        4.27415250000000      -0.101103190310354     
   7.32569000000000        4.57930625000000      -9.709319335062000E-002
   7.32569000000000        4.88446000000000      -9.274048798552025E-002
   7.32569000000000        5.18961375000000      -8.929968758590594E-002
   7.32569000000000        5.49476750000000      -8.692776295201685E-002
   7.32569000000000        5.79992125000000      -8.562465487459919E-002
   7.32569000000000        6.10507500000000      -8.519143568898878E-002
   7.32569000000000        6.41022875000000      -8.517791910531541E-002
   7.32569000000000        6.71538250000000      -8.487618274407560E-002
   7.32569000000000        7.02053625000000      -8.369718847912261E-002
   7.32569000000000        7.32569000000000      -8.035671161472809E-002
