  2.000000000000000E-003  2.000000000000000E-003  -2.23867057674517     
  2.000000000000000E-003  0.307153750000000       -2.18015909889341     
  2.000000000000000E-003  0.612307500000000       -1.81679153384953     
  2.000000000000000E-003  0.917461250000000       -1.34327917483042     
  2.000000000000000E-003   1.22261500000000      -0.979713296856365     
  2.000000000000000E-003   1.52776875000000      -0.727334845277244     
  2.000000000000000E-003   1.83292250000000      -0.551256135422178     
  2.000000000000000E-003   2.13807625000000      -0.425124897547633     
  2.000000000000000E-003   2.44323000000000      -0.329035140680377     
  2.000000000000000E-003   2.74838375000000      -0.255699845692255     
  2.000000000000000E-003   3.05353750000000      -0.208759343950470     
  2.000000000000000E-003   3.35869125000000      -0.197461756380617     
  2.000000000000000E-003   3.66384500000000      -0.206223291404113     
  2.000000000000000E-003   3.96899875000000      -0.161470919586038     
  2.000000000000000E-003   4.27415250000000      -0.128816064790849     
  2.000000000000000E-003   4.57930625000000      -0.110370397852374     
  2.000000000000000E-003   4.88446000000000      -0.100115219060803     
  2.000000000000000E-003   5.18961375000000      -9.286107747354730E-002
  2.000000000000000E-003   5.49476750000000      -8.493160223915576E-002
  2.000000000000000E-003   5.79992125000000      -7.831878221475508E-002
  2.000000000000000E-003   6.10507500000000      -7.163635719072076E-002
  2.000000000000000E-003   6.41022875000000      -6.206389875161608E-002
  2.000000000000000E-003   6.71538250000000      -4.887398703294819E-002
  2.000000000000000E-003   7.02053625000000      -4.561008060271001E-002
  2.000000000000000E-003   7.32569000000000      -5.753553943199578E-002
  0.307153750000000       2.000000000000000E-003  -2.18022095585102     
  0.307153750000000       0.307153750000000       -1.94115418752620     
  0.307153750000000       0.612307500000000       -1.61109851579908     
  0.307153750000000       0.917461250000000       -1.23878701985506     
  0.307153750000000        1.22261500000000      -0.929443223439702     
  0.307153750000000        1.52776875000000      -0.702196837311249     
  0.307153750000000        1.83292250000000      -0.538643258223535     
  0.307153750000000        2.13807625000000      -0.419684302057711     
  0.307153750000000        2.44323000000000      -0.329381782473498     
  0.307153750000000        2.74838375000000      -0.261176971527538     
  0.307153750000000        3.05353750000000      -0.220042597776989     
  0.307153750000000        3.35869125000000      -0.211189039716478     
  0.307153750000000        3.66384500000000      -0.211303871491329     
  0.307153750000000        3.96899875000000      -0.174553323479128     
  0.307153750000000        4.27415250000000      -0.137464772982844     
  0.307153750000000        4.57930625000000      -0.115136663831664     
  0.307153750000000        4.88446000000000      -0.102904715190584     
  0.307153750000000        5.18961375000000      -9.441869812118074E-002
  0.307153750000000        5.49476750000000      -8.628006717601075E-002
  0.307153750000000        5.79992125000000      -7.988465753523860E-002
  0.307153750000000        6.10507500000000      -7.405193796412718E-002
  0.307153750000000        6.41022875000000      -6.704001423122376E-002
  0.307153750000000        6.71538250000000      -5.947698533765072E-002
  0.307153750000000        7.02053625000000      -5.755987807840701E-002
  0.307153750000000        7.32569000000000      -5.603450590332588E-002
  0.612307500000000       2.000000000000000E-003  -1.81688710694035     
  0.612307500000000       0.307153750000000       -1.61115791687946     
  0.612307500000000       0.612307500000000       -1.30195464137273     
  0.612307500000000       0.917461250000000       -1.03755370252961     
  0.612307500000000        1.22261500000000      -0.816160141778787     
  0.612307500000000        1.52776875000000      -0.640480669711210     
  0.612307500000000        1.83292250000000      -0.505707293918030     
  0.612307500000000        2.13807625000000      -0.404067083994111     
  0.612307500000000        2.44323000000000      -0.327157377613919     
  0.612307500000000        2.74838375000000      -0.269790877858184     
  0.612307500000000        3.05353750000000      -0.236349850740753     
  0.612307500000000        3.35869125000000      -0.224819019502798     
  0.612307500000000        3.66384500000000      -0.215195694559668     
  0.612307500000000        3.96899875000000      -0.185876369727139     
  0.612307500000000        4.27415250000000      -0.150597221887755     
  0.612307500000000        4.57930625000000      -0.124818901831481     
  0.612307500000000        4.88446000000000      -0.109275633447324     
  0.612307500000000        5.18961375000000      -9.840379424950592E-002
  0.612307500000000        5.49476750000000      -8.998536394589336E-002
  0.612307500000000        5.79992125000000      -8.384133515358205E-002
  0.612307500000000        6.10507500000000      -7.931299407688791E-002
  0.612307500000000        6.41022875000000      -7.531622793733024E-002
  0.612307500000000        6.71538250000000      -7.120801114195631E-002
  0.612307500000000        7.02053625000000      -6.474716361267797E-002
  0.612307500000000        7.32569000000000      -5.771601457789795E-002
  0.917461250000000       2.000000000000000E-003  -1.34340890187274     
  0.917461250000000       0.307153750000000       -1.23889339681464     
  0.917461250000000       0.612307500000000       -1.03761048149678     
  0.917461250000000       0.917461250000000      -0.850946034699621     
  0.917461250000000        1.22261500000000      -0.694877343531207     
  0.917461250000000        1.52776875000000      -0.566267578117816     
  0.917461250000000        1.83292250000000      -0.462580407254636     
  0.917461250000000        2.13807625000000      -0.380927626975882     
  0.917461250000000        2.44323000000000      -0.318269938557272     
  0.917461250000000        2.74838375000000      -0.272072094047189     
  0.917461250000000        3.05353750000000      -0.242228628782250     
  0.917461250000000        3.35869125000000      -0.225387978606791     
  0.917461250000000        3.66384500000000      -0.209407129840223     
  0.917461250000000        3.96899875000000      -0.184749046437451     
  0.917461250000000        4.27415250000000      -0.156010148250975     
  0.917461250000000        4.57930625000000      -0.132068597711810     
  0.917461250000000        4.88446000000000      -0.115084091064223     
  0.917461250000000        5.18961375000000      -0.103160928511354     
  0.917461250000000        5.49476750000000      -9.477110107628997E-002
  0.917461250000000        5.79992125000000      -8.875071424542540E-002
  0.917461250000000        6.10507500000000      -8.461407667999025E-002
  0.917461250000000        6.41022875000000      -8.126789671871203E-002
  0.917461250000000        6.71538250000000      -7.736057778255505E-002
  0.917461250000000        7.02053625000000      -7.148388278754016E-002
  0.917461250000000        7.32569000000000      -6.629025295302202E-002
   1.22261500000000       2.000000000000000E-003 -0.979872252932536     
   1.22261500000000       0.307153750000000      -0.929586659649534     
   1.22261500000000       0.612307500000000      -0.816264478634729     
   1.22261500000000       0.917461250000000      -0.694930824570598     
   1.22261500000000        1.22261500000000      -0.586816831190565     
   1.22261500000000        1.52776875000000      -0.494554256337944     
   1.22261500000000        1.83292250000000      -0.417130703530057     
   1.22261500000000        2.13807625000000      -0.353575386956153     
   1.22261500000000        2.44323000000000      -0.303412500888174     
   1.22261500000000        2.74838375000000      -0.265492070497005     
   1.22261500000000        3.05353750000000      -0.238133326330598     
   1.22261500000000        3.35869125000000      -0.218138218636137     
   1.22261500000000        3.66384500000000      -0.199578461735085     
   1.22261500000000        3.96899875000000      -0.178112282194372     
   1.22261500000000        4.27415250000000      -0.155282424762183     
   1.22261500000000        4.57930625000000      -0.135040039664721     
   1.22261500000000        4.88446000000000      -0.119140134423608     
   1.22261500000000        5.18961375000000      -0.107562582630133     
   1.22261500000000        5.49476750000000      -9.942807213696275E-002
   1.22261500000000        5.79992125000000      -9.352898481992339E-002
   1.22261500000000        6.10507500000000      -8.913735258695085E-002
   1.22261500000000        6.41022875000000      -8.541182621461503E-002
   1.22261500000000        6.71538250000000      -8.141485117332406E-002
   1.22261500000000        7.02053625000000      -7.675514746520484E-002
   1.22261500000000        7.32569000000000      -7.260881566065301E-002
   1.52776875000000       2.000000000000000E-003 -0.727513555351883     
   1.52776875000000       0.307153750000000      -0.702365248468590     
   1.52776875000000       0.612307500000000      -0.640620186135017     
   1.52776875000000       0.917461250000000      -0.566365316305440     
   1.52776875000000        1.22261500000000      -0.494603684036090     
   1.52776875000000        1.52776875000000      -0.430022270083133     
   1.52776875000000        1.83292250000000      -0.373181850250619     
   1.52776875000000        2.13807625000000      -0.324825153604987     
   1.52776875000000        2.44323000000000      -0.285145180229762     
   1.52776875000000        2.74838375000000      -0.253588581373577     
   1.52776875000000        3.05353750000000      -0.228778668394088     
   1.52776875000000        3.35869125000000      -0.208431431979899     
   1.52776875000000        3.66384500000000      -0.189767301468771     
   1.52776875000000        3.96899875000000      -0.170988321763269     
   1.52776875000000        4.27415250000000      -0.152411712600699     
   1.52776875000000        4.57930625000000      -0.135575073657880     
   1.52776875000000        4.88446000000000      -0.121709631329606     
   1.52776875000000        5.18961375000000      -0.111138128599735     
   1.52776875000000        5.49476750000000      -0.103379675332316     
   1.52776875000000        5.79992125000000      -9.754008153415830E-002
   1.52776875000000        6.10507500000000      -9.278334852026755E-002
   1.52776875000000        6.41022875000000      -8.852318261212638E-002
   1.52776875000000        6.71538250000000      -8.429058138278729E-002
   1.52776875000000        7.02053625000000      -7.998671146131900E-002
   1.52776875000000        7.32569000000000      -7.601818965809604E-002
   1.83292250000000       2.000000000000000E-003 -0.551440030583908     
   1.83292250000000       0.307153750000000      -0.538820954090011     
   1.83292250000000       0.612307500000000      -0.505865425728361     
   1.83292250000000       0.917461250000000      -0.462708366294288     
   1.83292250000000        1.22261500000000      -0.417221227664276     
   1.83292250000000        1.52776875000000      -0.373229015345207     
   1.83292250000000        1.83292250000000      -0.332661338312840     
   1.83292250000000        2.13807625000000      -0.296608081137347     
   1.83292250000000        2.44323000000000      -0.265554520183254     
   1.83292250000000        2.74838375000000      -0.239392840111051     
   1.83292250000000        3.05353750000000      -0.217416359214555     
   1.83292250000000        3.35869125000000      -0.198421107689647     
   1.83292250000000        3.66384500000000      -0.181083096224148     
   1.83292250000000        3.96899875000000      -0.164579944990005     
   1.83292250000000        4.27415250000000      -0.148971056614860     
   1.83292250000000        4.57930625000000      -0.134926756423509     
   1.83292250000000        4.88446000000000      -0.123103964046993     
   1.83292250000000        5.18961375000000      -0.113701305285085     
   1.83292250000000        5.49476750000000      -0.106382901112704     
   1.83292250000000        5.79992125000000      -0.100492900154863     
   1.83292250000000        6.10507500000000      -9.537944076210825E-002
   1.83292250000000        6.41022875000000      -9.061837478059760E-002
   1.83292250000000        6.71538250000000      -8.602398489942589E-002
   1.83292250000000        7.02053625000000      -8.159370811870527E-002
   1.83292250000000        7.32569000000000      -7.748879558821452E-002
   2.13807625000000       2.000000000000000E-003 -0.425296873122089     
   2.13807625000000       0.307153750000000      -0.419853338182354     
   2.13807625000000       0.612307500000000      -0.404227762282050     
   2.13807625000000       0.917461250000000      -0.381073356990302     
   2.13807625000000        1.22261500000000      -0.353697495547260     
   2.13807625000000        1.52776875000000      -0.324913788108329     
   2.13807625000000        1.83292250000000      -0.296654712463110     
   2.13807625000000        2.13807625000000      -0.270110720351319     
   2.13807625000000        2.44323000000000      -0.245940585591843     
   2.13807625000000        2.74838375000000      -0.224386022072391     
   2.13807625000000        3.05353750000000      -0.205314158036638     
   2.13807625000000        3.35869125000000      -0.188292434614007     
   2.13807625000000        3.66384500000000      -0.172785729196912     
   2.13807625000000        3.96899875000000      -0.158439529400465     
   2.13807625000000        4.27415250000000      -0.145256053891337     
   2.13807625000000        4.57930625000000      -0.133508134548027     
   2.13807625000000        4.88446000000000      -0.123466380704853     
   2.13807625000000        5.18961375000000      -0.115153560225848     
   2.13807625000000        5.49476750000000      -0.108277069092239     
   2.13807625000000        5.79992125000000      -0.102353287084890     
   2.13807625000000        6.10507500000000      -9.692179344202158E-002
   2.13807625000000        6.41022875000000      -9.171175561908709E-002
   2.13807625000000        6.71538250000000      -8.668533859874783E-002
   2.13807625000000        7.02053625000000      -8.197747825066526E-002
   2.13807625000000        7.32569000000000      -7.776204095890385E-002
   2.44323000000000       2.000000000000000E-003 -0.329182880636858     
   2.44323000000000       0.307153750000000      -0.329528404428294     
   2.44323000000000       0.612307500000000      -0.327305721722536     
   2.44323000000000       0.917461250000000      -0.318418267951018     
   2.44323000000000        1.22261500000000      -0.303552712491269     
   2.44323000000000        1.52776875000000      -0.285265238120048     
   2.44323000000000        1.83292250000000      -0.265642232604857     
   2.44323000000000        2.13807625000000      -0.245986689870908     
   2.44323000000000        2.44323000000000      -0.227083037314532     
   2.44323000000000        2.74838375000000      -0.209398054160994     
   2.44323000000000        3.05353750000000      -0.193150080602871     
   2.44323000000000        3.35869125000000      -0.178341900218528     
   2.44323000000000        3.66384500000000      -0.164843783593753     
   2.44323000000000        3.96899875000000      -0.152530297812141     
   2.44323000000000        4.27415250000000      -0.141384943759909     
   2.44323000000000        4.57930625000000      -0.131483905671608     
   2.44323000000000        4.88446000000000      -0.122877797141064     
   2.44323000000000        5.18961375000000      -0.115470924762623     
   2.44323000000000        5.49476750000000      -0.108990743965740     
   2.44323000000000        5.79992125000000      -0.103072192497550     
   2.44323000000000        6.10507500000000      -9.739864842727983E-002
   2.44323000000000        6.41022875000000      -9.181259514228036E-002
   2.44323000000000        6.71538250000000      -8.636375829903258E-002
   2.44323000000000        7.02053625000000      -8.133362172116296E-002
   2.44323000000000        7.32569000000000      -7.715404509557942E-002
   2.74838375000000       2.000000000000000E-003 -0.255810526765107     
   2.74838375000000       0.307153750000000      -0.261282538677795     
   2.74838375000000       0.612307500000000      -0.269904560654667     
   2.74838375000000       0.917461250000000      -0.272204300736080     
   2.74838375000000        1.22261500000000      -0.265635690880693     
   2.74838375000000        1.52776875000000      -0.253728131852476     
   2.74838375000000        1.83292250000000      -0.239512697502647     
   2.74838375000000        2.13807625000000      -0.224473111326443     
   2.74838375000000        2.44323000000000      -0.209443484509026     
   2.74838375000000        2.74838375000000      -0.194964244824520     
   2.74838375000000        3.05353750000000      -0.181373019340484     
   2.74838375000000        3.35869125000000      -0.168824926071986     
   2.74838375000000        3.66384500000000      -0.157337504652850     
   2.74838375000000        3.96899875000000      -0.146872948582584     
   2.74838375000000        4.27415250000000      -0.137408763219665     
   2.74838375000000        4.57930625000000      -0.128941305285281     
   2.74838375000000        4.88446000000000      -0.121427744525463     
   2.74838375000000        5.18961375000000      -0.114724199472757     
   2.74838375000000        5.49476750000000      -0.108581019287696     
   2.74838375000000        5.79992125000000      -0.102710306710379     
   2.74838375000000        6.10507500000000      -9.687680586655403E-002
   2.74838375000000        6.41022875000000      -9.094337390204649E-002
   2.74838375000000        6.71538250000000      -8.496829764110524E-002
   2.74838375000000        7.02053625000000      -7.967323452856234E-002
   2.74838375000000        7.32569000000000      -7.595629550275780E-002
   3.05353750000000       2.000000000000000E-003 -0.208863675298838     
   3.05353750000000       0.307153750000000      -0.220119213857382     
   3.05353750000000       0.612307500000000      -0.236421747894727     
   3.05353750000000       0.917461250000000      -0.242332010849184     
   3.05353750000000        1.22261500000000      -0.238270467314948     
   3.05353750000000        1.52776875000000      -0.228928278429699     
   3.05353750000000        1.83292250000000      -0.217559049467358     
   3.05353750000000        2.13807625000000      -0.205434420431289     
   3.05353750000000        2.44323000000000      -0.193236024909145     
   3.05353750000000        2.74838375000000      -0.181417223217772     
   3.05353750000000        3.05353750000000      -0.170254292370264     
   3.05353750000000        3.35869125000000      -0.159863943308362     
   3.05353750000000        3.66384500000000      -0.150257247500007     
   3.05353750000000        3.96899875000000      -0.141408859228096     
   3.05353750000000        4.27415250000000      -0.133302189471634     
   3.05353750000000        4.57930625000000      -0.125925963841617     
   3.05353750000000        4.88446000000000      -0.119226771065763     
   3.05353750000000        5.18961375000000      -0.113063897493590     
   3.05353750000000        5.49476750000000      -0.107217377978187     
   3.05353750000000        5.79992125000000      -0.101450877875559     
   3.05353750000000        6.10507500000000      -9.556504944352465E-002
   3.05353750000000        6.41022875000000      -8.937360609509730E-002
   3.05353750000000        6.71538250000000      -8.314941755243598E-002
   3.05353750000000        7.02053625000000      -7.798790188306287E-002
   3.05353750000000        7.32569000000000      -7.527194461407788E-002
   3.35869125000000       2.000000000000000E-003 -0.197664038237754     
   3.35869125000000       0.307153750000000      -0.211299504643815     
   3.35869125000000       0.612307500000000      -0.224880548744558     
   3.35869125000000       0.917461250000000      -0.225478622872369     
   3.35869125000000        1.22261500000000      -0.218271520387784     
   3.35869125000000        1.52776875000000      -0.208587897929167     
   3.35869125000000        1.83292250000000      -0.198579519473667     
   3.35869125000000        2.13807625000000      -0.188437503120971     
   3.35869125000000        2.44323000000000      -0.178460923133942     
   3.35869125000000        2.74838375000000      -0.168908314147714     
   3.35869125000000        3.05353750000000      -0.159906252947589     
   3.35869125000000        3.35869125000000      -0.151454785117453     
   3.35869125000000        3.66384500000000      -0.143502924350141     
   3.35869125000000        3.96899875000000      -0.136017780844315     
   3.35869125000000        4.27415250000000      -0.129001040022522     
   3.35869125000000        4.57930625000000      -0.122469754866275     
   3.35869125000000        4.88446000000000      -0.116399333080177     
   3.35869125000000        5.18961375000000      -0.110676177965522     
   3.35869125000000        5.49476750000000      -0.105114443730608     
   3.35869125000000        5.79992125000000      -9.952315628049770E-002
   3.35869125000000        6.10507500000000      -9.374178971226242E-002
   3.35869125000000        6.41022875000000      -8.769156647183872E-002
   3.35869125000000        6.71538250000000      -8.202240059921932E-002
   3.35869125000000        7.02053625000000      -7.822620657695502E-002
   3.35869125000000        7.32569000000000      -7.688870011889896E-002
   3.66384500000000       2.000000000000000E-003 -0.206508379602787     
   3.66384500000000       0.307153750000000      -0.211516012775737     
   3.66384500000000       0.612307500000000      -0.215326858530491     
   3.66384500000000       0.917461250000000      -0.209532636153362     
   3.66384500000000        1.22261500000000      -0.199726653665342     
   3.66384500000000        1.52776875000000      -0.189933334191712     
   3.66384500000000        1.83292250000000      -0.181252751948738     
   3.66384500000000        2.13807625000000      -0.172947952995181     
   3.66384500000000        2.44323000000000      -0.164987625967214     
   3.66384500000000        2.74838375000000      -0.157453017471821     
   3.66384500000000        3.05353750000000      -0.150337155951780     
   3.66384500000000        3.35869125000000      -0.143543390732227     
   3.66384500000000        3.66384500000000      -0.136976501097917     
   3.66384500000000        3.96899875000000      -0.130609563497865     
   3.66384500000000        4.27415250000000      -0.124475036152975     
   3.66384500000000        4.57930625000000      -0.118628221418179     
   3.66384500000000        4.88446000000000      -0.113078044469982     
   3.66384500000000        5.18961375000000      -0.107739629102047     
   3.66384500000000        5.49476750000000      -0.102462000767179     
   3.66384500000000        5.79992125000000      -9.710545405815361E-002
   3.66384500000000        6.10507500000000      -9.159005806199010E-002
   3.66384500000000        6.41022875000000      -8.605415464744935E-002
   3.66384500000000        6.71538250000000      -8.148115878703011E-002
   3.66384500000000        7.02053625000000      -7.970199693021582E-002
   3.66384500000000        7.32569000000000      -7.901084536043758E-002
   3.96899875000000       2.000000000000000E-003 -0.161998522524634     
   3.96899875000000       0.307153750000000      -0.174970886985921     
   3.96899875000000       0.612307500000000      -0.186151068918422     
   3.96899875000000       0.917461250000000      -0.184949319314845     
   3.96899875000000        1.22261500000000      -0.178291982809581     
   3.96899875000000        1.52776875000000      -0.171166295049698     
   3.96899875000000        1.83292250000000      -0.164757024501504     
   3.96899875000000        2.13807625000000      -0.158611982516097     
   3.96899875000000        2.44323000000000      -0.152690879889838     
   3.96899875000000        2.74838375000000      -0.147012970284340     
   3.96899875000000        3.05353750000000      -0.141520479662678     
   3.96899875000000        3.35869125000000      -0.136095349050381     
   3.96899875000000        3.66384500000000      -0.130649519608544     
   3.96899875000000        3.96899875000000      -0.125183999755418     
   3.96899875000000        4.27415250000000      -0.119771438255866     
   3.96899875000000        4.57930625000000      -0.114499929764768     
   3.96899875000000        4.88446000000000      -0.109398900311153     
   3.96899875000000        5.18961375000000      -0.104403665234576     
   3.96899875000000        5.49476750000000      -9.939614171612435E-002
   3.96899875000000        5.79992125000000      -9.429039943928479E-002
   3.96899875000000        6.10507500000000      -8.909731378120019E-002
   3.96899875000000        6.41022875000000      -8.404459307865221E-002
   3.96899875000000        6.71538250000000      -7.993993378536753E-002
   3.96899875000000        7.02053625000000      -7.761810822938608E-002
   3.96899875000000        7.32569000000000      -7.659440441387286E-002
   4.27415250000000       2.000000000000000E-003 -0.129459888100210     
   4.27415250000000       0.307153750000000      -0.137999851497821     
   4.27415250000000       0.612307500000000      -0.150969227274457     
   4.27415250000000       0.917461250000000      -0.156268387537930     
   4.27415250000000        1.22261500000000      -0.155487086450959     
   4.27415250000000        1.52776875000000      -0.152596908969308     
   4.27415250000000        1.83292250000000      -0.149150002689608     
   4.27415250000000        2.13807625000000      -0.145431824992632     
   4.27415250000000        2.44323000000000      -0.141554474840656     
   4.27415250000000        2.74838375000000      -0.137565643518808     
   4.27415250000000        3.05353750000000      -0.133439157674853     
   4.27415250000000        3.35869125000000      -0.129111546817737     
   4.27415250000000        3.66384500000000      -0.124553537607154     
   4.27415250000000        3.96899875000000      -0.119812961790216     
   4.27415250000000        4.27415250000000      -0.114996500098130     
   4.27415250000000        4.57930625000000      -0.110209455374285     
   4.27415250000000        4.88446000000000      -0.105489444436635     
   4.27415250000000        5.18961375000000      -0.100786894872803     
   4.27415250000000        5.49476750000000      -9.601480036088757E-002
   4.27415250000000        5.79992125000000      -9.113484501068181E-002
   4.27415250000000        6.10507500000000      -8.622197530042097E-002
   4.27415250000000        6.41022875000000      -8.148737528604398E-002
   4.27415250000000        6.71538250000000      -7.746694588518095E-002
   4.27415250000000        7.02053625000000      -7.473828151441372E-002
   4.27415250000000        7.32569000000000      -7.358654850705856E-002
   4.57930625000000       2.000000000000000E-003 -0.110915930469025     
   4.57930625000000       0.307153750000000      -0.115615096996338     
   4.57930625000000       0.612307500000000      -0.125178933914416     
   4.57930625000000       0.917461250000000      -0.132329076230801     
   4.57930625000000        1.22261500000000      -0.135245424016429     
   4.57930625000000        1.52776875000000      -0.135756250618773     
   4.57930625000000        1.83292250000000      -0.135099819949837     
   4.57930625000000        2.13807625000000      -0.133679765024428     
   4.57930625000000        2.44323000000000      -0.131654337291778     
   4.57930625000000        2.74838375000000      -0.129106743609077     
   4.57930625000000        3.05353750000000      -0.126080684720907     
   4.57930625000000        3.35869125000000      -0.122607386036082     
   4.57930625000000        3.66384500000000      -0.118742078962033     
   4.57930625000000        3.96899875000000      -0.114582870955101     
   4.57930625000000        4.27415250000000      -0.110254083973830     
   4.57930625000000        4.57930625000000      -0.105861813217783     
   4.57930625000000        4.88446000000000      -0.101447256294830     
   4.57930625000000        5.18961375000000      -9.697892025538048E-002
   4.57930625000000        5.49476750000000      -9.240243249922131E-002
   4.57930625000000        5.79992125000000      -8.771733891747963E-002
   4.57930625000000        6.10507500000000      -8.303033266842957E-002
   4.57930625000000        6.41022875000000      -7.854453913205399E-002
   4.57930625000000        6.71538250000000      -7.457259797360986E-002
   4.57930625000000        7.02053625000000      -7.156085369364827E-002
   4.57930625000000        7.32569000000000      -6.965500613284489E-002
   4.88446000000000       2.000000000000000E-003 -0.100497420400019     
   4.88446000000000       0.307153750000000      -0.103253053610842     
   4.88446000000000       0.612307500000000      -0.109557912936438     
   4.88446000000000       0.917461250000000      -0.115307104374687     
   4.88446000000000        1.22261500000000      -0.119324668314848     
   4.88446000000000        1.52776875000000      -0.121874717526150     
   4.88446000000000        1.83292250000000      -0.123262720323087     
   4.88446000000000        2.13807625000000      -0.123625858892042     
   4.88446000000000        2.44323000000000      -0.123040078565920     
   4.88446000000000        2.74838375000000      -0.121591531512061     
   4.88446000000000        3.05353750000000      -0.119388746632720     
   4.88446000000000        3.35869125000000      -0.116554689255128     
   4.88446000000000        3.66384500000000      -0.113220263313450     
   4.88446000000000        3.96899875000000      -0.109519444762334     
   4.88446000000000        4.27415250000000      -0.105578267118510     
   4.88446000000000        4.57930625000000      -0.101494747035325     
   4.88446000000000        4.88446000000000      -9.731548520778519E-002
   4.88446000000000        5.18961375000000      -9.303473333591364E-002
   4.88446000000000        5.49476750000000      -8.863326806885827E-002
   4.88446000000000        5.79992125000000      -8.413712820496397E-002
   4.88446000000000        6.10507500000000      -7.965726671115900E-002
   4.88446000000000        6.41022875000000      -7.538377607125031E-002
   4.88446000000000        6.71538250000000      -7.154134707097931E-002
   4.88446000000000        7.02053625000000      -6.834492526020282E-002
   4.88446000000000        7.32569000000000      -6.592906144530920E-002
   5.18961375000000       2.000000000000000E-003 -9.310165098747604E-002
   5.18961375000000       0.307153750000000      -9.464726462309300E-002
   5.18961375000000       0.612307500000000      -9.860533070002525E-002
   5.18961375000000       0.917461250000000      -0.103333908299181     
   5.18961375000000        1.22261500000000      -0.107714401159948     
   5.18961375000000        1.52776875000000      -0.111278607446224     
   5.18961375000000        1.83292250000000      -0.113838662034816     
   5.18961375000000        2.13807625000000      -0.115292961489065     
   5.18961375000000        2.44323000000000      -0.115614840661978     
   5.18961375000000        2.74838375000000      -0.114873525374479     
   5.18961375000000        3.05353750000000      -0.113218634166184     
   5.18961375000000        3.35869125000000      -0.110834867631446     
   5.18961375000000        3.66384500000000      -0.107897789963797     
   5.18961375000000        3.96899875000000      -0.104552523503083     
   5.18961375000000        4.27415250000000      -0.100913980687974     
   5.18961375000000        4.57930625000000      -9.707102889402373E-002
   5.18961375000000        4.88446000000000      -9.308212486533092E-002
   5.18961375000000        5.18961375000000      -8.897359005783952E-002
   5.18961375000000        5.49476750000000      -8.475913925544086E-002
   5.18961375000000        5.79992125000000      -8.047556272446572E-002
   5.18961375000000        6.10507500000000      -7.621207774027451E-002
   5.18961375000000        6.41022875000000      -7.211549983729401E-002
   5.18961375000000        6.71538250000000      -6.837347587682470E-002
   5.18961375000000        7.02053625000000      -6.518002046479481E-002
   5.18961375000000        7.32569000000000      -6.265660396864683E-002
   5.49476750000000       2.000000000000000E-003 -8.506812709261086E-002
   5.49476750000000       0.307153750000000      -8.641439442700302E-002
   5.49476750000000       0.612307500000000      -9.011341581235531E-002
   5.49476750000000       0.917461250000000      -9.489239163176584E-002
   5.49476750000000        1.22261500000000      -9.954375221046714E-002
   5.49476750000000        1.52776875000000      -0.103492189633145     
   5.49476750000000        1.83292250000000      -0.106494753432563     
   5.49476750000000        2.13807625000000      -0.108389953810714     
   5.49476750000000        2.44323000000000      -0.109106143357738     
   5.49476750000000        2.74838375000000      -0.108701513449211     
   5.49476750000000        3.05353750000000      -0.107347158080699     
   5.49476750000000        3.35869125000000      -0.105257655090915     
   5.49476750000000        3.66384500000000      -0.102618817002520     
   5.49476750000000        3.96899875000000      -9.955904418298131E-002
   5.49476750000000        4.27415250000000      -9.616882678266456E-002
   5.49476750000000        4.57930625000000      -9.253003539030469E-002
   5.49476750000000        4.88446000000000      -8.872059107291688E-002
   5.49476750000000        5.18961375000000      -8.480060061877420E-002
   5.49476750000000        5.49476750000000      -8.080674344558984E-002
   5.49476750000000        5.79992125000000      -7.676681175150345E-002
   5.49476750000000        6.10507500000000      -7.272296810606742E-002
   5.49476750000000        6.41022875000000      -6.875040588515789E-002
   5.49476750000000        6.71538250000000      -6.501050915404236E-002
   5.49476750000000        7.02053625000000      -6.181390987451231E-002
   5.49476750000000        7.32569000000000      -5.939517187406809E-002
   5.79992125000000       2.000000000000000E-003 -7.838450397075641E-002
   5.79992125000000       0.307153750000000      -7.995157971996089E-002
   5.79992125000000       0.612307500000000      -8.391144562723162E-002
   5.79992125000000       0.917461250000000      -8.882673774236252E-002
   5.79992125000000        1.22261500000000      -9.361156517301322E-002
   5.79992125000000        1.52776875000000      -9.762662450578172E-002
   5.79992125000000        1.83292250000000      -0.100579334040628     
   5.79992125000000        2.13807625000000      -0.102436693016992     
   5.79992125000000        2.44323000000000      -0.103151614362814     
   5.79992125000000        2.74838375000000      -0.102788783357865     
   5.79992125000000        3.05353750000000      -0.101537116301505     
   5.79992125000000        3.35869125000000      -9.963009952850096E-002
   5.79992125000000        3.66384500000000      -9.724248624310633E-002
   5.79992125000000        3.96899875000000      -9.445287361022213E-002
   5.79992125000000        4.27415250000000      -9.130328065765424E-002
   5.79992125000000        4.57930625000000      -8.786774315685215E-002
   5.79992125000000        4.88446000000000      -8.425110208375525E-002
   5.79992125000000        5.18961375000000      -8.054504455952995E-002
   5.79992125000000        5.49476750000000      -7.679500256962569E-002
   5.79992125000000        5.79992125000000      -7.300146345296013E-002
   5.79992125000000        6.10507500000000      -6.914119825047817E-002
   5.79992125000000        6.41022875000000      -6.528784522389364E-002
   5.79992125000000        6.71538250000000      -6.168207066378089E-002
   5.79992125000000        7.02053625000000      -5.867476257212268E-002
   5.79992125000000        7.32569000000000      -5.654166209042652E-002
   6.10507500000000       2.000000000000000E-003 -7.167055287494944E-002
   6.10507500000000       0.307153750000000      -7.408497275315740E-002
   6.10507500000000       0.612307500000000      -7.934975982368724E-002
   6.10507500000000       0.917461250000000      -8.466196109856475E-002
   6.10507500000000        1.22261500000000      -8.919789206933253E-002
   6.10507500000000        1.52776875000000      -9.285108023252395E-002
   6.10507500000000        1.83292250000000      -9.544534867670317E-002
   6.10507500000000        2.13807625000000      -9.697819954135475E-002
   6.10507500000000        2.44323000000000      -9.744057024988219E-002
   6.10507500000000        2.74838375000000      -9.690453235218975E-002
   6.10507500000000        3.05353750000000      -9.558961415205568E-002
   6.10507500000000        3.35869125000000      -9.379067945854987E-002
   6.10507500000000        3.66384500000000      -9.169437816930222E-002
   6.10507500000000        3.96899875000000      -8.925714856245867E-002
   6.10507500000000        4.27415250000000      -8.640171412018967E-002
   6.10507500000000        4.57930625000000      -8.319351395579538E-002
   6.10507500000000        4.88446000000000      -7.978261319801000E-002
   6.10507500000000        5.18961375000000      -7.629184979194641E-002
   6.10507500000000        5.49476750000000      -7.276043080454336E-002
   6.10507500000000        5.79992125000000      -6.914918260058084E-002
   6.10507500000000        6.10507500000000      -6.548376298919366E-002
   6.10507500000000        6.41022875000000      -6.183055233418462E-002
   6.10507500000000        6.71538250000000      -5.839037615471940E-002
   6.10507500000000        7.02053625000000      -5.558311063026541E-002
   6.10507500000000        7.32569000000000      -5.383820731545118E-002
   6.41022875000000       2.000000000000000E-003 -6.211434064416941E-002
   6.41022875000000       0.307153750000000      -6.707725336552180E-002
   6.41022875000000       0.612307500000000      -7.534350730246442E-002
   6.41022875000000       0.917461250000000      -8.130481323711850E-002
   6.41022875000000        1.22261500000000      -8.546373956312708E-002
   6.41022875000000        1.52776875000000      -8.858267511611007E-002
   6.41022875000000        1.83292250000000      -9.067289420829432E-002
   6.41022875000000        2.13807625000000      -9.175012510911136E-002
   6.41022875000000        2.44323000000000      -9.182480129722298E-002
   6.41022875000000        2.74838375000000      -9.091989037940482E-002
   6.41022875000000        3.05353750000000      -8.932042598668087E-002
   6.41022875000000        3.35869125000000      -8.765914196663638E-002
   6.41022875000000        3.66384500000000      -8.611349652702732E-002
   6.41022875000000        3.96899875000000      -8.420870130851338E-002
   6.41022875000000        4.27415250000000      -8.169256509566325E-002
   6.41022875000000        4.57930625000000      -7.872060414009617E-002
   6.41022875000000        4.88446000000000      -7.550688678931279E-002
   6.41022875000000        5.18961375000000      -7.218738540950349E-002
   6.41022875000000        5.49476750000000      -6.877697346707026E-002
   6.41022875000000        5.79992125000000      -6.528307405100379E-002
   6.41022875000000        6.10507500000000      -6.181801313657070E-002
   6.41022875000000        6.41022875000000      -5.830207004786250E-002
   6.41022875000000        6.71538250000000      -5.483974633050920E-002
   6.41022875000000        7.02053625000000      -5.202088457786290E-002
   6.41022875000000        7.32569000000000      -5.060318935514902E-002
   6.71538250000000       2.000000000000000E-003 -4.897076094447309E-002
   6.71538250000000       0.307153750000000      -5.953240148431854E-002
   6.71538250000000       0.612307500000000      -7.123268181756467E-002
   6.71538250000000       0.917461250000000      -7.739550520940054E-002
   6.71538250000000        1.22261500000000      -8.146679107514639E-002
   6.71538250000000        1.52776875000000      -8.434999458470775E-002
   6.71538250000000        1.83292250000000      -8.607739244877913E-002
   6.71538250000000        2.13807625000000      -8.672010718992988E-002
   6.71538250000000        2.44323000000000      -8.636720263384765E-002
   6.71538250000000        2.74838375000000      -8.491856590025428E-002
   6.71538250000000        3.05353750000000      -8.303913613024271E-002
   6.71538250000000        3.35869125000000      -8.190873387075651E-002
   6.71538250000000        3.66384500000000      -8.149639838923356E-002
   6.71538250000000        3.96899875000000      -8.011728265043933E-002
   6.71538250000000        4.27415250000000      -7.769260948304546E-002
   6.71538250000000        4.57930625000000      -7.475445615674600E-002
   6.71538250000000        4.88446000000000      -7.164912184611121E-002
   6.71538250000000        5.18961375000000      -6.842158517363849E-002
   6.71538250000000        5.49476750000000      -6.501029274538832E-002
   6.71538250000000        5.79992125000000      -6.165191831290170E-002
   6.71538250000000        6.10507500000000      -5.835567284962225E-002
   6.71538250000000        6.41022875000000      -5.482297741252551E-002
   6.71538250000000        6.71538250000000      -5.089025829892972E-002
   6.71538250000000        7.02053625000000      -4.733083586460035E-002
   6.71538250000000        7.32569000000000      -4.592557025365449E-002
   7.02053625000000       2.000000000000000E-003 -4.565061075643934E-002
   7.02053625000000       0.307153750000000      -5.756511151706900E-002
   7.02053625000000       0.612307500000000      -6.475073181353996E-002
   7.02053625000000       0.917461250000000      -7.151418284455889E-002
   7.02053625000000        1.22261500000000      -7.680662164873686E-002
   7.02053625000000        1.52776875000000      -8.004695849589936E-002
   7.02053625000000        1.83292250000000      -8.165156616770586E-002
   7.02053625000000        2.13807625000000      -8.202355424525079E-002
   7.02053625000000        2.44323000000000      -8.136214616849029E-002
   7.02053625000000        2.74838375000000      -7.966442219036100E-002
   7.02053625000000        3.05353750000000      -7.791499361589062E-002
   7.02053625000000        3.35869125000000      -7.810845324547247E-002
   7.02053625000000        3.66384500000000      -7.970506935735167E-002
   7.02053625000000        3.96899875000000      -7.779790226820422E-002
   7.02053625000000        4.27415250000000      -7.494186014211650E-002
   7.02053625000000        4.57930625000000      -7.170716267603790E-002
   7.02053625000000        4.88446000000000      -6.841741451227763E-002
   7.02053625000000        5.18961375000000      -6.519231381827106E-002
   7.02053625000000        5.49476750000000      -6.178103879045457E-002
   7.02053625000000        5.79992125000000      -5.861859093777791E-002
   7.02053625000000        6.10507500000000      -5.553145081700288E-002
   7.02053625000000        6.41022875000000      -5.200504745021758E-002
   7.02053625000000        6.71538250000000      -4.736025533865235E-002
   7.02053625000000        7.02053625000000      -4.213988140716091E-002
   7.02053625000000        7.32569000000000      -4.001885565612563E-002
   7.32569000000000       2.000000000000000E-003 -5.748952360425880E-002
   7.32569000000000       0.307153750000000      -5.598425154102680E-002
   7.32569000000000       0.612307500000000      -5.769371908320740E-002
   7.32569000000000       0.917461250000000      -6.630614351751721E-002
   7.32569000000000        1.22261500000000      -7.264968907437470E-002
   7.32569000000000        1.52776875000000      -7.607201632786224E-002
   7.32569000000000        1.83292250000000      -7.754814746535620E-002
   7.32569000000000        2.13807625000000      -7.782495905169204E-002
   7.32569000000000        2.44323000000000      -7.723157417720433E-002
   7.32569000000000        2.74838375000000      -7.605045191547580E-002
   7.32569000000000        3.05353750000000      -7.536666211430641E-002
   7.32569000000000        3.35869125000000      -7.694513769379216E-002
   7.32569000000000        3.66384500000000      -7.901013878550990E-002
   7.32569000000000        3.96899875000000      -7.665797118236510E-002
   7.32569000000000        4.27415250000000      -7.367495125328866E-002
   7.32569000000000        4.57930625000000      -6.971456649945953E-002
   7.32569000000000        4.88446000000000      -6.594249313479110E-002
   7.32569000000000        5.18961375000000      -6.262760838755278E-002
   7.32569000000000        5.49476750000000      -5.933306108589761E-002
   7.32569000000000        5.79992125000000      -5.646759906268003E-002
   7.32569000000000        6.10507500000000      -5.378094349374769E-002
   7.32569000000000        6.41022875000000      -5.059954295428755E-002
   7.32569000000000        6.71538250000000      -4.600219021383857E-002
   7.32569000000000        7.02053625000000      -4.010304714115395E-002
   7.32569000000000        7.32569000000000      -3.599288928402970E-002
