  2.000000000000000E-003  2.000000000000000E-003 -0.179655775406721     
  2.000000000000000E-003  0.307153750000000      -0.221028038763063     
  2.000000000000000E-003  0.612307500000000      -0.217957972101502     
  2.000000000000000E-003  0.917461250000000      -0.175038680369209     
  2.000000000000000E-003   1.22261500000000      -0.132762103789069     
  2.000000000000000E-003   1.52776875000000      -9.977309849754844E-002
  2.000000000000000E-003   1.83292250000000      -7.544084814949155E-002
  2.000000000000000E-003   2.13807625000000      -5.761084765360357E-002
  2.000000000000000E-003   2.44323000000000      -4.329966215057087E-002
  2.000000000000000E-003   2.74838375000000      -3.266378708147983E-002
  2.000000000000000E-003   3.05353750000000      -2.734091807024555E-002
  2.000000000000000E-003   3.35869125000000      -2.875488734991636E-002
  2.000000000000000E-003   3.66384500000000      -3.331996639795846E-002
  2.000000000000000E-003   3.96899875000000      -2.254079395630262E-002
  2.000000000000000E-003   4.27415250000000      -1.446592503197881E-002
  2.000000000000000E-003   4.57930625000000      -1.309893304965094E-002
  2.000000000000000E-003   4.88446000000000      -1.444678581770433E-002
  2.000000000000000E-003   5.18961375000000      -1.575738675042910E-002
  2.000000000000000E-003   5.49476750000000      -1.604009525072852E-002
  2.000000000000000E-003   5.79992125000000      -1.586627515466227E-002
  2.000000000000000E-003   6.10507500000000      -1.494708833622743E-002
  2.000000000000000E-003   6.41022875000000      -1.274165078899539E-002
  2.000000000000000E-003   6.71538250000000      -9.330183588410833E-003
  2.000000000000000E-003   7.02053625000000      -8.224864201982396E-003
  2.000000000000000E-003   7.32569000000000      -1.060194807718384E-002
  0.307153750000000       2.000000000000000E-003 -0.245559347754783     
  0.307153750000000       0.307153750000000      -0.183652223431333     
  0.307153750000000       0.612307500000000      -0.177547401658530     
  0.307153750000000       0.917461250000000      -0.158523159875986     
  0.307153750000000        1.22261500000000      -0.128048165224392     
  0.307153750000000        1.52776875000000      -9.957737040176964E-002
  0.307153750000000        1.83292250000000      -7.664734778034303E-002
  0.307153750000000        2.13807625000000      -5.888570305054446E-002
  0.307153750000000        2.44323000000000      -4.409065943767442E-002
  0.307153750000000        2.74838375000000      -3.227450306491890E-002
  0.307153750000000        3.05353750000000      -2.582923009841778E-002
  0.307153750000000        3.35869125000000      -2.686940709095427E-002
  0.307153750000000        3.66384500000000      -3.183415964688376E-002
  0.307153750000000        3.96899875000000      -2.569497752181997E-002
  0.307153750000000        4.27415250000000      -1.819306730770162E-002
  0.307153750000000        4.57930625000000      -1.585272080706508E-002
  0.307153750000000        4.88446000000000      -1.629913560427021E-002
  0.307153750000000        5.18961375000000      -1.685704396418984E-002
  0.307153750000000        5.49476750000000      -1.670201097974261E-002
  0.307153750000000        5.79992125000000      -1.615809176443148E-002
  0.307153750000000        6.10507500000000      -1.502556912748533E-002
  0.307153750000000        6.41022875000000      -1.319792742803570E-002
  0.307153750000000        6.71538250000000      -1.150925601919305E-002
  0.307153750000000        7.02053625000000      -1.184755418402159E-002
  0.307153750000000        7.32569000000000      -1.317225390226576E-002
  0.612307500000000       2.000000000000000E-003 -0.254848266117365     
  0.612307500000000       0.307153750000000      -0.199774127240711     
  0.612307500000000       0.612307500000000      -0.154299402492798     
  0.612307500000000       0.917461250000000      -0.136056666613123     
  0.612307500000000        1.22261500000000      -0.116723199934316     
  0.612307500000000        1.52776875000000      -9.573266259345695E-002
  0.612307500000000        1.83292250000000      -7.647155049981853E-002
  0.612307500000000        2.13807625000000      -6.031597923228049E-002
  0.612307500000000        2.44323000000000      -4.683447785067714E-002
  0.612307500000000        2.74838375000000      -3.567609302508942E-002
  0.612307500000000        3.05353750000000      -2.961159248086455E-002
  0.612307500000000        3.35869125000000      -2.941747316617213E-002
  0.612307500000000        3.66384500000000      -3.133537486817278E-002
  0.612307500000000        3.96899875000000      -2.855635949877117E-002
  0.612307500000000        4.27415250000000      -2.344572964396959E-002
  0.612307500000000        4.57930625000000      -2.035663065669303E-002
  0.612307500000000        4.88446000000000      -1.933005394937917E-002
  0.612307500000000        5.18961375000000      -1.861516644654293E-002
  0.612307500000000        5.49476750000000      -1.780950188931878E-002
  0.612307500000000        5.79992125000000      -1.679560959372677E-002
  0.612307500000000        6.10507500000000      -1.543590955813557E-002
  0.612307500000000        6.41022875000000      -1.388859931987843E-002
  0.612307500000000        6.71538250000000      -1.301352807567438E-002
  0.612307500000000        7.02053625000000      -1.361605480955326E-002
  0.612307500000000        7.32569000000000      -1.427832215840989E-002
  0.917461250000000       2.000000000000000E-003 -0.220738448982502     
  0.917461250000000       0.307153750000000      -0.194028537076743     
  0.917461250000000       0.612307500000000      -0.153847871624934     
  0.917461250000000       0.917461250000000      -0.128614565860772     
  0.917461250000000        1.22261500000000      -0.110192452998811     
  0.917461250000000        1.52776875000000      -9.285659632741589E-002
  0.917461250000000        1.83292250000000      -7.650925839457631E-002
  0.917461250000000        2.13807625000000      -6.211999464727996E-002
  0.917461250000000        2.44323000000000      -5.018064639025208E-002
  0.917461250000000        2.74838375000000      -4.075692834790971E-002
  0.917461250000000        3.05353750000000      -3.477377028643292E-002
  0.917461250000000        3.35869125000000      -3.286511630842236E-002
  0.917461250000000        3.66384500000000      -3.248481228844134E-002
  0.917461250000000        3.96899875000000      -3.051235747882737E-002
  0.917461250000000        4.27415250000000      -2.709814103165288E-002
  0.917461250000000        4.57930625000000      -2.411300430759937E-002
  0.917461250000000        4.88446000000000      -2.202681370514544E-002
  0.917461250000000        5.18961375000000      -2.043622031325690E-002
  0.917461250000000        5.49476750000000      -1.906766177308455E-002
  0.917461250000000        5.79992125000000      -1.764752692844706E-002
  0.917461250000000        6.10507500000000      -1.605867255258253E-002
  0.917461250000000        6.41022875000000      -1.448743182109208E-002
  0.917461250000000        6.71538250000000      -1.347573631205315E-002
  0.917461250000000        7.02053625000000      -1.343391916532427E-002
  0.917461250000000        7.32569000000000      -1.387522976323812E-002
   1.22261500000000       2.000000000000000E-003 -0.185390739446081     
   1.22261500000000       0.307153750000000      -0.172859688780553     
   1.22261500000000       0.612307500000000      -0.147708885145910     
   1.22261500000000       0.917461250000000      -0.125399919591842     
   1.22261500000000        1.22261500000000      -0.107608414069451     
   1.22261500000000        1.52776875000000      -9.184773726122851E-002
   1.22261500000000        1.83292250000000      -7.726346756582406E-002
   1.22261500000000        2.13807625000000      -6.425611908082052E-002
   1.22261500000000        2.44323000000000      -5.341674446727608E-002
   1.22261500000000        2.74838375000000      -4.511738535456752E-002
   1.22261500000000        3.05353750000000      -3.945753280768075E-002
   1.22261500000000        3.35869125000000      -3.618575132144552E-002
   1.22261500000000        3.66384500000000      -3.421379166103318E-002
   1.22261500000000        3.96899875000000      -3.200188236137371E-002
   1.22261500000000        4.27415250000000      -2.919372013488384E-002
   1.22261500000000        4.57930625000000      -2.637364109035827E-002
   1.22261500000000        4.88446000000000      -2.393581787093545E-002
   1.22261500000000        5.18961375000000      -2.191817758652310E-002
   1.22261500000000        5.49476750000000      -2.017773331585981E-002
   1.22261500000000        5.79992125000000      -1.850316129773000E-002
   1.22261500000000        6.10507500000000      -1.678143269859225E-002
   1.22261500000000        6.41022875000000      -1.517383463285224E-002
   1.22261500000000        6.71538250000000      -1.403599937359117E-002
   1.22261500000000        7.02053625000000      -1.363697817073694E-002
   1.22261500000000        7.32569000000000      -1.382341339595441E-002
   1.52776875000000       2.000000000000000E-003 -0.158787283381570     
   1.52776875000000       0.307153750000000      -0.152383057432733     
   1.52776875000000       0.612307500000000      -0.137532180008795     
   1.52776875000000       0.917461250000000      -0.121014536790585     
   1.52776875000000        1.22261500000000      -0.105694443692852     
   1.52776875000000        1.52776875000000      -9.154063451943278E-002
   1.52776875000000        1.83292250000000      -7.838072983296132E-002
   1.52776875000000        2.13807625000000      -6.648017105925579E-002
   1.52776875000000        2.44323000000000      -5.636631092303225E-002
   1.52776875000000        2.74838375000000      -4.841524666555088E-002
   1.52776875000000        3.05353750000000      -4.264873616035819E-002
   1.52776875000000        3.35869125000000      -3.867072800101233E-002
   1.52776875000000        3.66384500000000      -3.572991709973381E-002
   1.52776875000000        3.96899875000000      -3.305944315860664E-002
   1.52776875000000        4.27415250000000      -3.032063748382629E-002
   1.52776875000000        4.57930625000000      -2.760589218847141E-002
   1.52776875000000        4.88446000000000      -2.510625201777800E-002
   1.52776875000000        5.18961375000000      -2.290441383004752E-002
   1.52776875000000        5.49476750000000      -2.095586849230933E-002
   1.52776875000000        5.79992125000000      -1.915612658325082E-002
   1.52776875000000        6.10507500000000      -1.743260965687249E-002
   1.52776875000000        6.41022875000000      -1.587858754065928E-002
   1.52776875000000        6.71538250000000      -1.473754666855414E-002
   1.52776875000000        7.02053625000000      -1.418092963097609E-002
   1.52776875000000        7.32569000000000      -1.411371256355437E-002
   1.83292250000000       2.000000000000000E-003 -0.141211025217488     
   1.83292250000000       0.307153750000000      -0.137492155512767     
   1.83292250000000       0.612307500000000      -0.128016496297783     
   1.83292250000000       0.917461250000000      -0.115961295286164     
   1.83292250000000        1.22261500000000      -0.103453634354786     
   1.83292250000000        1.52776875000000      -9.116066888330342E-002
   1.83292250000000        1.83292250000000      -7.934911619797068E-002
   1.83292250000000        2.13807625000000      -6.842160471121914E-002
   1.83292250000000        2.44323000000000      -5.886046044748569E-002
   1.83292250000000        2.74838375000000      -5.101409480480944E-002
   1.83292250000000        3.05353750000000      -4.493761697176902E-002
   1.83292250000000        3.35869125000000      -4.035985560157612E-002
   1.83292250000000        3.66384500000000      -3.678992286938395E-002
   1.83292250000000        3.96899875000000      -3.373292338357475E-002
   1.83292250000000        4.27415250000000      -3.088861037781862E-002
   1.83292250000000        4.57930625000000      -2.818544654402049E-002
   1.83292250000000        4.88446000000000      -2.567006707475472E-002
   1.83292250000000        5.18961375000000      -2.338939639880099E-002
   1.83292250000000        5.49476750000000      -2.134222027609202E-002
   1.83292250000000        5.79992125000000      -1.949669362745126E-002
   1.83292250000000        6.10507500000000      -1.783865354705463E-002
   1.83292250000000        6.41022875000000      -1.641305983600425E-002
   1.83292250000000        6.71538250000000      -1.533383539274469E-002
   1.83292250000000        7.02053625000000      -1.470705441987069E-002
   1.83292250000000        7.32569000000000      -1.446870802949587E-002
   2.13807625000000       2.000000000000000E-003 -0.131498726336715     
   2.13807625000000       0.307153750000000      -0.128662735541767     
   2.13807625000000       0.612307500000000      -0.121369477412504     
   2.13807625000000       0.917461250000000      -0.111677725049434     
   2.13807625000000        1.22261500000000      -0.101087142003954     
   2.13807625000000        1.52776875000000      -9.030476746836603E-002
   2.13807625000000        1.83292250000000      -7.971336460246008E-002
   2.13807625000000        2.13807625000000      -6.969362916606725E-002
   2.13807625000000        2.44323000000000      -6.065175181210235E-002
   2.13807625000000        2.74838375000000      -5.290466778086331E-002
   2.13807625000000        3.05353750000000      -4.656692680078613E-002
   2.13807625000000        3.35869125000000      -4.151667426440299E-002
   2.13807625000000        3.66384500000000      -3.746020209478156E-002
   2.13807625000000        3.96899875000000      -3.406007932358509E-002
   2.13807625000000        4.27415250000000      -3.105380499946001E-002
   2.13807625000000        4.57930625000000      -2.830166134914965E-002
   2.13807625000000        4.88446000000000      -2.576371021236559E-002
   2.13807625000000        5.18961375000000      -2.344822217282977E-002
   2.13807625000000        5.49476750000000      -2.136930099677851E-002
   2.13807625000000        5.79992125000000      -1.953235192639337E-002
   2.13807625000000        6.10507500000000      -1.794396452083991E-002
   2.13807625000000        6.41022875000000      -1.662991669168180E-002
   2.13807625000000        6.71538250000000      -1.564092374024097E-002
   2.13807625000000        7.02053625000000      -1.502124729661110E-002
   2.13807625000000        7.32569000000000      -1.473367509639666E-002
   2.44323000000000       2.000000000000000E-003 -0.129391076572687     
   2.44323000000000       0.307153750000000      -0.125883310816027     
   2.44323000000000       0.612307500000000      -0.117644487947707     
   2.44323000000000       0.917461250000000      -0.108001719315969     
   2.44323000000000        1.22261500000000      -9.827592512365826E-002
   2.44323000000000        1.52776875000000      -8.864704309445232E-002
   2.44323000000000        1.83292250000000      -7.916896803878343E-002
   2.44323000000000        2.13807625000000      -7.003804639869468E-002
   2.44323000000000        2.44323000000000      -6.155126451981657E-002
   2.44323000000000        2.74838375000000      -5.399240965551396E-002
   2.44323000000000        3.05353750000000      -4.753022868573892E-002
   2.44323000000000        3.35869125000000      -4.216777266689620E-002
   2.44323000000000        3.66384500000000      -3.776021635347337E-002
   2.44323000000000        3.96899875000000      -3.408368874189778E-002
   2.44323000000000        4.27415250000000      -3.091533183997295E-002
   2.44323000000000        4.57930625000000      -2.808984769856612E-002
   2.44323000000000        4.88446000000000      -2.552174434896550E-002
   2.44323000000000        5.18961375000000      -2.319446106611363E-002
   2.44323000000000        5.49476750000000      -2.112526082260729E-002
   2.44323000000000        5.79992125000000      -1.933011535249254E-002
   2.44323000000000        6.10507500000000      -1.780738776883893E-002
   2.44323000000000        6.41022875000000      -1.654932830091547E-002
   2.44323000000000        6.71538250000000      -1.558166815840568E-002
   2.44323000000000        7.02053625000000      -1.499497923048737E-002
   2.44323000000000        7.32569000000000      -1.484159453571662E-002
   2.74838375000000       2.000000000000000E-003 -0.132035199168260     
   2.74838375000000       0.307153750000000      -0.126523859337248     
   2.74838375000000       0.612307500000000      -0.115019541970029     
   2.74838375000000       0.917461250000000      -0.103847832027433     
   2.74838375000000        1.22261500000000      -9.456755087594766E-002
   2.74838375000000        1.52776875000000      -8.604469726434007E-002
   2.74838375000000        1.83292250000000      -7.767720892663318E-002
   2.74838375000000        2.13807625000000      -6.944258569538066E-002
   2.74838375000000        2.44323000000000      -6.155312757119887E-002
   2.74838375000000        2.74838375000000      -5.427785233674063E-002
   2.74838375000000        3.05353750000000      -4.783431616321860E-002
   2.74838375000000        3.35869125000000      -4.232204621313904E-002
   2.74838375000000        3.66384500000000      -3.770493400421165E-002
   2.74838375000000        3.96899875000000      -3.384231142627653E-002
   2.74838375000000        4.27415250000000      -3.054852488765414E-002
   2.74838375000000        4.57930625000000      -2.765699448906727E-002
   2.74838375000000        4.88446000000000      -2.506663125576430E-002
   2.74838375000000        5.18961375000000      -2.275005667348423E-002
   2.74838375000000        5.49476750000000      -2.072111432594350E-002
   2.74838375000000        5.79992125000000      -1.898656417775215E-002
   2.74838375000000        6.10507500000000      -1.751019766922626E-002
   2.74838375000000        6.41022875000000      -1.621628902641902E-002
   2.74838375000000        6.71538250000000      -1.516109720062516E-002
   2.74838375000000        7.02053625000000      -1.461764872877020E-002
   2.74838375000000        7.32569000000000      -1.476862455587183E-002
   3.05353750000000       2.000000000000000E-003 -0.133966034395761     
   3.05353750000000       0.307153750000000      -0.124760384659286     
   3.05353750000000       0.612307500000000      -0.109100844486493     
   3.05353750000000       0.917461250000000      -9.754539262404215E-002
   3.05353750000000        1.22261500000000      -8.972001797288964E-002
   3.05353750000000        1.52776875000000      -8.270600058584347E-002
   3.05353750000000        1.83292250000000      -7.551170810682689E-002
   3.05353750000000        2.13807625000000      -6.814446989735619E-002
   3.05353750000000        2.44323000000000      -6.083855481814181E-002
   3.05353750000000        2.74838375000000      -5.388861815067725E-002
   3.05353750000000        3.05353750000000      -4.756092717121008E-002
   3.05353750000000        3.35869125000000      -4.202559816085508E-002
   3.05353750000000        3.66384500000000      -3.732138381809461E-002
   3.05353750000000        3.96899875000000      -3.336586156760959E-002
   3.05353750000000        4.27415250000000      -3.000423891848586E-002
   3.05353750000000        4.57930625000000      -2.708074493093716E-002
   3.05353750000000        4.88446000000000      -2.449657970032357E-002
   3.05353750000000        5.18961375000000      -2.222203892964459E-002
   3.05353750000000        5.49476750000000      -2.026317421916470E-002
   3.05353750000000        5.79992125000000      -1.860655901671594E-002
   3.05353750000000        6.10507500000000      -1.716453557620774E-002
   3.05353750000000        6.41022875000000      -1.581803446952654E-002
   3.05353750000000        6.71538250000000      -1.472413433989898E-002
   3.05353750000000        7.02053625000000      -1.415712075518190E-002
   3.05353750000000        7.32569000000000      -1.465623576995106E-002
   3.35869125000000       2.000000000000000E-003 -0.125841987173641     
   3.35869125000000       0.307153750000000      -0.113094516914430     
   3.35869125000000       0.612307500000000      -9.741873414566854E-002
   3.35869125000000       0.917461250000000      -8.918814454686226E-002
   3.35869125000000        1.22261500000000      -8.434375187313556E-002
   3.35869125000000        1.52776875000000      -7.925599200990212E-002
   3.35869125000000        1.83292250000000      -7.314792842432873E-002
   3.35869125000000        2.13807625000000      -6.649274114008430E-002
   3.35869125000000        2.44323000000000      -5.965892671614709E-002
   3.35869125000000        2.74838375000000      -5.299938529468971E-002
   3.35869125000000        3.05353750000000      -4.682322866862654E-002
   3.35869125000000        3.35869125000000      -4.134321149611036E-002
   3.35869125000000        3.66384500000000      -3.664227453480235E-002
   3.35869125000000        3.96899875000000      -3.267584304181551E-002
   3.35869125000000        4.27415250000000      -2.931212459649382E-002
   3.35869125000000        4.57930625000000      -2.640913399109309E-002
   3.35869125000000        4.88446000000000      -2.387620319590004E-002
   3.35869125000000        5.18961375000000      -2.168304128045502E-002
   3.35869125000000        5.49476750000000      -1.982619134168738E-002
   3.35869125000000        5.79992125000000      -1.827486434349282E-002
   3.35869125000000        6.10507500000000      -1.691196005564467E-002
   3.35869125000000        6.41022875000000      -1.570502583240097E-002
   3.35869125000000        6.71538250000000      -1.477353066371176E-002
   3.35869125000000        7.02053625000000      -1.425775649998437E-002
   3.35869125000000        7.32569000000000      -1.479752617859928E-002
   3.66384500000000       2.000000000000000E-003 -0.108418476750707     
   3.66384500000000       0.307153750000000      -9.873537475388805E-002
   3.66384500000000       0.612307500000000      -8.782070139147356E-002
   3.66384500000000       0.917461250000000      -8.322447520064971E-002
   3.66384500000000        1.22261500000000      -8.042982577791684E-002
   3.66384500000000        1.52776875000000      -7.647704361840195E-002
   3.66384500000000        1.83292250000000      -7.098565287984679E-002
   3.66384500000000        2.13807625000000      -6.473082412360402E-002
   3.66384500000000        2.44323000000000      -5.817662457003075E-002
   3.66384500000000        2.74838375000000      -5.172015407583926E-002
   3.66384500000000        3.05353750000000      -4.569244991920635E-002
   3.66384500000000        3.35869125000000      -4.031759412128884E-002
   3.66384500000000        3.66384500000000      -3.569132589229634E-002
   3.66384500000000        3.96899875000000      -3.178596651366305E-002
   3.66384500000000        4.27415250000000      -2.848550734476384E-002
   3.66384500000000        4.57930625000000      -2.566134636324295E-002
   3.66384500000000        4.88446000000000      -2.322973780426936E-002
   3.66384500000000        5.18961375000000      -2.115714147772560E-002
   3.66384500000000        5.49476750000000      -1.943027629195202E-002
   3.66384500000000        5.79992125000000      -1.801283365466451E-002
   3.66384500000000        6.10507500000000      -1.681383104638124E-002
   3.66384500000000        6.41022875000000      -1.587780987110092E-002
   3.66384500000000        6.71538250000000      -1.532806744296116E-002
   3.66384500000000        7.02053625000000      -1.516925312407236E-002
   3.66384500000000        7.32569000000000      -1.499240784505471E-002
   3.96899875000000       2.000000000000000E-003 -0.116297706915493     
   3.96899875000000       0.307153750000000      -0.104253501892919     
   3.96899875000000       0.612307500000000      -8.996502535860752E-002
   3.96899875000000       0.917461250000000      -8.303200339779084E-002
   3.96899875000000        1.22261500000000      -7.901978393891128E-002
   3.96899875000000        1.52776875000000      -7.456925423058554E-002
   3.96899875000000        1.83292250000000      -6.902648670903515E-002
   3.96899875000000        2.13807625000000      -6.282113895822908E-002
   3.96899875000000        2.44323000000000      -5.635640695139778E-002
   3.96899875000000        2.74838375000000      -5.002521283276500E-002
   3.96899875000000        3.05353750000000      -4.415014996697364E-002
   3.96899875000000        3.35869125000000      -3.893634936204177E-002
   3.96899875000000        3.66384500000000      -3.446111966053558E-002
   3.96899875000000        3.96899875000000      -3.069077010710752E-002
   3.96899875000000        4.27415250000000      -2.751902928553638E-002
   3.96899875000000        4.57930625000000      -2.482997035415645E-002
   3.96899875000000        4.88446000000000      -2.254390106253009E-002
   3.96899875000000        5.18961375000000      -2.062105042458281E-002
   3.96899875000000        5.49476750000000      -1.903831250502083E-002
   3.96899875000000        5.79992125000000      -1.776042062567817E-002
   3.96899875000000        6.10507500000000      -1.673068104813679E-002
   3.96899875000000        6.41022875000000      -1.597340663704937E-002
   3.96899875000000        6.71538250000000      -1.551150132101470E-002
   3.96899875000000        7.02053625000000      -1.509802031387561E-002
   3.96899875000000        7.32569000000000      -1.459594908872320E-002
   4.27415250000000       2.000000000000000E-003 -0.114930591702078     
   4.27415250000000       0.307153750000000      -0.107255218670010     
   4.27415250000000       0.612307500000000      -9.400285631648903E-002
   4.27415250000000       0.917461250000000      -8.456750537162108E-002
   4.27415250000000        1.22261500000000      -7.829938126259003E-002
   4.27415250000000        1.52776875000000      -7.273074440372876E-002
   4.27415250000000        1.83292250000000      -6.678998260726549E-002
   4.27415250000000        2.13807625000000      -6.044014740467044E-002
   4.27415250000000        2.44323000000000      -5.397892237284559E-002
   4.27415250000000        2.74838375000000      -4.776847382641727E-002
   4.27415250000000        3.05353750000000      -4.209945495392985E-002
   4.27415250000000        3.35869125000000      -3.713381834963758E-002
   4.27415250000000        3.66384500000000      -3.290676629649631E-002
   4.27415250000000        3.96899875000000      -2.936075287377426E-002
   4.27415250000000        4.27415250000000      -2.639055861011249E-002
   4.27415250000000        4.57930625000000      -2.389000011559468E-002
   4.27415250000000        4.88446000000000      -2.178256026370765E-002
   4.27415250000000        5.18961375000000      -2.002350528237552E-002
   4.27415250000000        5.49476750000000      -1.858267520043258E-002
   4.27415250000000        5.79992125000000      -1.742539668960432E-002
   4.27415250000000        6.10507500000000      -1.650701943110994E-002
   4.27415250000000        6.41022875000000      -1.579792343199156E-002
   4.27415250000000        6.71538250000000      -1.522225938484007E-002
   4.27415250000000        7.02053625000000      -1.460977472425750E-002
   4.27415250000000        7.32569000000000      -1.419106047895274E-002
   4.57930625000000       2.000000000000000E-003 -0.104348849367996     
   4.57930625000000       0.307153750000000      -0.100163862215369     
   4.57930625000000       0.612307500000000      -9.111195215544321E-002
   4.57930625000000       0.917461250000000      -8.251213226390218E-002
   4.57930625000000        1.22261500000000      -7.582635762732749E-002
   4.57930625000000        1.52776875000000      -6.981031346630517E-002
   4.57930625000000        1.83292250000000      -6.360854470380964E-002
   4.57930625000000        2.13807625000000      -5.716907343331432E-002
   4.57930625000000        2.44323000000000      -5.077864207314638E-002
   4.57930625000000        2.74838375000000      -4.478348464727851E-002
   4.57930625000000        3.05353750000000      -3.943652840746684E-002
   4.57930625000000        3.35869125000000      -3.484425232243264E-002
   4.57930625000000        3.66384500000000      -3.098631578262575E-002
   4.57930625000000        3.96899875000000      -2.776902209512000E-002
   4.57930625000000        4.27415250000000      -2.507800848049709E-002
   4.57930625000000        4.57930625000000      -2.281338433545890E-002
   4.57930625000000        4.88446000000000      -2.090553274348489E-002
   4.57930625000000        5.18961375000000      -1.931221963598661E-002
   4.57930625000000        5.49476750000000      -1.800316064415001E-002
   4.57930625000000        5.79992125000000      -1.694548838152578E-002
   4.57930625000000        6.10507500000000      -1.609830753859214E-002
   4.57930625000000        6.41022875000000      -1.541681928938095E-002
   4.57930625000000        6.71538250000000      -1.483486171723777E-002
   4.57930625000000        7.02053625000000      -1.430148288190401E-002
   4.57930625000000        7.32569000000000      -1.398686015368030E-002
   4.88446000000000       2.000000000000000E-003 -8.966006590452297E-002
   4.88446000000000       0.307153750000000      -8.742716177879228E-002
   4.88446000000000       0.612307500000000      -8.211338943653608E-002
   4.88446000000000       0.917461250000000      -7.639822665023961E-002
   4.88446000000000        1.22261500000000      -7.085914760894287E-002
   4.88446000000000        1.52776875000000      -6.513674314104269E-002
   4.88446000000000        1.83292250000000      -5.904362379618912E-002
   4.88446000000000        2.13807625000000      -5.274840731888839E-002
   4.88446000000000        2.44323000000000      -4.661376864156377E-002
   4.88446000000000        2.74838375000000      -4.099899234095158E-002
   4.88446000000000        3.05353750000000      -3.612908855077036E-002
   4.88446000000000        3.35869125000000      -3.205642728710610E-002
   4.88446000000000        3.66384500000000      -2.869963332932565E-002
   4.88446000000000        3.96899875000000      -2.591822162268981E-002
   4.88446000000000        4.27415250000000      -2.357857462868689E-002
   4.88446000000000        4.57930625000000      -2.158639851942233E-002
   4.88446000000000        4.88446000000000      -1.988861948212195E-002
   4.88446000000000        5.18961375000000      -1.845797183309262E-002
   4.88446000000000        5.49476750000000      -1.727269482259471E-002
   4.88446000000000        5.79992125000000      -1.630498279381494E-002
   4.88446000000000        6.10507500000000      -1.552160451554211E-002
   4.88446000000000        6.41022875000000      -1.489056158068902E-002
   4.88446000000000        6.71538250000000      -1.438519777118947E-002
   4.88446000000000        7.02053625000000      -1.399677193353692E-002
   4.88446000000000        7.32569000000000      -1.377602254696171E-002
   5.18961375000000       2.000000000000000E-003 -7.426977318831375E-002
   5.18961375000000       0.307153750000000      -7.346572084008490E-002
   5.18961375000000       0.612307500000000      -7.120885202609956E-002
   5.18961375000000       0.917461250000000      -6.791197522092839E-002
   5.18961375000000        1.22261500000000      -6.373713774628106E-002
   5.18961375000000        1.52776875000000      -5.873946940613733E-002
   5.18961375000000        1.83292250000000      -5.311182181577796E-002
   5.18961375000000        2.13807625000000      -4.723362981546746E-002
   5.18961375000000        2.44323000000000      -4.156532985362293E-002
   5.18961375000000        2.74838375000000      -3.649899936046167E-002
   5.18961375000000        3.05353750000000      -3.224997791151334E-002
   5.18961375000000        3.35869125000000      -2.882916980690451E-002
   5.18961375000000        3.66384500000000      -2.609369907367838E-002
   5.18961375000000        3.96899875000000      -2.384355530394599E-002
   5.18961375000000        4.27415250000000      -2.191408569602548E-002
   5.18961375000000        4.57930625000000      -2.021855132576838E-002
   5.18961375000000        4.88446000000000      -1.873454435548430E-002
   5.18961375000000        5.18961375000000      -1.746418656941290E-002
   5.18961375000000        5.49476750000000      -1.640120214609954E-002
   5.18961375000000        5.79992125000000      -1.552250419488295E-002
   5.18961375000000        6.10507500000000      -1.480171678517314E-002
   5.18961375000000        6.41022875000000      -1.422866819706496E-002
   5.18961375000000        6.71538250000000      -1.381381674421270E-002
   5.18961375000000        7.02053625000000      -1.356691192358864E-002
   5.18961375000000        7.32569000000000      -1.346499843273251E-002
   5.49476750000000       2.000000000000000E-003 -5.943193191428248E-002
   5.49476750000000       0.307153750000000      -5.954516524070592E-002
   5.49476750000000       0.612307500000000      -5.935938320129633E-002
   5.49476750000000       0.917461250000000      -5.806727360121101E-002
   5.49476750000000        1.22261500000000      -5.528302437266640E-002
   5.49476750000000        1.52776875000000      -5.120275711108496E-002
   5.49476750000000        1.83292250000000      -4.625955271453316E-002
   5.49476750000000        2.13807625000000      -4.098695840031882E-002
   5.49476750000000        2.44323000000000      -3.592331047827398E-002
   5.49476750000000        2.74838375000000      -3.149877604336010E-002
   5.49476750000000        3.05353750000000      -2.794433306715517E-002
   5.49476750000000        3.35869125000000      -2.525796108880188E-002
   5.49476750000000        3.66384500000000      -2.323879289535359E-002
   5.49476750000000        3.96899875000000      -2.160044833289949E-002
   5.49476750000000        4.27415250000000      -2.012399519861977E-002
   5.49476750000000        4.57930625000000      -1.873563479665292E-002
   5.49476750000000        4.88446000000000      -1.746426006157007E-002
   5.49476750000000        5.18961375000000      -1.635601539656618E-002
   5.49476750000000        5.49476750000000      -1.542111050278737E-002
   5.49476750000000        5.79992125000000      -1.463101185985069E-002
   5.49476750000000        6.10507500000000      -1.395435531447859E-002
   5.49476750000000        6.41022875000000      -1.340650762688388E-002
   5.49476750000000        6.71538250000000      -1.307431085160538E-002
   5.49476750000000        7.02053625000000      -1.301811133569889E-002
   5.49476750000000        7.32569000000000      -1.311627120827764E-002
   5.79992125000000       2.000000000000000E-003 -4.348026120324793E-002
   5.79992125000000       0.307153750000000      -4.473220284270985E-002
   5.79992125000000       0.612307500000000      -4.701504504367766E-002
   5.79992125000000       0.917461250000000      -4.796642789799711E-002
   5.79992125000000        1.22261500000000      -4.663466925378675E-002
   5.79992125000000        1.52776875000000      -4.340896571875363E-002
   5.79992125000000        1.83292250000000      -3.916949738217891E-002
   5.79992125000000        2.13807625000000      -3.454242620587330E-002
   5.79992125000000        2.44323000000000      -3.008437767791832E-002
   5.79992125000000        2.74838375000000      -2.624718056880428E-002
   5.79992125000000        3.05353750000000      -2.332126855764566E-002
   5.79992125000000        3.35869125000000      -2.137581821937250E-002
   5.79992125000000        3.66384500000000      -2.017396290199337E-002
   5.79992125000000        3.96899875000000      -1.924986606849447E-002
   5.79992125000000        4.27415250000000      -1.825693141883454E-002
   5.79992125000000        4.57930625000000      -1.716251718565445E-002
   5.79992125000000        4.88446000000000      -1.609510918023363E-002
   5.79992125000000        5.18961375000000      -1.515921454477568E-002
   5.79992125000000        5.49476750000000      -1.436972357705137E-002
   5.79992125000000        5.79992125000000      -1.366515185407025E-002
   5.79992125000000        6.10507500000000      -1.297419550951195E-002
   5.79992125000000        6.41022875000000      -1.244092372218083E-002
   5.79992125000000        6.71538250000000      -1.229528805520784E-002
   5.79992125000000        7.02053625000000      -1.257835054418719E-002
   5.79992125000000        7.32569000000000      -1.297238975122807E-002
   6.10507500000000       2.000000000000000E-003 -2.608575240651841E-002
   6.10507500000000       0.307153750000000      -2.944234142407800E-002
   6.10507500000000       0.612307500000000      -3.546642295358146E-002
   6.10507500000000       0.917461250000000      -3.881574837054919E-002
   6.10507500000000        1.22261500000000      -3.868538850809385E-002
   6.10507500000000        1.52776875000000      -3.619285165182828E-002
   6.10507500000000        1.83292250000000      -3.250127642514192E-002
   6.10507500000000        2.13807625000000      -2.843546765711780E-002
   6.10507500000000        2.44323000000000      -2.443144808250495E-002
   6.10507500000000        2.74838375000000      -2.088991907986200E-002
   6.10507500000000        3.05353750000000      -1.823301521993445E-002
   6.10507500000000        3.35869125000000      -1.691227867599134E-002
   6.10507500000000        3.66384500000000      -1.682363136091178E-002
   6.10507500000000        3.96899875000000      -1.688308084824404E-002
   6.10507500000000        4.27415250000000      -1.637503719384069E-002
   6.10507500000000        4.57930625000000      -1.549682015754286E-002
   6.10507500000000        4.88446000000000      -1.461594901309039E-002
   6.10507500000000        5.18961375000000      -1.388558783111689E-002
   6.10507500000000        5.49476750000000      -1.328817866007250E-002
   6.10507500000000        5.79992125000000      -1.268441340673205E-002
   6.10507500000000        6.10507500000000      -1.204602850916059E-002
   6.10507500000000        6.41022875000000      -1.158622884136914E-002
   6.10507500000000        6.71538250000000      -1.169177715483101E-002
   6.10507500000000        7.02053625000000      -1.251448355004780E-002
   6.10507500000000        7.32569000000000      -1.333782664035777E-002
   6.41022875000000       2.000000000000000E-003 -7.884974497748290E-003
   6.41022875000000       0.307153750000000      -1.570372588206784E-002
   6.41022875000000       0.612307500000000      -2.680166077103048E-002
   6.41022875000000       0.917461250000000      -3.148642373690974E-002
   6.41022875000000        1.22261500000000      -3.172419292986898E-002
   6.41022875000000        1.52776875000000      -2.978473571064165E-002
   6.41022875000000        1.83292250000000      -2.668020606373665E-002
   6.41022875000000        2.13807625000000      -2.309922062103181E-002
   6.41022875000000        2.44323000000000      -1.929594073746423E-002
   6.41022875000000        2.74838375000000      -1.537173495470070E-002
   6.41022875000000        3.05353750000000      -1.234857362971469E-002
   6.41022875000000        3.35869125000000      -1.196583562733007E-002
   6.41022875000000        3.66384500000000      -1.363765573104877E-002
   6.41022875000000        3.96899875000000      -1.482305769317868E-002
   6.41022875000000        4.27415250000000      -1.450187482252212E-002
   6.41022875000000        4.57930625000000      -1.363440300184259E-002
   6.41022875000000        4.88446000000000      -1.296237259472268E-002
   6.41022875000000        5.18961375000000      -1.253621164156913E-002
   6.41022875000000        5.49476750000000      -1.223991058810178E-002
   6.41022875000000        5.79992125000000      -1.190274263426550E-002
   6.41022875000000        6.10507500000000      -1.147365033621642E-002
   6.41022875000000        6.41022875000000      -1.110075034633328E-002
   6.41022875000000        6.71538250000000      -1.140735929293408E-002
   6.41022875000000        7.02053625000000      -1.306456270301352E-002
   6.41022875000000        7.32569000000000      -1.455711209401278E-002
   6.71538250000000       2.000000000000000E-003  7.174303082900953E-003
   6.71538250000000       0.307153750000000      -9.083195846620078E-003
   6.71538250000000       0.612307500000000      -2.206998675371951E-002
   6.71538250000000       0.917461250000000      -2.476365931413712E-002
   6.71538250000000        1.22261500000000      -2.504195849249410E-002
   6.71538250000000        1.52776875000000      -2.404975083104387E-002
   6.71538250000000        1.83292250000000      -2.187670600174502E-002
   6.71538250000000        2.13807625000000      -1.888851026081668E-002
   6.71538250000000        2.44323000000000      -1.511948180442874E-002
   6.71538250000000        2.74838375000000      -1.043888809779582E-002
   6.71538250000000        3.05353750000000      -7.134728406999327E-003
   6.71538250000000        3.35869125000000      -7.732986261565276E-003
   6.71538250000000        3.66384500000000      -1.183321504773025E-002
   6.71538250000000        3.96899875000000      -1.356228352707527E-002
   6.71538250000000        4.27415250000000      -1.232490066942530E-002
   6.71538250000000        4.57930625000000      -1.121752110534097E-002
   6.71538250000000        4.88446000000000      -1.102081655916266E-002
   6.71538250000000        5.18961375000000      -1.113116031852548E-002
   6.71538250000000        5.49476750000000      -1.131755194523273E-002
   6.71538250000000        5.79992125000000      -1.149985300204484E-002
   6.71538250000000        6.10507500000000      -1.154352216957733E-002
   6.71538250000000        6.41022875000000      -1.138052001748245E-002
   6.71538250000000        6.71538250000000      -1.154166313354656E-002
   6.71538250000000        7.02053625000000      -1.375025615211071E-002
   6.71538250000000        7.32569000000000      -1.632955124239306E-002
   7.02053625000000       2.000000000000000E-003  4.919421681208496E-003
   7.02053625000000       0.307153750000000      -1.273031716180083E-002
   7.02053625000000       0.612307500000000      -1.301038223687544E-002
   7.02053625000000       0.917461250000000      -1.511878338817649E-002
   7.02053625000000        1.22261500000000      -1.811302782624476E-002
   7.02053625000000        1.52776875000000      -1.913251239799241E-002
   7.02053625000000        1.83292250000000      -1.825884659726345E-002
   7.02053625000000        2.13807625000000      -1.613546361675519E-002
   7.02053625000000        2.44323000000000      -1.274113264453597E-002
   7.02053625000000        2.74838375000000      -8.436942042731380E-003
   7.02053625000000        3.05353750000000      -5.160800939885647E-003
   7.02053625000000        3.35869125000000      -6.377442426880884E-003
   7.02053625000000        3.66384500000000      -1.300073428333415E-002
   7.02053625000000        3.96899875000000      -1.256652910566712E-002
   7.02053625000000        4.27415250000000      -9.215083050885083E-003
   7.02053625000000        4.57930625000000      -8.225761488593466E-003
   7.02053625000000        4.88446000000000      -8.850624496942657E-003
   7.02053625000000        5.18961375000000      -9.779101442545042E-003
   7.02053625000000        5.49476750000000      -1.057277169652569E-002
   7.02053625000000        5.79992125000000      -1.142585408301750E-002
   7.02053625000000        6.10507500000000      -1.221607858502602E-002
   7.02053625000000        6.41022875000000      -1.267329281575363E-002
   7.02053625000000        6.71538250000000      -1.258560662710933E-002
   7.02053625000000        7.02053625000000      -1.272787395620131E-002
   7.02053625000000        7.32569000000000      -1.534848669510035E-002
   7.32569000000000       2.000000000000000E-003 -1.439896269804385E-002
   7.32569000000000       0.307153750000000      -2.833645916605955E-003
   7.32569000000000       0.612307500000000       1.139356225874228E-003
   7.32569000000000       0.917461250000000      -7.195459051654647E-003
   7.32569000000000        1.22261500000000      -1.342108824293659E-002
   7.32569000000000        1.52776875000000      -1.594937129297595E-002
   7.32569000000000        1.83292250000000      -1.608482967678733E-002
   7.32569000000000        2.13807625000000      -1.496071754024474E-002
   7.32569000000000        2.44323000000000      -1.293054869588069E-002
   7.32569000000000        2.74838375000000      -1.078275459164270E-002
   7.32569000000000        3.05353750000000      -9.881557059000255E-003
   7.32569000000000        3.35869125000000      -1.191468224133894E-002
   7.32569000000000        3.66384500000000      -1.534054152746698E-002
   7.32569000000000        3.96899875000000      -1.002750290667953E-002
   7.32569000000000        4.27415250000000      -6.232782558343219E-003
   7.32569000000000        4.57930625000000      -5.913702024056294E-003
   7.32569000000000        4.88446000000000      -7.204004731832311E-003
   7.32569000000000        5.18961375000000      -8.723418926252101E-003
   7.32569000000000        5.49476750000000      -9.968526414298491E-003
   7.32569000000000        5.79992125000000      -1.133141219395215E-002
   7.32569000000000        6.10507500000000      -1.269353116525109E-002
   7.32569000000000        6.41022875000000      -1.366213889499789E-002
   7.32569000000000        6.71538250000000      -1.374821011187716E-002
   7.32569000000000        7.02053625000000      -1.324113884908350E-002
   7.32569000000000        7.32569000000000      -1.189255616865394E-002
