  2.000000000000000E-003  2.000000000000000E-003 -4.118058845493006E-002
  2.000000000000000E-003  0.307153750000000      -4.079570674767866E-002
  2.000000000000000E-003  0.612307500000000      -3.964402976325342E-002
  2.000000000000000E-003  0.917461250000000      -3.457920246925008E-002
  2.000000000000000E-003   1.22261500000000      -3.095696146329784E-002
  2.000000000000000E-003   1.52776875000000      -2.908061038975021E-002
  2.000000000000000E-003   1.83292250000000      -2.827937618106735E-002
  2.000000000000000E-003   2.13807625000000      -2.807224623938058E-002
  2.000000000000000E-003   2.44323000000000      -2.848075141489223E-002
  2.000000000000000E-003   2.74838375000000      -2.913129328622517E-002
  2.000000000000000E-003   3.05353750000000      -2.867921231752561E-002
  2.000000000000000E-003   3.35869125000000      -2.500099589176987E-002
  2.000000000000000E-003   3.66384500000000      -1.962558870668337E-002
  2.000000000000000E-003   3.96899875000000      -2.293975337068347E-002
  2.000000000000000E-003   4.27415250000000      -2.459948588575189E-002
  2.000000000000000E-003   4.57930625000000      -2.388850077691231E-002
  2.000000000000000E-003   4.88446000000000      -2.188818260753955E-002
  2.000000000000000E-003   5.18961375000000      -1.956790981686731E-002
  2.000000000000000E-003   5.49476750000000      -1.750955867175216E-002
  2.000000000000000E-003   5.79992125000000      -1.561585275645331E-002
  2.000000000000000E-003   6.10507500000000      -1.427488777749792E-002
  2.000000000000000E-003   6.41022875000000      -1.410983673134488E-002
  2.000000000000000E-003   6.71538250000000      -1.521939536346573E-002
  2.000000000000000E-003   7.02053625000000      -1.454570425387945E-002
  2.000000000000000E-003   7.32569000000000      -1.196330457363285E-002
  0.307153750000000       2.000000000000000E-003 -6.419691888418227E-002
  0.307153750000000       0.307153750000000      -5.042554469100967E-002
  0.307153750000000       0.612307500000000      -4.109024265021485E-002
  0.307153750000000       0.917461250000000      -3.630808987074778E-002
  0.307153750000000        1.22261500000000      -3.306207135575089E-002
  0.307153750000000        1.52776875000000      -3.091834349442705E-002
  0.307153750000000        1.83292250000000      -2.953991577931210E-002
  0.307153750000000        2.13807625000000      -2.869329424816035E-002
  0.307153750000000        2.44323000000000      -2.833217519333283E-002
  0.307153750000000        2.74838375000000      -2.827903586487221E-002
  0.307153750000000        3.05353750000000      -2.726020501126363E-002
  0.307153750000000        3.35869125000000      -2.361161687101834E-002
  0.307153750000000        3.66384500000000      -2.004260498515349E-002
  0.307153750000000        3.96899875000000      -2.295651562330056E-002
  0.307153750000000        4.27415250000000      -2.494942432218349E-002
  0.307153750000000        4.57930625000000      -2.421219662447606E-002
  0.307153750000000        4.88446000000000      -2.210072446144173E-002
  0.307153750000000        5.18961375000000      -1.982375363197420E-002
  0.307153750000000        5.49476750000000      -1.780519249509178E-002
  0.307153750000000        5.79992125000000      -1.598891518990345E-002
  0.307153750000000        6.10507500000000      -1.470108061283540E-002
  0.307153750000000        6.41022875000000      -1.434619609712529E-002
  0.307153750000000        6.71538250000000      -1.471789405760987E-002
  0.307153750000000        7.02053625000000      -1.418902864885698E-002
  0.307153750000000        7.32569000000000      -1.374038389255548E-002
  0.612307500000000       2.000000000000000E-003 -7.070277205386934E-002
  0.612307500000000       0.307153750000000      -5.892215001242848E-002
  0.612307500000000       0.612307500000000      -4.537932420607962E-002
  0.612307500000000       0.917461250000000      -3.926874709653957E-002
  0.612307500000000        1.22261500000000      -3.589484772940819E-002
  0.612307500000000        1.52776875000000      -3.328564880568473E-002
  0.612307500000000        1.83292250000000      -3.112836197268214E-002
  0.612307500000000        2.13807625000000      -2.933688398355224E-002
  0.612307500000000        2.44323000000000      -2.780139812717839E-002
  0.612307500000000        2.74838375000000      -2.645373294639727E-002
  0.612307500000000        3.05353750000000      -2.453457363287748E-002
  0.612307500000000        3.35869125000000      -2.170271731260100E-002
  0.612307500000000        3.66384500000000      -2.003351381793197E-002
  0.612307500000000        3.96899875000000      -2.150598422751931E-002
  0.612307500000000        4.27415250000000      -2.312669370392044E-002
  0.612307500000000        4.57930625000000      -2.292322258603829E-002
  0.612307500000000        4.88446000000000      -2.135881623653384E-002
  0.612307500000000        5.18961375000000      -1.958727056342046E-002
  0.612307500000000        5.49476750000000      -1.780387288306417E-002
  0.612307500000000        5.79992125000000      -1.615469486901029E-002
  0.612307500000000        6.10507500000000      -1.489621150503535E-002
  0.612307500000000        6.41022875000000      -1.418168084386623E-002
  0.612307500000000        6.71538250000000      -1.382640699258391E-002
  0.612307500000000        7.02053625000000      -1.375514270418571E-002
  0.612307500000000        7.32569000000000      -1.431796491597346E-002
  0.917461250000000       2.000000000000000E-003 -6.187638799208922E-002
  0.917461250000000       0.307153750000000      -5.699927427083005E-002
  0.917461250000000       0.612307500000000      -4.894554911394407E-002
  0.917461250000000       0.917461250000000      -4.346370536678688E-002
  0.917461250000000        1.22261500000000      -3.965879072657334E-002
  0.917461250000000        1.52776875000000      -3.630978279370853E-002
  0.917461250000000        1.83292250000000      -3.321867114642838E-002
  0.917461250000000        2.13807625000000      -3.038759946186602E-002
  0.917461250000000        2.44323000000000      -2.781026327412333E-002
  0.917461250000000        2.74838375000000      -2.542225495551087E-002
  0.917461250000000        3.05353750000000      -2.304129219624601E-002
  0.917461250000000        3.35869125000000      -2.089381968155676E-002
  0.917461250000000        3.66384500000000      -1.991003971933324E-002
  0.917461250000000        3.96899875000000      -2.048596802166940E-002
  0.917461250000000        4.27415250000000      -2.133565526752573E-002
  0.917461250000000        4.57930625000000      -2.124561325226729E-002
  0.917461250000000        4.88446000000000      -2.032736361341009E-002
  0.917461250000000        5.18961375000000      -1.901880064683295E-002
  0.917461250000000        5.49476750000000      -1.752287060463807E-002
  0.917461250000000        5.79992125000000      -1.608246479107212E-002
  0.917461250000000        6.10507500000000      -1.492179765047070E-002
  0.917461250000000        6.41022875000000      -1.411874326837247E-002
  0.917461250000000        6.71538250000000      -1.362375094543267E-002
  0.917461250000000        7.02053625000000      -1.346729882848240E-002
  0.917461250000000        7.32569000000000      -1.340435664933546E-002
   1.22261500000000       2.000000000000000E-003 -5.846337348943966E-002
   1.22261500000000       0.307153750000000      -5.654963531811191E-002
   1.22261500000000       0.612307500000000      -5.247810279676266E-002
   1.22261500000000       0.917461250000000      -4.827197469044407E-002
   1.22261500000000        1.22261500000000      -4.418442828634631E-002
   1.22261500000000        1.52776875000000      -4.002881980491402E-002
   1.22261500000000        1.83292250000000      -3.595465855064184E-002
   1.22261500000000        2.13807625000000      -3.212157514831451E-002
   1.22261500000000        2.44323000000000      -2.866047716813056E-002
   1.22261500000000        2.74838375000000      -2.563514968582334E-002
   1.22261500000000        3.05353750000000      -2.305349165400614E-002
   1.22261500000000        3.35869125000000      -2.106946291781304E-002
   1.22261500000000        3.66384500000000      -2.006005335880948E-002
   1.22261500000000        3.96899875000000      -1.997508623996676E-002
   1.22261500000000        4.27415250000000      -2.014737525063417E-002
   1.22261500000000        4.57930625000000      -1.998070930957933E-002
   1.22261500000000        4.88446000000000      -1.933369513941598E-002
   1.22261500000000        5.18961375000000      -1.829002627317869E-002
   1.22261500000000        5.49476750000000      -1.703589949902013E-002
   1.22261500000000        5.79992125000000      -1.580630933692707E-002
   1.22261500000000        6.10507500000000      -1.479858123610483E-002
   1.22261500000000        6.41022875000000      -1.406964331886659E-002
   1.22261500000000        6.71538250000000      -1.357364827009147E-002
   1.22261500000000        7.02053625000000      -1.323563175407985E-002
   1.22261500000000        7.32569000000000      -1.286151401589768E-002
   1.52776875000000       2.000000000000000E-003 -6.161298652090157E-002
   1.52776875000000       0.307153750000000      -6.053588866361191E-002
   1.52776875000000       0.612307500000000      -5.777577960367603E-002
   1.52776875000000       0.917461250000000      -5.395415174720034E-002
   1.52776875000000        1.22261500000000      -4.941054588248520E-002
   1.52776875000000        1.52776875000000      -4.443484198446229E-002
   1.52776875000000        1.83292250000000      -3.940052732865924E-002
   1.52776875000000        2.13807625000000      -3.460970849097455E-002
   1.52776875000000        2.44323000000000      -3.032452897684563E-002
   1.52776875000000        2.74838375000000      -2.670678675018595E-002
   1.52776875000000        3.05353750000000      -2.382935353577766E-002
   1.52776875000000        3.35869125000000      -2.174077860430998E-002
   1.52776875000000        3.66384500000000      -2.045807670453446E-002
   1.52776875000000        3.96899875000000      -1.983055831278853E-002
   1.52776875000000        4.27415250000000      -1.950445256253974E-002
   1.52776875000000        4.57930625000000      -1.911584799139918E-002
   1.52776875000000        4.88446000000000      -1.846271256436877E-002
   1.52776875000000        5.18961375000000      -1.753188155441152E-002
   1.52776875000000        5.49476750000000      -1.645348068392448E-002
   1.52776875000000        5.79992125000000      -1.541870702018840E-002
   1.52776875000000        6.10507500000000      -1.457925226819962E-002
   1.52776875000000        6.41022875000000      -1.398347860191658E-002
   1.52776875000000        6.71538250000000      -1.356661199290240E-002
   1.52776875000000        7.02053625000000      -1.322143104081412E-002
   1.52776875000000        7.32569000000000      -1.283031791291213E-002
   1.83292250000000       2.000000000000000E-003 -6.875800334377506E-002
   1.83292250000000       0.307153750000000      -6.767070184497753E-002
   1.83292250000000       0.612307500000000      -6.472586167723096E-002
   1.83292250000000       0.917461250000000      -6.039164101649711E-002
   1.83292250000000        1.22261500000000      -5.510264746948097E-002
   1.83292250000000        1.52776875000000      -4.928170515266874E-002
   1.83292250000000        1.83292250000000      -4.333197886015439E-002
   1.83292250000000        2.13807625000000      -3.765763482884533E-002
   1.83292250000000        2.44323000000000      -3.260038555603946E-002
   1.83292250000000        2.74838375000000      -2.837203889883043E-002
   1.83292250000000        3.05353750000000      -2.504798655174290E-002
   1.83292250000000        3.35869125000000      -2.260611615828374E-002
   1.83292250000000        3.66384500000000      -2.094932951581286E-002
   1.83292250000000        3.96899875000000      -1.989220024967409E-002
   1.83292250000000        4.27415250000000      -1.917077412117585E-002
   1.83292250000000        4.57930625000000      -1.851706599366727E-002
   1.83292250000000        4.88446000000000      -1.775321990093439E-002
   1.83292250000000        5.18961375000000      -1.684347684290368E-002
   1.83292250000000        5.49476750000000      -1.588023089581350E-002
   1.83292250000000        5.79992125000000      -1.501281519677576E-002
   1.83292250000000        6.10507500000000      -1.435550765827876E-002
   1.83292250000000        6.41022875000000      -1.392594639444017E-002
   1.83292250000000        6.71538250000000      -1.364899207736266E-002
   1.83292250000000        7.02053625000000      -1.340919610964082E-002
   1.83292250000000        7.32569000000000      -1.309742231075808E-002
   2.13807625000000       2.000000000000000E-003 -7.828443771813610E-002
   2.13807625000000       0.307153750000000      -7.661573414111437E-002
   2.13807625000000       0.612307500000000      -7.242685798901451E-002
   2.13807625000000       0.917461250000000      -6.682890929529296E-002
   2.13807625000000        1.22261500000000      -6.053361310532757E-002
   2.13807625000000        1.52776875000000      -5.388659326791392E-002
   2.13807625000000        1.83292250000000      -4.719289272451629E-002
   2.13807625000000        2.13807625000000      -4.082228062096274E-002
   2.13807625000000        2.44323000000000      -3.512694102152936E-002
   2.13807625000000        2.74838375000000      -3.033835112687789E-002
   2.13807625000000        3.05353750000000      -2.653348442502184E-002
   2.13807625000000        3.35869125000000      -2.366358899685873E-002
   2.13807625000000        3.66384500000000      -2.159529301099051E-002
   2.13807625000000        3.96899875000000      -2.013605685770859E-002
   2.13807625000000        4.27415250000000      -1.905745854651332E-002
   2.13807625000000        4.57930625000000      -1.813868082639529E-002
   2.13807625000000        4.88446000000000      -1.722798682351759E-002
   2.13807625000000        5.18961375000000      -1.628822369721399E-002
   2.13807625000000        5.49476750000000      -1.539032171555947E-002
   2.13807625000000        5.79992125000000      -1.465311176595797E-002
   2.13807625000000        6.10507500000000      -1.416344250853259E-002
   2.13807625000000        6.41022875000000      -1.392199671137165E-002
   2.13807625000000        6.71538250000000      -1.383667823501953E-002
   2.13807625000000        7.02053625000000      -1.375201469718738E-002
   2.13807625000000        7.32569000000000      -1.351157136044704E-002
   2.44323000000000       2.000000000000000E-003 -9.087240400002160E-002
   2.44323000000000       0.307153750000000      -8.758219715891113E-002
   2.44323000000000       0.612307500000000      -8.012184447941079E-002
   2.44323000000000       0.917461250000000      -7.213301273714667E-002
   2.44323000000000        1.22261500000000      -6.462883953875760E-002
   2.44323000000000        1.52776875000000      -5.739415109930211E-002
   2.44323000000000        1.83292250000000      -5.031176187490156E-002
   2.44323000000000        2.13807625000000      -4.356890354204884E-002
   2.44323000000000        2.44323000000000      -3.747193317289112E-002
   2.44323000000000        2.74838375000000      -3.226204278207843E-002
   2.44323000000000        3.05353750000000      -2.803660450354247E-002
   2.44323000000000        3.35869125000000      -2.475899009026805E-002
   2.44323000000000        3.66384500000000      -2.230081583211060E-002
   2.44323000000000        3.96899875000000      -2.047958516447701E-002
   2.44323000000000        4.27415250000000      -1.908868298196748E-002
   2.44323000000000        4.57930625000000      -1.793274488687149E-002
   2.44323000000000        4.88446000000000      -1.687679890816163E-002
   2.44323000000000        5.18961375000000      -1.588529775586224E-002
   2.44323000000000        5.49476750000000      -1.501619728844613E-002
   2.44323000000000        5.79992125000000      -1.436848354874501E-002
   2.44323000000000        6.10507500000000      -1.401491176564017E-002
   2.44323000000000        6.41022875000000      -1.395995349789268E-002
   2.44323000000000        6.71538250000000      -1.412502511922914E-002
   2.44323000000000        7.02053625000000      -1.430022904638376E-002
   2.44323000000000        7.32569000000000      -1.411820617919600E-002
   2.74838375000000       2.000000000000000E-003 -0.103582562573059     
   2.74838375000000       0.307153750000000      -9.806134866955854E-002
   2.74838375000000       0.612307500000000      -8.647899631308884E-002
   2.74838375000000       0.917461250000000      -7.521870176209265E-002
   2.74838375000000        1.22261500000000      -6.654479789553923E-002
   2.74838375000000        1.52776875000000      -5.922137694531774E-002
   2.74838375000000        1.83292250000000      -5.223666982481189E-002
   2.74838375000000        2.13807625000000      -4.550938151093350E-002
   2.74838375000000        2.44323000000000      -3.929199546266182E-002
   2.74838375000000        2.74838375000000      -3.384769933970252E-002
   2.74838375000000        3.05353750000000      -2.931862636579659E-002
   2.74838375000000        3.35869125000000      -2.571132043362782E-002
   2.74838375000000        3.66384500000000      -2.293034400635538E-002
   2.74838375000000        3.96899875000000      -2.081620230248325E-002
   2.74838375000000        4.27415250000000      -1.917870581891196E-002
   2.74838375000000        4.57930625000000      -1.783556459901819E-002
   2.74838375000000        4.88446000000000      -1.666045566250166E-002
   2.74838375000000        5.18961375000000      -1.561758327389071E-002
   2.74838375000000        5.49476750000000      -1.475480896383351E-002
   2.74838375000000        5.79992125000000      -1.415727931291330E-002
   2.74838375000000        6.10507500000000      -1.389446972993585E-002
   2.74838375000000        6.41022875000000      -1.401184909606468E-002
   2.74838375000000        6.71538250000000      -1.449505284800912E-002
   2.74838375000000        7.02053625000000      -1.494360283351614E-002
   2.74838375000000        7.32569000000000      -1.468688199764544E-002
   3.05353750000000       2.000000000000000E-003 -0.110381790997988     
   3.05353750000000       0.307153750000000      -0.101384316965778     
   3.05353750000000       0.612307500000000      -8.589728900364295E-002
   3.05353750000000       0.917461250000000      -7.415861650769860E-002
   3.05353750000000        1.22261500000000      -6.601636256261594E-002
   3.05353750000000        1.52776875000000      -5.940992201676373E-002
   3.05353750000000        1.83292250000000      -5.298331045629565E-002
   3.05353750000000        2.13807625000000      -4.657504826499170E-002
   3.05353750000000        2.44323000000000      -4.045712743321363E-002
   3.05353750000000        2.74838375000000      -3.494261592295093E-002
   3.05353750000000        3.05353750000000      -3.023487879892870E-002
   3.05353750000000        3.35869125000000      -2.639866379840178E-002
   3.05353750000000        3.66384500000000      -2.338532705856378E-002
   3.05353750000000        3.96899875000000      -2.106494238663255E-002
   3.05353750000000        4.27415250000000      -1.925913210681886E-002
   3.05353750000000        4.57930625000000      -1.779003560088739E-002
   3.05353750000000        4.88446000000000      -1.653438685239578E-002
   3.05353750000000        5.18961375000000      -1.545417360415309E-002
   3.05353750000000        5.49476750000000      -1.458766133441755E-002
   3.05353750000000        5.79992125000000      -1.400611993722827E-002
   3.05353750000000        6.10507500000000      -1.376885501141372E-002
   3.05353750000000        6.41022875000000      -1.395547068612436E-002
   3.05353750000000        6.71538250000000      -1.456382375535827E-002
   3.05353750000000        7.02053625000000      -1.519177463246366E-002
   3.05353750000000        7.32569000000000      -1.477533732094224E-002
   3.35869125000000       2.000000000000000E-003 -0.102478280079914     
   3.35869125000000       0.307153750000000      -9.121789347262201E-002
   3.35869125000000       0.612307500000000      -7.715066410817599E-002
   3.35869125000000       0.917461250000000      -6.920991689260013E-002
   3.35869125000000        1.22261500000000      -6.394112465479002E-002
   3.35869125000000        1.52776875000000      -5.874205008069137E-002
   3.35869125000000        1.83292250000000      -5.302690940292979E-002
   3.35869125000000        2.13807625000000      -4.700042171374758E-002
   3.35869125000000        2.44323000000000      -4.104815359991008E-002
   3.35869125000000        2.74838375000000      -3.554681191391183E-002
   3.35869125000000        3.05353750000000      -3.075493359058993E-002
   3.35869125000000        3.35869125000000      -2.678675397064295E-002
   3.35869125000000        3.66384500000000      -2.363529015598813E-002
   3.35869125000000        3.96899875000000      -2.119729181614335E-002
   3.35869125000000        4.27415250000000      -1.930023002228954E-002
   3.35869125000000        4.57930625000000      -1.776503557989242E-002
   3.35869125000000        4.88446000000000      -1.646841924683517E-002
   3.35869125000000        5.18961375000000      -1.536987039833818E-002
   3.35869125000000        5.49476750000000      -1.449993112000225E-002
   3.35869125000000        5.79992125000000      -1.391525540938534E-002
   3.35869125000000        6.10507500000000      -1.364314912719389E-002
   3.35869125000000        6.41022875000000      -1.373693050178363E-002
   3.35869125000000        6.71538250000000      -1.407947652075537E-002
   3.35869125000000        7.02053625000000      -1.432844790015616E-002
   3.35869125000000        7.32569000000000      -1.382567501130117E-002
   3.66384500000000       2.000000000000000E-003 -8.196243363397229E-002
   3.66384500000000       0.307153750000000      -7.848292574128540E-002
   3.66384500000000       0.612307500000000      -7.061424532167358E-002
   3.66384500000000       0.917461250000000      -6.626707274033052E-002
   3.66384500000000        1.22261500000000      -6.279940793612020E-002
   3.66384500000000        1.52776875000000      -5.837672141129375E-002
   3.66384500000000        1.83292250000000      -5.298015326082977E-002
   3.66384500000000        2.13807625000000      -4.711002214744181E-002
   3.66384500000000        2.44323000000000      -4.122516389782196E-002
   3.66384500000000        2.74838375000000      -3.573290580503265E-002
   3.66384500000000        3.05353750000000      -3.091382517045100E-002
   3.66384500000000        3.35869125000000      -2.690061075726499E-002
   3.66384500000000        3.66384500000000      -2.370259635610614E-002
   3.66384500000000        3.96899875000000      -2.122768710137348E-002
   3.66384500000000        4.27415250000000      -1.930439175160566E-002
   3.66384500000000        4.57930625000000      -1.775225488708270E-002
   3.66384500000000        4.88446000000000      -1.644780045507874E-002
   3.66384500000000        5.18961375000000      -1.534934837540800E-002
   3.66384500000000        5.49476750000000      -1.448432107506819E-002
   3.66384500000000        5.79992125000000      -1.390341123252169E-002
   3.66384500000000        6.10507500000000      -1.361972149324116E-002
   3.66384500000000        6.41022875000000      -1.365135806079529E-002
   3.66384500000000        6.71538250000000      -1.371409488073600E-002
   3.66384500000000        7.02053625000000      -1.312866841617065E-002
   3.66384500000000        7.32569000000000      -1.228538563675886E-002
   3.96899875000000       2.000000000000000E-003 -0.102482168468014     
   3.96899875000000       0.307153750000000      -9.174579392885261E-002
   3.96899875000000       0.612307500000000      -7.767910253520700E-002
   3.96899875000000       0.917461250000000      -6.958463295788841E-002
   3.96899875000000        1.22261500000000      -6.417556687989769E-002
   3.96899875000000        1.52776875000000      -5.888692283382672E-002
   3.96899875000000        1.83292250000000      -5.311599026256964E-002
   3.96899875000000        2.13807625000000      -4.704648296450966E-002
   3.96899875000000        2.44323000000000      -4.106157238154953E-002
   3.96899875000000        2.74838375000000      -3.553824907701541E-002
   3.96899875000000        3.05353750000000      -3.073385288204586E-002
   3.96899875000000        3.35869125000000      -2.675993759895535E-002
   3.96899875000000        3.66384500000000      -2.360683617628516E-002
   3.96899875000000        3.96899875000000      -2.116991997197565E-002
   3.96899875000000        4.27415250000000      -1.927688067893830E-002
   3.96899875000000        4.57930625000000      -1.774960970811469E-002
   3.96899875000000        4.88446000000000      -1.646527713233467E-002
   3.96899875000000        5.18961375000000      -1.538272998454382E-002
   3.96899875000000        5.49476750000000      -1.453163222212274E-002
   3.96899875000000        5.79992125000000      -1.397101645499076E-002
   3.96899875000000        6.10507500000000      -1.374354797194353E-002
   3.96899875000000        6.41022875000000      -1.391614013992765E-002
   3.96899875000000        6.71538250000000      -1.435910905002720E-002
   3.96899875000000        7.02053625000000      -1.466371698636796E-002
   3.96899875000000        7.32569000000000      -1.408206566866579E-002
   4.27415250000000       2.000000000000000E-003 -0.110385539991180     
   4.27415250000000       0.307153750000000      -0.101915532531576     
   4.27415250000000       0.612307500000000      -8.655008693617583E-002
   4.27415250000000       0.917461250000000      -7.468786088723875E-002
   4.27415250000000        1.22261500000000      -6.637489623321133E-002
   4.27415250000000        1.52776875000000      -5.964959608644932E-002
   4.27415250000000        1.83292250000000      -5.313194686306889E-002
   4.27415250000000        2.13807625000000      -4.664762667965150E-002
   4.27415250000000        2.44323000000000      -4.047047250149777E-002
   4.27415250000000        2.74838375000000      -3.491597216739308E-002
   4.27415250000000        3.05353750000000      -3.018590255773400E-002
   4.27415250000000        3.35869125000000      -2.634013926834009E-002
   4.27415250000000        3.66384500000000      -2.332482820078836E-002
   4.27415250000000        3.96899875000000      -2.100716276367959E-002
   4.27415250000000        4.27415250000000      -1.920886833314036E-002
   4.27415250000000        4.57930625000000      -1.775365160150970E-002
   4.27415250000000        4.88446000000000      -1.651894245589256E-002
   4.27415250000000        5.18961375000000      -1.546519587749835E-002
   4.27415250000000        5.49476750000000      -1.462805001172173E-002
   4.27415250000000        5.79992125000000      -1.407964078770490E-002
   4.27415250000000        6.10507500000000      -1.389308989792488E-002
   4.27415250000000        6.41022875000000      -1.417369582715867E-002
   4.27415250000000        6.71538250000000      -1.489186143779393E-002
   4.27415250000000        7.02053625000000      -1.558971785720078E-002
   4.27415250000000        7.32569000000000      -1.514056040095539E-002
   4.57930625000000       2.000000000000000E-003 -0.103585326065760     
   4.57930625000000       0.307153750000000      -9.843848837381279E-002
   4.57930625000000       0.612307500000000      -8.700880124094719E-002
   4.57930625000000       0.917461250000000      -7.569869350400282E-002
   4.57930625000000        1.22261500000000      -6.691647255195181E-002
   4.57930625000000        1.52776875000000      -5.948675419272393E-002
   4.57930625000000        1.83292250000000      -5.239774555206599E-002
   4.57930625000000        2.13807625000000      -4.557516633880040E-002
   4.57930625000000        2.44323000000000      -3.928163450495953E-002
   4.57930625000000        2.74838375000000      -3.378636785041614E-002
   4.57930625000000        3.05353750000000      -2.923033052264788E-002
   4.57930625000000        3.35869125000000      -2.561346270476930E-002
   4.57930625000000        3.66384500000000      -2.283269651009176E-002
   4.57930625000000        3.96899875000000      -2.072385457020731E-002
   4.57930625000000        4.27415250000000      -1.909627994524029E-002
   4.57930625000000        4.57930625000000      -1.776950282668328E-002
   4.57930625000000        4.88446000000000      -1.661799238785625E-002
   4.57930625000000        5.18961375000000      -1.560351143340568E-002
   4.57930625000000        5.49476750000000      -1.476903651500325E-002
   4.57930625000000        5.79992125000000      -1.419645788967604E-002
   4.57930625000000        6.10507500000000      -1.395962358309611E-002
   4.57930625000000        6.41022875000000      -1.411933970079599E-002
   4.57930625000000        6.71538250000000      -1.465665315671112E-002
   4.57930625000000        7.02053625000000      -1.512882966294031E-002
   4.57930625000000        7.32569000000000      -1.484116619451925E-002
   4.88446000000000       2.000000000000000E-003 -9.087454456893847E-002
   4.88446000000000       0.307153750000000      -8.781728962544115E-002
   4.88446000000000       0.612307500000000      -8.047915820983258E-002
   4.88446000000000       0.917461250000000      -7.250377306966341E-002
   4.88446000000000        1.22261500000000      -6.494751209740554E-002
   4.88446000000000        1.52776875000000      -5.762384394249109E-002
   4.88446000000000        1.83292250000000      -5.043563024780080E-002
   4.88446000000000        2.13807625000000      -4.358978299168749E-002
   4.88446000000000        2.44323000000000      -3.740991040462023E-002
   4.88446000000000        2.74838375000000      -3.214666726008512E-002
   4.88446000000000        3.05353750000000      -2.789670801496815E-002
   4.88446000000000        3.35869125000000      -2.461498043507082E-002
   4.88446000000000        3.66384500000000      -2.216266544152477E-002
   4.88446000000000        3.96899875000000      -2.035035236454936E-002
   4.88446000000000        4.27415250000000      -1.897010759769785E-002
   4.88446000000000        4.57930625000000      -1.782873417909984E-002
   4.88446000000000        4.88446000000000      -1.679257787646867E-002
   4.88446000000000        5.18961375000000      -1.582332528307496E-002
   4.88446000000000        5.49476750000000      -1.497221897489949E-002
   4.88446000000000        5.79992125000000      -1.433102489056364E-002
   4.88446000000000        6.10507500000000      -1.396949349079411E-002
   4.88446000000000        6.41022875000000      -1.389545819451652E-002
   4.88446000000000        6.71538250000000      -1.403548118953435E-002
   4.88446000000000        7.02053625000000      -1.417831063178850E-002
   4.88446000000000        7.32569000000000      -1.395517925494678E-002
   5.18961375000000       2.000000000000000E-003 -7.828619958726012E-002
   5.18961375000000       0.307153750000000      -7.676129813727729E-002
   5.18961375000000       0.612307500000000      -7.266765120449944E-002
   5.18961375000000       0.917461250000000      -6.709700382746986E-002
   5.18961375000000        1.22261500000000      -6.076638558315635E-002
   5.18961375000000        1.52776875000000      -5.403800829036023E-002
   5.18961375000000        1.83292250000000      -4.723924104509002E-002
   5.18961375000000        2.13807625000000      -4.076463603978255E-002
   5.18961375000000        2.44323000000000      -3.498784953231937E-002
   5.18961375000000        2.74838375000000      -3.015203254195737E-002
   5.18961375000000        3.05353750000000      -2.633306855057678E-002
   5.18961375000000        3.35869125000000      -2.347102549384109E-002
   5.18961375000000        3.66384500000000      -2.141824463883694E-002
   5.18961375000000        3.96899875000000      -1.997230700458360E-002
   5.18961375000000        4.27415250000000      -1.890279679170914E-002
   5.18961375000000        4.57930625000000      -1.799235864330542E-002
   5.18961375000000        4.88446000000000      -1.709238459030321E-002
   5.18961375000000        5.18961375000000      -1.616377650884211E-002
   5.18961375000000        5.49476750000000      -1.526976284870291E-002
   5.18961375000000        5.79992125000000      -1.451880544481326E-002
   5.18961375000000        6.10507500000000      -1.398949595658542E-002
   5.18961375000000        6.41022875000000      -1.368065007121533E-002
   5.18961375000000        6.71538250000000      -1.350791310369995E-002
   5.18961375000000        7.02053625000000      -1.333560375609475E-002
   5.18961375000000        7.32569000000000      -1.303651314198524E-002
   5.49476750000000       2.000000000000000E-003 -6.875955757918888E-002
   5.49476750000000       0.307153750000000      -6.776546932210439E-002
   5.49476750000000       0.612307500000000      -6.488767435012431E-002
   5.49476750000000       0.917461250000000      -6.057046338760956E-002
   5.49476750000000        1.22261500000000      -5.524129905888615E-002
   5.49476750000000        1.52776875000000      -4.933490131687962E-002
   5.49476750000000        1.83292250000000      -4.327730220515923E-002
   5.49476750000000        2.13807625000000      -3.749971001479736E-002
   5.49476750000000        2.44323000000000      -3.236742160888438E-002
   5.49476750000000        2.74838375000000      -2.810480966629438E-002
   5.49476750000000        3.05353750000000      -2.478479184631648E-002
   5.49476750000000        3.35869125000000      -2.236981889171148E-002
   5.49476750000000        3.66384500000000      -2.074251719868428E-002
   5.49476750000000        3.96899875000000      -1.970315281767738E-002
   5.49476750000000        4.27415250000000      -1.898584176337833E-002
   5.49476750000000        4.57930625000000      -1.832981866928041E-002
   5.49476750000000        4.88446000000000      -1.756440812963082E-002
   5.49476750000000        5.18961375000000      -1.665397965273724E-002
   5.49476750000000        5.49476750000000      -1.568265209514634E-002
   5.49476750000000        5.79992125000000      -1.478605369899969E-002
   5.49476750000000        6.10507500000000      -1.406382425304433E-002
   5.49476750000000        6.41022875000000      -1.352308305432219E-002
   5.49476750000000        6.71538250000000      -1.309492849596570E-002
   5.49476750000000        7.02053625000000      -1.270818287358366E-002
   5.49476750000000        7.32569000000000      -1.231459757489332E-002
   5.79992125000000       2.000000000000000E-003 -6.161414471911303E-002
   5.79992125000000       0.307153750000000      -6.058637753757840E-002
   5.79992125000000       0.612307500000000      -5.787560190304212E-002
   5.79992125000000       0.917461250000000      -5.406628537481441E-002
   5.79992125000000        1.22261500000000      -4.947067451815080E-002
   5.79992125000000        1.52776875000000      -4.439252259256569E-002
   5.79992125000000        1.83292250000000      -3.924046331439290E-002
   5.79992125000000        2.13807625000000      -3.434514843812433E-002
   5.79992125000000        2.44323000000000      -2.999262349241524E-002
   5.79992125000000        2.74838375000000      -2.635732875552774E-002
   5.79992125000000        3.05353750000000      -2.350850114605189E-002
   5.79992125000000        3.35869125000000      -2.147429077548246E-002
   5.79992125000000        3.66384500000000      -2.024105256119650E-002
   5.79992125000000        3.96899875000000      -1.963460325595382E-002
   5.79992125000000        4.27415250000000      -1.930122554417114E-002
   5.79992125000000        4.57930625000000      -1.889401293295551E-002
   5.79992125000000        4.88446000000000      -1.822568234693797E-002
   5.79992125000000        5.18961375000000      -1.728560569556080E-002
   5.79992125000000        5.49476750000000      -1.619435670348644E-002
   5.79992125000000        5.79992125000000      -1.512500575311631E-002
   5.79992125000000        6.10507500000000      -1.420530277780847E-002
   5.79992125000000        6.41022875000000      -1.346883609268051E-002
   5.79992125000000        6.71538250000000      -1.286410129656176E-002
   5.79992125000000        7.02053625000000      -1.233479049053448E-002
   5.79992125000000        7.32569000000000      -1.184183576081879E-002
   6.10507500000000       2.000000000000000E-003 -5.846365648363063E-002
   6.10507500000000       0.307153750000000      -5.654143412259103E-002
   6.10507500000000       0.612307500000000      -5.252751407374460E-002
   6.10507500000000       0.917461250000000      -4.834803138237975E-002
   6.10507500000000        1.22261500000000      -4.419370134353141E-002
   6.10507500000000        1.52776875000000      -3.990964715217909E-002
   6.10507500000000        1.83292250000000      -3.569994985414220E-002
   6.10507500000000        2.13807625000000      -3.175792549883603E-002
   6.10507500000000        2.44323000000000      -2.823483627444813E-002
   6.10507500000000        2.74838375000000      -2.520687147458790E-002
   6.10507500000000        3.05353750000000      -2.268202216550270E-002
   6.10507500000000        3.35869125000000      -2.079509377783188E-002
   6.10507500000000        3.66384500000000      -1.987060164476946E-002
   6.10507500000000        3.96899875000000      -1.980654596100999E-002
   6.10507500000000        4.27415250000000      -1.994292975461670E-002
   6.10507500000000        4.57930625000000      -1.973084672257985E-002
   6.10507500000000        4.88446000000000      -1.905524678400779E-002
   6.10507500000000        5.18961375000000      -1.800081786979422E-002
   6.10507500000000        5.49476750000000      -1.674033306252932E-002
   6.10507500000000        5.79992125000000      -1.548590265671281E-002
   6.10507500000000        6.10507500000000      -1.440670946109406E-002
   6.10507500000000        6.41022875000000      -1.354428530095736E-002
   6.10507500000000        6.71538250000000      -1.286608991022211E-002
   6.10507500000000        7.02053625000000      -1.233684691509293E-002
   6.10507500000000        7.32569000000000      -1.184718050119794E-002
   6.41022875000000       2.000000000000000E-003 -6.187490451103018E-002
   6.41022875000000       0.307153750000000      -5.689381498723804E-002
   6.41022875000000       0.612307500000000      -4.898645513874880E-002
   6.41022875000000       0.917461250000000      -4.356697481449774E-002
   6.41022875000000        1.22261500000000      -3.965344485169912E-002
   6.41022875000000        1.52776875000000      -3.613154183880431E-002
   6.41022875000000        1.83292250000000      -3.288492366455107E-002
   6.41022875000000        2.13807625000000      -2.994091094590899E-002
   6.41022875000000        2.44323000000000      -2.730094441763748E-002
   6.41022875000000        2.74838375000000      -2.491062020724807E-002
   6.41022875000000        3.05353750000000      -2.261201111925616E-002
   6.41022875000000        3.35869125000000      -2.062312458194102E-002
   6.41022875000000        3.66384500000000      -1.977687428788431E-002
   6.41022875000000        3.96899875000000      -2.036944596946026E-002
   6.41022875000000        4.27415250000000      -2.113638114845927E-002
   6.41022875000000        4.57930625000000      -2.096183800163239E-002
   6.41022875000000        4.88446000000000      -2.000749076514183E-002
   6.41022875000000        5.18961375000000      -1.869890232438597E-002
   6.41022875000000        5.49476750000000      -1.721793838288500E-002
   6.41022875000000        5.79992125000000      -1.578080941068590E-002
   6.41022875000000        6.10507500000000      -1.457660327272849E-002
   6.41022875000000        6.41022875000000      -1.367416072284623E-002
   6.41022875000000        6.71538250000000      -1.306596743682602E-002
   6.41022875000000        7.02053625000000      -1.281180627777136E-002
   6.41022875000000        7.32569000000000      -1.263901750827411E-002
   6.71538250000000       2.000000000000000E-003 -7.069853444074774E-002
   6.71538250000000       0.307153750000000      -5.873755141024471E-002
   6.71538250000000       0.612307500000000      -4.558319748220398E-002
   6.71538250000000       0.917461250000000      -3.948726795062645E-002
   6.71538250000000        1.22261500000000      -3.589003181958027E-002
   6.71538250000000        1.52776875000000      -3.305114200088542E-002
   6.71538250000000        1.83292250000000      -3.072651958519539E-002
   6.71538250000000        2.13807625000000      -2.882744773423579E-002
   6.71538250000000        2.44323000000000      -2.722042712443336E-002
   6.71538250000000        2.74838375000000      -2.584979449303319E-002
   6.71538250000000        3.05353750000000      -2.401929098150392E-002
   6.71538250000000        3.35869125000000      -2.138838297616649E-002
   6.71538250000000        3.66384500000000      -1.991483959001936E-002
   6.71538250000000        3.96899875000000      -2.138761613085868E-002
   6.71538250000000        4.27415250000000      -2.287027331028774E-002
   6.71538250000000        4.57930625000000      -2.256389338418291E-002
   6.71538250000000        4.88446000000000      -2.098218077680003E-002
   6.71538250000000        5.18961375000000      -1.924174167323998E-002
   6.71538250000000        5.49476750000000      -1.751170986800093E-002
   6.71538250000000        5.79992125000000      -1.590727264988277E-002
   6.71538250000000        6.10507500000000      -1.463859882964777E-002
   6.71538250000000        6.41022875000000      -1.384351708225284E-002
   6.71538250000000        6.71538250000000      -1.344604696878336E-002
   6.71538250000000        7.02053625000000      -1.353248246027035E-002
   6.71538250000000        7.32569000000000      -1.407136450751499E-002
   7.02053625000000       2.000000000000000E-003 -6.419401923942950E-002
   7.02053625000000       0.307153750000000      -5.064371032135413E-002
   7.02053625000000       0.612307500000000      -4.165365809099015E-002
   7.02053625000000       0.917461250000000      -3.656597766167773E-002
   7.02053625000000        1.22261500000000      -3.298171047811503E-002
   7.02053625000000        1.52776875000000      -3.060440841611497E-002
   7.02053625000000        1.83292250000000      -2.908157972068103E-002
   7.02053625000000        2.13807625000000      -2.814844378650557E-002
   7.02053625000000        2.44323000000000      -2.770561926988478E-002
   7.02053625000000        2.74838375000000      -2.760646022902829E-002
   7.02053625000000        3.05353750000000      -2.663046688646909E-002
   7.02053625000000        3.35869125000000      -2.313923725498671E-002
   7.02053625000000        3.66384500000000      -1.978093152253070E-002
   7.02053625000000        3.96899875000000      -2.266086043071170E-002
   7.02053625000000        4.27415250000000      -2.450303991425035E-002
   7.02053625000000        4.57930625000000      -2.371207635515030E-002
   7.02053625000000        4.88446000000000      -2.164263357709536E-002
   7.02053625000000        5.18961375000000      -1.945020773951128E-002
   7.02053625000000        5.49476750000000      -1.753411322833000E-002
   7.02053625000000        5.79992125000000      -1.581277462246690E-002
   7.02053625000000        6.10507500000000      -1.456123077888828E-002
   7.02053625000000        6.41022875000000      -1.412158309571546E-002
   7.02053625000000        6.71538250000000      -1.433823167850639E-002
   7.02053625000000        7.02053625000000      -1.403012747009803E-002
   7.02053625000000        7.32569000000000      -1.367512638618261E-002
   7.32569000000000       2.000000000000000E-003 -4.118208083244765E-002
   7.32569000000000       0.307153750000000      -4.085247745363312E-002
   7.32569000000000       0.612307500000000      -3.973171126703794E-002
   7.32569000000000       0.917461250000000      -3.446707202947745E-002
   7.32569000000000        1.22261500000000      -3.066847695151434E-002
   7.32569000000000        1.52776875000000      -2.867225513027471E-002
   7.32569000000000        1.83292250000000      -2.779307541373668E-002
   7.32569000000000        2.13807625000000      -2.753194042102073E-002
   7.32569000000000        2.44323000000000      -2.786546003015725E-002
   7.32569000000000        2.74838375000000      -2.845990330280145E-002
   7.32569000000000        3.05353750000000      -2.800838723380920E-002
   7.32569000000000        3.35869125000000      -2.441479141147979E-002
   7.32569000000000        3.66384500000000      -1.921898676317800E-002
   7.32569000000000        3.96899875000000      -2.232467410937677E-002
   7.32569000000000        4.27415250000000      -2.388971181286167E-002
   7.32569000000000        4.57930625000000      -2.323126336115648E-002
   7.32569000000000        4.88446000000000      -2.134803549644517E-002
   7.32569000000000        5.18961375000000      -1.916120120722250E-002
   7.32569000000000        5.49476750000000      -1.724527030338449E-002
   7.32569000000000        5.79992125000000      -1.549486289030530E-002
   7.32569000000000        6.10507500000000      -1.426604343785961E-002
   7.32569000000000        6.41022875000000      -1.412719618215398E-002
   7.32569000000000        6.71538250000000      -1.515171522736208E-002
   7.32569000000000        7.02053625000000      -1.450535114234811E-002
   7.32569000000000        7.32569000000000      -1.179187548087359E-002
