  2.000000000000000E-003  2.000000000000000E-003 -0.489212345112597     
  2.000000000000000E-003  0.307153750000000      -0.660352563201090     
  2.000000000000000E-003  0.612307500000000      -0.659114814819284     
  2.000000000000000E-003  0.917461250000000      -0.520473044853710     
  2.000000000000000E-003   1.22261500000000      -0.377467448538999     
  2.000000000000000E-003   1.52776875000000      -0.263427476372248     
  2.000000000000000E-003   1.83292250000000      -0.179706087951585     
  2.000000000000000E-003   2.13807625000000      -0.120538734906726     
  2.000000000000000E-003   2.44323000000000      -7.658506422608261E-002
  2.000000000000000E-003   2.74838375000000      -4.679579830232315E-002
  2.000000000000000E-003   3.05353750000000      -3.340999140420785E-002
  2.000000000000000E-003   3.35869125000000      -3.665390152893230E-002
  2.000000000000000E-003   3.66384500000000      -5.007172258112654E-002
  2.000000000000000E-003   3.96899875000000      -1.786568937336958E-002
  2.000000000000000E-003   4.27415250000000       3.320166052767798E-003
  2.000000000000000E-003   4.57930625000000       4.012197569129660E-003
  2.000000000000000E-003   4.88446000000000      -3.202260623021737E-003
  2.000000000000000E-003   5.18961375000000      -1.015460602267554E-002
  2.000000000000000E-003   5.49476750000000      -1.412951689657145E-002
  2.000000000000000E-003   5.79992125000000      -1.592173920407169E-002
  2.000000000000000E-003   6.10507500000000      -1.422251742326201E-002
  2.000000000000000E-003   6.41022875000000      -7.131662828568322E-003
  2.000000000000000E-003   6.71538250000000       4.534830656599743E-003
  2.000000000000000E-003   7.02053625000000       6.387113430627277E-003
  2.000000000000000E-003   7.32569000000000      -3.087636751733389E-003
  0.307153750000000       2.000000000000000E-003 -0.660227587975338     
  0.307153750000000       0.307153750000000      -0.487011840555356     
  0.307153750000000       0.612307500000000      -0.493467286422676     
  0.307153750000000       0.917461250000000      -0.441156052195221     
  0.307153750000000        1.22261500000000      -0.342059018294097     
  0.307153750000000        1.52776875000000      -0.247520877197395     
  0.307153750000000        1.83292250000000      -0.173020252842347     
  0.307153750000000        2.13807625000000      -0.118637408904237     
  0.307153750000000        2.44323000000000      -7.828861029432101E-002
  0.307153750000000        2.74838375000000      -5.109885186805686E-002
  0.307153750000000        3.05353750000000      -4.089720918891823E-002
  0.307153750000000        3.35869125000000      -4.672548218011624E-002
  0.307153750000000        3.66384500000000      -5.209241652015271E-002
  0.307153750000000        3.96899875000000      -2.712604112927943E-002
  0.307153750000000        4.27415250000000      -5.588494335400434E-003
  0.307153750000000        4.57930625000000      -1.638019908528657E-003
  0.307153750000000        4.88446000000000      -6.434042827837928E-003
  0.307153750000000        5.18961375000000      -1.161288899553590E-002
  0.307153750000000        5.49476750000000      -1.485101141619195E-002
  0.307153750000000        5.79992125000000      -1.635701524617592E-002
  0.307153750000000        6.10507500000000      -1.495095220006943E-002
  0.307153750000000        6.41022875000000      -9.604657018767074E-003
  0.307153750000000        6.71538250000000      -2.713099245839717E-003
  0.307153750000000        7.02053625000000      -3.307023617374297E-003
  0.307153750000000        7.32569000000000      -5.962103966142517E-003
  0.612307500000000       2.000000000000000E-003 -0.658955497138675     
  0.612307500000000       0.307153750000000      -0.493376301574665     
  0.612307500000000       0.612307500000000      -0.370163088061777     
  0.612307500000000       0.917461250000000      -0.328176392066545     
  0.612307500000000        1.22261500000000      -0.274636229198960     
  0.612307500000000        1.52776875000000      -0.212862415392467     
  0.612307500000000        1.83292250000000      -0.157129080523350     
  0.612307500000000        2.13807625000000      -0.113416260997062     
  0.612307500000000        2.44323000000000      -8.111885138601817E-002
  0.612307500000000        2.74838375000000      -5.928692124525504E-002
  0.612307500000000        3.05353750000000      -5.238036987859987E-002
  0.612307500000000        3.35869125000000      -5.640662517731952E-002
  0.612307500000000        3.66384500000000      -5.617778709032861E-002
  0.612307500000000        3.96899875000000      -3.968971319430018E-002
  0.612307500000000        4.27415250000000      -2.160798620182947E-002
  0.612307500000000        4.57930625000000      -1.372340150321071E-002
  0.612307500000000        4.88446000000000      -1.375412495298528E-002
  0.612307500000000        5.18961375000000      -1.517524892816193E-002
  0.612307500000000        5.49476750000000      -1.666511467028462E-002
  0.612307500000000        5.79992125000000      -1.735416577165685E-002
  0.612307500000000        6.10507500000000      -1.616387188000982E-002
  0.612307500000000        6.41022875000000      -1.300129298102505E-002
  0.612307500000000        6.71538250000000      -9.917264865661024E-003
  0.612307500000000        7.02053625000000      -9.450592717825949E-003
  0.612307500000000        7.32569000000000      -8.953907724191312E-003
  0.917461250000000       2.000000000000000E-003 -0.520354272785279     
  0.917461250000000       0.307153750000000      -0.441066148860515     
  0.917461250000000       0.612307500000000      -0.328139329673235     
  0.917461250000000       0.917461250000000      -0.264765912593890     
  0.917461250000000        1.22261500000000      -0.220870394777250     
  0.917461250000000        1.52776875000000      -0.178668253967744     
  0.917461250000000        1.83292250000000      -0.139120011596443     
  0.917461250000000        2.13807625000000      -0.106161429775894     
  0.917461250000000        2.44323000000000      -8.149648980701829E-002
  0.917461250000000        2.74838375000000      -6.533479607004741E-002
  0.917461250000000        3.05353750000000      -5.865078659272580E-002
  0.917461250000000        3.35869125000000      -5.853334371472913E-002
  0.917461250000000        3.66384500000000      -5.580094207061907E-002
  0.917461250000000        3.96899875000000      -4.528012587658374E-002
  0.917461250000000        4.27415250000000      -3.251163669511668E-002
  0.917461250000000        4.57930625000000      -2.427733994544598E-002
  0.917461250000000        4.88446000000000      -2.063335210797138E-002
  0.917461250000000        5.18961375000000      -1.923335759142818E-002
  0.917461250000000        5.49476750000000      -1.889703141876795E-002
  0.917461250000000        5.79992125000000      -1.851169370969812E-002
  0.917461250000000        6.10507500000000      -1.703144328365404E-002
  0.917461250000000        6.41022875000000      -1.444473462626622E-002
  0.917461250000000        6.71538250000000      -1.172522281445098E-002
  0.917461250000000        7.02053625000000      -9.828763571981907E-003
  0.917461250000000        7.32569000000000      -8.910781656731842E-003
   1.22261500000000       2.000000000000000E-003 -0.377384332089912     
   1.22261500000000       0.307153750000000      -0.341988028692781     
   1.22261500000000       0.612307500000000      -0.274592080162016     
   1.22261500000000       0.917461250000000      -0.220851735314518     
   1.22261500000000        1.22261500000000      -0.182873739475294     
   1.22261500000000        1.52776875000000      -0.151207748900892     
   1.22261500000000        1.83292250000000      -0.122521418560236     
   1.22261500000000        2.13807625000000      -9.795991586367951E-002
   1.22261500000000        2.44323000000000      -7.912330742677760E-002
   1.22261500000000        2.74838375000000      -6.661317931602302E-002
   1.22261500000000        3.05353750000000      -5.991254751924143E-002
   1.22261500000000        3.35869125000000      -5.679804153097824E-002
   1.22261500000000        3.66384500000000      -5.296398477372164E-002
   1.22261500000000        3.96899875000000      -4.579418749498090E-002
   1.22261500000000        4.27415250000000      -3.718769433611318E-002
   1.22261500000000        4.57930625000000      -3.010195507991046E-002
   1.22261500000000        4.88446000000000      -2.538265260662782E-002
   1.22261500000000        5.18961375000000      -2.260998545376396E-002
   1.22261500000000        5.49476750000000      -2.096268904150365E-002
   1.22261500000000        5.79992125000000      -1.957015258155412E-002
   1.22261500000000        6.10507500000000      -1.763103915856440E-002
   1.22261500000000        6.41022875000000      -1.503868425388234E-002
   1.22261500000000        6.71538250000000      -1.234912781293518E-002
   1.22261500000000        7.02053625000000      -1.029870099219864E-002
   1.22261500000000        7.32569000000000      -9.430688915207056E-003
   1.52776875000000       2.000000000000000E-003 -0.263365739909004     
   1.52776875000000       0.307153750000000      -0.247464188321636     
   1.52776875000000       0.612307500000000      -0.212818568763669     
   1.52776875000000       0.917461250000000      -0.178639564144446     
   1.52776875000000        1.22261500000000      -0.151193592960542     
   1.52776875000000        1.52776875000000      -0.128098525422974     
   1.52776875000000        1.83292250000000      -0.107351612244639     
   1.52776875000000        2.13807625000000      -8.931322347613067E-002
   1.52776875000000        2.44323000000000      -7.493891702504785E-002
   1.52776875000000        2.74838375000000      -6.471821571748890E-002
   1.52776875000000        3.05353750000000      -5.819043311009484E-002
   1.52776875000000        3.35869125000000      -5.383736405426751E-002
   1.52776875000000        3.66384500000000      -4.961115610183645E-002
   1.52776875000000        3.96899875000000      -4.426868170045879E-002
   1.52776875000000        4.27415250000000      -3.818632051129176E-002
   1.52776875000000        4.57930625000000      -3.251375770961187E-002
   1.52776875000000        4.88446000000000      -2.802363425675445E-002
   1.52776875000000        5.18961375000000      -2.479785571687664E-002
   1.52776875000000        5.49476750000000      -2.242564513231377E-002
   1.52776875000000        5.79992125000000      -2.033416900506779E-002
   1.52776875000000        6.10507500000000      -1.809425008518434E-002
   1.52776875000000        6.41022875000000      -1.556746092120581E-002
   1.52776875000000        6.71538250000000      -1.312746510786238E-002
   1.52776875000000        7.02053625000000      -1.131484467469760E-002
   1.52776875000000        7.32569000000000      -1.046540352497374E-002
   1.83292250000000       2.000000000000000E-003 -0.179656477979445     
   1.83292250000000       0.307153750000000      -0.172971695175528     
   1.83292250000000       0.612307500000000      -0.157084920308029     
   1.83292250000000       0.917461250000000      -0.139082974694615     
   1.83292250000000        1.22261500000000      -0.122493924528186     
   1.83292250000000        1.52776875000000      -0.107336475641701     
   1.83292250000000        1.83292250000000      -9.323612454887613E-002
   1.83292250000000        2.13807625000000      -8.046890591924556E-002
   1.83292250000000        2.44323000000000      -6.967082831289131E-002
   1.83292250000000        2.74838375000000      -6.129025014696368E-002
   1.83292250000000        3.05353750000000      -5.519796930393021E-002
   1.83292250000000        3.35869125000000      -5.062507659608832E-002
   1.83292250000000        3.66384500000000      -4.651656033594213E-002
   1.83292250000000        3.96899875000000      -4.214164013329345E-002
   1.83292250000000        4.27415250000000      -3.745877705612653E-002
   1.83292250000000        4.57930625000000      -3.291157111373160E-002
   1.83292250000000        4.88446000000000      -2.895252643031367E-002
   1.83292250000000        5.18961375000000      -2.573277817712713E-002
   1.83292250000000        5.49476750000000      -2.308105652032449E-002
   1.83292250000000        5.79992125000000      -2.068346536276595E-002
   1.83292250000000        6.10507500000000      -1.831131013754692E-002
   1.83292250000000        6.41022875000000      -1.595791652478883E-002
   1.83292250000000        6.71538250000000      -1.383673615839814E-002
   1.83292250000000        7.02053625000000      -1.227456070057733E-002
   1.83292250000000        7.32569000000000      -1.145898745023364E-002
   2.13807625000000       2.000000000000000E-003 -0.120495869113452     
   2.13807625000000       0.307153750000000      -0.118591910808310     
   2.13807625000000       0.612307500000000      -0.113367925158538     
   2.13807625000000       0.917461250000000      -0.106113442492953     
   2.13807625000000        1.22261500000000      -9.791740393600555E-002
   2.13807625000000        1.52776875000000      -8.928157651641905E-002
   2.13807625000000        1.83292250000000      -8.045227767508727E-002
   2.13807625000000        2.13807625000000      -7.179189510721762E-002
   2.13807625000000        2.44323000000000      -6.382198086161411E-002
   2.13807625000000        2.74838375000000      -5.701243656072940E-002
   2.13807625000000        3.05353750000000      -5.152560984765091E-002
   2.13807625000000        3.35869125000000      -4.711421529251937E-002
   2.13807625000000        3.66384500000000      -4.327024181429687E-002
   2.13807625000000        3.96899875000000      -3.953792412821745E-002
   2.13807625000000        4.27415250000000      -3.575363809878504E-002
   2.13807625000000        4.57930625000000      -3.204094648089961E-002
   2.13807625000000        4.88446000000000      -2.861956127660877E-002
   2.13807625000000        5.18961375000000      -2.561011918179042E-002
   2.13807625000000        5.49476750000000      -2.296332785958211E-002
   2.13807625000000        5.79992125000000      -2.053103900821640E-002
   2.13807625000000        6.10507500000000      -1.820318063034600E-002
   2.13807625000000        6.41022875000000      -1.600860276828617E-002
   2.13807625000000        6.71538250000000      -1.412411757073823E-002
   2.13807625000000        7.02053625000000      -1.278671443176438E-002
   2.13807625000000        7.32569000000000      -1.212021801828519E-002
   2.44323000000000       2.000000000000000E-003 -7.654364873965223E-002
   2.44323000000000       0.307153750000000      -7.823895355238357E-002
   2.44323000000000       0.612307500000000      -8.105867539555384E-002
   2.44323000000000       0.917461250000000      -8.143244779534227E-002
   2.44323000000000        1.22261500000000      -7.906361310877974E-002
   2.44323000000000        1.52776875000000      -7.489052743351395E-002
   2.44323000000000        1.83292250000000      -6.963843456548255E-002
   2.44323000000000        2.13807625000000      -6.380694723433691E-002
   2.44323000000000        2.44323000000000      -5.788369784460706E-002
   2.44323000000000        2.74838375000000      -5.234893976540161E-002
   2.44323000000000        3.05353750000000      -4.752762138200450E-002
   2.44323000000000        3.35869125000000      -4.346596472199014E-002
   2.44323000000000        3.66384500000000      -3.995906120466186E-002
   2.44323000000000        3.96899875000000      -3.671899113878090E-002
   2.44323000000000        4.27415250000000      -3.355684794081167E-002
   2.44323000000000        4.57930625000000      -3.045157765524398E-002
   2.44323000000000        4.88446000000000      -2.749156525610062E-002
   2.44323000000000        5.18961375000000      -2.476340621170740E-002
   2.44323000000000        5.49476750000000      -2.227427697849974E-002
   2.44323000000000        5.79992125000000      -1.995849657215892E-002
   2.44323000000000        6.10507500000000      -1.774747364034563E-002
   2.44323000000000        6.41022875000000      -1.564857349613708E-002
   2.44323000000000        6.71538250000000      -1.381103019957383E-002
   2.44323000000000        7.02053625000000      -1.256981106535585E-002
   2.44323000000000        7.32569000000000      -1.225786249446680E-002
   2.74838375000000       2.000000000000000E-003 -4.674881575752456E-002
   2.74838375000000       0.307153750000000      -5.103339762339789E-002
   2.74838375000000       0.612307500000000      -5.919963328536452E-002
   2.74838375000000       0.917461250000000      -6.524458326910486E-002
   2.74838375000000        1.22261500000000      -6.653395561228762E-002
   2.74838375000000        1.52776875000000      -6.465481134407419E-002
   2.74838375000000        1.83292250000000      -6.124568767153379E-002
   2.74838375000000        2.13807625000000      -5.698692133286906E-002
   2.74838375000000        2.44323000000000      -5.233915247234820E-002
   2.74838375000000        2.74838375000000      -4.774431665644821E-002
   2.74838375000000        3.05353750000000      -4.355728838564729E-002
   2.74838375000000        3.35869125000000      -3.993158367507191E-002
   2.74838375000000        3.66384500000000      -3.679846056585899E-002
   2.74838375000000        3.96899875000000      -3.396354381540816E-002
   2.74838375000000        4.27415250000000      -3.124818183152369E-002
   2.74838375000000        4.57930625000000      -2.858017037251483E-002
   2.74838375000000        4.88446000000000      -2.599191424999438E-002
   2.74838375000000        5.18961375000000      -2.355062118866760E-002
   2.74838375000000        5.49476750000000      -2.128212022946055E-002
   2.74838375000000        5.79992125000000      -1.914270815416311E-002
   2.74838375000000        6.10507500000000      -1.704042835073104E-002
   2.74838375000000        6.41022875000000      -1.487532471854556E-002
   2.74838375000000        6.71538250000000      -1.282928969441293E-002
   2.74838375000000        7.02053625000000      -1.166211549044825E-002
   2.74838375000000        7.32569000000000      -1.204300477614700E-002
   3.05353750000000       2.000000000000000E-003 -3.334337114596215E-002
   3.05353750000000       0.307153750000000      -4.079576499543371E-002
   3.05353750000000       0.612307500000000      -5.224715886113958E-002
   3.05353750000000       0.917461250000000      -5.852213012424352E-002
   3.05353750000000        1.22261500000000      -5.981219439838868E-002
   3.05353750000000        1.52776875000000      -5.811639647865557E-002
   3.05353750000000        1.83292250000000      -5.514740090951688E-002
   3.05353750000000        2.13807625000000      -5.149623359097608E-002
   3.05353750000000        2.44323000000000      -4.751477908534057E-002
   3.05353750000000        2.74838375000000      -4.355431512266193E-002
   3.05353750000000        3.05353750000000      -3.990848233964400E-002
   3.05353750000000        3.35869125000000      -3.671720015695573E-002
   3.05353750000000        3.66384500000000      -3.394534643551726E-002
   3.05353750000000        3.96899875000000      -3.144537108227818E-002
   3.05353750000000        4.27415250000000      -2.906057890284083E-002
   3.05353750000000        4.57930625000000      -2.671505160473219E-002
   3.05353750000000        4.88446000000000      -2.442867583432343E-002
   3.05353750000000        5.18961375000000      -2.225887739267926E-002
   3.05353750000000        5.49476750000000      -2.022754149006690E-002
   3.05353750000000        5.79992125000000      -1.827991574275266E-002
   3.05353750000000        6.10507500000000      -1.626603382592021E-002
   3.05353750000000        6.41022875000000      -1.401241423461930E-002
   3.05353750000000        6.71538250000000      -1.189886556038654E-002
   3.05353750000000        7.02053625000000      -1.074396232854376E-002
   3.05353750000000        7.32569000000000      -1.196608949296171E-002
   3.35869125000000       2.000000000000000E-003 -3.655422893780316E-002
   3.35869125000000       0.307153750000000      -4.656583097528854E-002
   3.35869125000000       0.612307500000000      -5.621892715465329E-002
   3.35869125000000       0.917461250000000      -5.837155167633067E-002
   3.35869125000000        1.22261500000000      -5.668219452030292E-002
   3.35869125000000        1.52776875000000      -5.376110506575055E-002
   3.35869125000000        1.83292250000000      -5.057682882796285E-002
   3.35869125000000        2.13807625000000      -4.708861458371165E-002
   3.35869125000000        2.44323000000000      -4.345695032282972E-002
   3.35869125000000        2.74838375000000      -3.993187397297342E-002
   3.35869125000000        3.05353750000000      -3.671991464345310E-002
   3.35869125000000        3.35869125000000      -3.390161485135422E-002
   3.35869125000000        3.66384500000000      -3.143531755143033E-002
   3.35869125000000        3.96899875000000      -2.920423483318828E-002
   3.35869125000000        4.27415250000000      -2.707642936502600E-002
   3.35869125000000        4.57930625000000      -2.498970734852356E-002
   3.35869125000000        4.88446000000000      -2.296714676751651E-002
   3.35869125000000        5.18961375000000      -2.105581795133122E-002
   3.35869125000000        5.49476750000000      -1.926203788999534E-002
   3.35869125000000        5.79992125000000      -1.751705385539987E-002
   3.35869125000000        6.10507500000000      -1.565037250316732E-002
   3.35869125000000        6.41022875000000      -1.366103448656400E-002
   3.35869125000000        6.71538250000000      -1.197681022072892E-002
   3.35869125000000        7.02053625000000      -1.123896080128189E-002
   3.35869125000000        7.32569000000000      -1.272173101400935E-002
   3.66384500000000       2.000000000000000E-003 -4.998385178839995E-002
   3.66384500000000       0.307153750000000      -5.190667832863676E-002
   3.66384500000000       0.612307500000000      -5.597693190326240E-002
   3.66384500000000       0.917461250000000      -5.563898293230669E-002
   3.66384500000000        1.22261500000000      -5.285432367698432E-002
   3.66384500000000        1.52776875000000      -4.954568103578046E-002
   3.66384500000000        1.83292250000000      -4.648034501088470E-002
   3.66384500000000        2.13807625000000      -4.325615558723481E-002
   3.66384500000000        2.44323000000000      -3.996013485991477E-002
   3.66384500000000        2.74838375000000      -3.680711327084904E-002
   3.66384500000000        3.05353750000000      -3.395491721963828E-002
   3.66384500000000        3.35869125000000      -3.144129030991839E-002
   3.66384500000000        3.66384500000000      -2.921929584438218E-002
   3.66384500000000        3.96899875000000      -2.720160944387800E-002
   3.66384500000000        4.27415250000000      -2.528621949116790E-002
   3.66384500000000        4.57930625000000      -2.342995598295642E-002
   3.66384500000000        4.88446000000000      -2.165620461149867E-002
   3.66384500000000        5.18961375000000      -1.999389488247852E-002
   3.66384500000000        5.49476750000000      -1.842911729255525E-002
   3.66384500000000        5.79992125000000      -1.689223493539705E-002
   3.66384500000000        6.10507500000000      -1.526876054090014E-002
   3.66384500000000        6.41022875000000      -1.372075200953179E-002
   3.66384500000000        6.71538250000000      -1.280577172896638E-002
   3.66384500000000        7.02053625000000      -1.318036095522312E-002
   3.66384500000000        7.32569000000000      -1.344498130969253E-002
   3.96899875000000       2.000000000000000E-003 -1.775962323727292E-002
   3.96899875000000       0.307153750000000      -2.699972246064384E-002
   3.96899875000000       0.612307500000000      -3.954640481412055E-002
   3.96899875000000       0.917461250000000      -4.516134729065298E-002
   3.96899875000000        1.22261500000000      -4.571726137116710E-002
   3.96899875000000        1.52776875000000      -4.422843474021635E-002
   3.96899875000000        1.83292250000000      -4.212714619890284E-002
   3.96899875000000        2.13807625000000      -3.954252271849772E-002
   3.96899875000000        2.44323000000000      -3.673561952551881E-002
   3.96899875000000        2.74838375000000      -3.398476241586816E-002
   3.96899875000000        3.05353750000000      -3.146496949750803E-002
   3.96899875000000        3.35869125000000      -2.921837276405631E-002
   3.96899875000000        3.66384500000000      -2.720875849008738E-002
   3.96899875000000        3.96899875000000      -2.537388235006032E-002
   3.96899875000000        4.27415250000000      -2.365025814070823E-002
   3.96899875000000        4.57930625000000      -2.201477125570465E-002
   3.96899875000000        4.88446000000000      -2.048033658346210E-002
   3.96899875000000        5.18961375000000      -1.905002535469130E-002
   3.96899875000000        5.49476750000000      -1.769056774446229E-002
   3.96899875000000        5.79992125000000      -1.633915930294225E-002
   3.96899875000000        6.10507500000000      -1.493039122184271E-002
   3.96899875000000        6.41022875000000      -1.356725257873908E-002
   3.96899875000000        6.71538250000000      -1.254220780344976E-002
   3.96899875000000        7.02053625000000      -1.188814997223962E-002
   3.96899875000000        7.32569000000000      -1.151932073864585E-002
   4.27415250000000       2.000000000000000E-003  3.381873432985562E-003
   4.27415250000000       0.307153750000000      -5.531485271269521E-003
   4.27415250000000       0.612307500000000      -2.154275351129334E-002
   4.27415250000000       0.917461250000000      -3.245761068112664E-002
   4.27415250000000        1.22261500000000      -3.715997606109427E-002
   4.27415250000000        1.52776875000000      -3.818264651552065E-002
   4.27415250000000        1.83292250000000      -3.747429200863749E-002
   4.27415250000000        2.13807625000000      -3.578318104717360E-002
   4.27415250000000        2.44323000000000      -3.359391222464719E-002
   4.27415250000000        2.74838375000000      -3.128586941558932E-002
   4.27415250000000        3.05353750000000      -2.909328127960989E-002
   4.27415250000000        3.35869125000000      -2.710091944250448E-002
   4.27415250000000        3.66384500000000      -2.530164740347294E-002
   4.27415250000000        3.96899875000000      -2.365734873962251E-002
   4.27415250000000        4.27415250000000      -2.213378571009449E-002
   4.27415250000000        4.57930625000000      -2.071747392803536E-002
   4.27415250000000        4.88446000000000      -1.940401346390127E-002
   4.27415250000000        5.18961375000000      -1.817269861480653E-002
   4.27415250000000        5.49476750000000      -1.697974765714114E-002
   4.27415250000000        5.79992125000000      -1.577383966120139E-002
   4.27415250000000        6.10507500000000      -1.451185874912632E-002
   4.27415250000000        6.41022875000000      -1.316633888343857E-002
   4.27415250000000        6.71538250000000      -1.176538287650991E-002
   4.27415250000000        7.02053625000000      -1.037481056300279E-002
   4.27415250000000        7.32569000000000      -9.917005654303299E-003
   4.57930625000000       2.000000000000000E-003  4.019255220765034E-003
   4.57930625000000       0.307153750000000      -1.640401816217457E-003
   4.57930625000000       0.612307500000000      -1.372813012071747E-002
   4.57930625000000       0.917461250000000      -2.429058102776519E-002
   4.57930625000000        1.22261500000000      -3.012873135699261E-002
   4.57930625000000        1.52776875000000      -3.255405626106183E-002
   4.57930625000000        1.83292250000000      -3.296355451322002E-002
   4.57930625000000        2.13807625000000      -3.210077298256348E-002
   4.57930625000000        2.44323000000000      -3.051366714916115E-002
   4.57930625000000        2.74838375000000      -2.863845196939550E-002
   4.57930625000000        3.05353750000000      -2.676453239839252E-002
   4.57930625000000        3.35869125000000      -2.502753897749315E-002
   4.57930625000000        3.66384500000000      -2.345562899267234E-002
   4.57930625000000        3.96899875000000      -2.202962041728136E-002
   4.57930625000000        4.27415250000000      -2.072381169908716E-002
   4.57930625000000        4.57930625000000      -1.951860012335101E-002
   4.57930625000000        4.88446000000000      -1.839272927231636E-002
   4.57930625000000        5.18961375000000      -1.731408289404511E-002
   4.57930625000000        5.49476750000000      -1.624450107772869E-002
   4.57930625000000        5.79992125000000      -1.515461503173160E-002
   4.57930625000000        6.10507500000000      -1.402892241853810E-002
   4.57930625000000        6.41022875000000      -1.283870468595968E-002
   4.57930625000000        6.71538250000000      -1.154744284767684E-002
   4.57930625000000        7.02053625000000      -1.037782838210680E-002
   4.57930625000000        7.32569000000000      -9.993265716968031E-003
   4.88446000000000       2.000000000000000E-003 -3.267693225391449E-003
   4.88446000000000       0.307153750000000      -6.507081876728537E-003
   4.88446000000000       0.612307500000000      -1.383143122002198E-002
   4.88446000000000       0.917461250000000      -2.071390544825421E-002
   4.88446000000000        1.22261500000000      -2.546727532320566E-002
   4.88446000000000        1.52776875000000      -2.811297772564223E-002
   4.88446000000000        1.83292250000000      -2.904583943853599E-002
   4.88446000000000        2.13807625000000      -2.871416833509054E-002
   4.88446000000000        2.44323000000000      -2.758312674170897E-002
   4.88446000000000        2.74838375000000      -2.607538709210400E-002
   4.88446000000000        3.05353750000000      -2.449956051244151E-002
   4.88446000000000        3.35869125000000      -2.302255926668108E-002
   4.88446000000000        3.66384500000000      -2.169546977360886E-002
   4.88446000000000        3.96899875000000      -2.050501886110917E-002
   4.88446000000000        4.27415250000000      -1.941731765149583E-002
   4.88446000000000        4.57930625000000      -1.839822430206784E-002
   4.88446000000000        4.88446000000000      -1.741626817524513E-002
   4.88446000000000        5.18961375000000      -1.644352192109836E-002
   4.88446000000000        5.49476750000000      -1.546225426490079E-002
   4.88446000000000        5.79992125000000      -1.447375107414224E-002
   4.88446000000000        6.10507500000000      -1.349830337604330E-002
   4.88446000000000        6.41022875000000      -1.256155901152611E-002
   4.88446000000000        6.71538250000000      -1.168786592236049E-002
   4.88446000000000        7.02053625000000      -1.097299784837222E-002
   4.88446000000000        7.32569000000000      -1.071229227377524E-002
   5.18961375000000       2.000000000000000E-003 -1.031341051009246E-002
   5.18961375000000       0.307153750000000      -1.177370674463790E-002
   5.18961375000000       0.612307500000000      -1.533260955671332E-002
   5.18961375000000       0.917461250000000      -1.938492602490635E-002
   5.18961375000000        1.22261500000000      -2.275611697317249E-002
   5.18961375000000        1.52776875000000      -2.493966942124625E-002
   5.18961375000000        1.83292250000000      -2.587064589643305E-002
   5.18961375000000        2.13807625000000      -2.574294425960024E-002
   5.18961375000000        2.44323000000000      -2.488853672692131E-002
   5.18961375000000        2.74838375000000      -2.366423956898814E-002
   5.18961375000000        3.05353750000000      -2.235677394172785E-002
   5.18961375000000        3.35869125000000      -2.113449213206219E-002
   5.18961375000000        3.66384500000000      -2.005180354678752E-002
   5.18961375000000        3.96899875000000      -1.908846441456747E-002
   5.18961375000000        4.27415250000000      -1.819559881820074E-002
   5.18961375000000        4.57930625000000      -1.732645916753493E-002
   5.18961375000000        4.88446000000000      -1.644924220682372E-002
   5.18961375000000        5.18961375000000      -1.555060517837510E-002
   5.18961375000000        5.49476750000000      -1.463738820477793E-002
   5.18961375000000        5.79992125000000      -1.373829141430856E-002
   5.18961375000000        6.10507500000000      -1.290381826608459E-002
   5.18961375000000        6.41022875000000      -1.220075639300839E-002
   5.18961375000000        6.71538250000000      -1.169479188052372E-002
   5.18961375000000        7.02053625000000      -1.142456896994723E-002
   5.18961375000000        7.32569000000000      -1.137871617323738E-002
   5.49476750000000       2.000000000000000E-003 -1.439975599618819E-002
   5.49476750000000       0.307153750000000      -1.511584888645222E-002
   5.49476750000000       0.612307500000000      -1.691305110992521E-002
   5.49476750000000       0.917461250000000      -1.912507492241403E-002
   5.49476750000000        1.22261500000000      -2.117289417164238E-002
   5.49476750000000        1.52776875000000      -2.262118489711120E-002
   5.49476750000000        1.83292250000000      -2.326450531358850E-002
   5.49476750000000        2.13807625000000      -2.313604708443057E-002
   5.49476750000000        2.44323000000000      -2.243601696596003E-002
   5.49476750000000        2.74838375000000      -2.143071461215076E-002
   5.49476750000000        3.05353750000000      -2.035895847825167E-002
   5.49476750000000        3.35869125000000      -1.937134334802091E-002
   5.49476750000000        3.66384500000000      -1.851271044941537E-002
   5.49476750000000        3.96899875000000      -1.774866644110682E-002
   5.49476750000000        4.27415250000000      -1.701691976335761E-002
   5.49476750000000        4.57930625000000      -1.626749381021973E-002
   5.49476750000000        4.88446000000000      -1.547674069333713E-002
   5.49476750000000        5.18961375000000      -1.464557215109526E-002
   5.49476750000000        5.49476750000000      -1.379332209318949E-002
   5.49476750000000        5.79992125000000      -1.295614720970934E-002
   5.49476750000000        6.10507500000000      -1.220108938298687E-002
   5.49476750000000        6.41022875000000      -1.165027197955066E-002
   5.49476750000000        6.71538250000000      -1.145830788220352E-002
   5.49476750000000        7.02053625000000      -1.162659279739277E-002
   5.49476750000000        7.32569000000000      -1.189248207597366E-002
   5.79992125000000       2.000000000000000E-003 -1.632800163925170E-002
   5.79992125000000       0.307153750000000      -1.674571248722839E-002
   5.79992125000000       0.612307500000000      -1.770281277209342E-002
   5.79992125000000       0.917461250000000      -1.881971395520212E-002
   5.79992125000000        1.22261500000000      -1.984491494070445E-002
   5.79992125000000        1.52776875000000      -2.058215648146486E-002
   5.79992125000000        1.83292250000000      -2.091071806609539E-002
   5.79992125000000        2.13807625000000      -2.074256049747980E-002
   5.79992125000000        2.44323000000000      -2.015771750831792E-002
   5.79992125000000        2.74838375000000      -1.933038713667959E-002
   5.79992125000000        3.05353750000000      -1.845272676116051E-002
   5.79992125000000        3.35869125000000      -1.766723319644833E-002
   5.79992125000000        3.66384500000000      -1.701122390966364E-002
   5.79992125000000        3.96899875000000      -1.642436450016299E-002
   5.79992125000000        4.27415250000000      -1.583095926677097E-002
   5.79992125000000        4.57930625000000      -1.519319763664682E-002
   5.79992125000000        4.88446000000000      -1.450180802203393E-002
   5.79992125000000        5.18961375000000      -1.375945048137333E-002
   5.79992125000000        5.49476750000000      -1.296920187570690E-002
   5.79992125000000        5.79992125000000      -1.213178301327785E-002
   5.79992125000000        6.10507500000000      -1.129221032871098E-002
   5.79992125000000        6.41022875000000      -1.078641407052066E-002
   5.79992125000000        6.71538250000000      -1.093567930072676E-002
   5.79992125000000        7.02053625000000      -1.168004910363981E-002
   5.79992125000000        7.32569000000000      -1.241592494717894E-002
   6.10507500000000       2.000000000000000E-003 -1.477973490087991E-002
   6.10507500000000       0.307153750000000      -1.546936437013807E-002
   6.10507500000000       0.612307500000000      -1.660782733600927E-002
   6.10507500000000       0.917461250000000      -1.741431610569708E-002
   6.10507500000000        1.22261500000000      -1.796765349319405E-002
   6.10507500000000        1.52776875000000      -1.839189389125195E-002
   6.10507500000000        1.83292250000000      -1.857774884526218E-002
   6.10507500000000        2.13807625000000      -1.844867075082152E-002
   6.10507500000000        2.44323000000000      -1.798151487533006E-002
   6.10507500000000        2.74838375000000      -1.727023128655819E-002
   6.10507500000000        3.05353750000000      -1.649222739523053E-002
   6.10507500000000        3.35869125000000      -1.585976281582941E-002
   6.10507500000000        3.66384500000000      -1.543798436215606E-002
   6.10507500000000        3.96899875000000      -1.504999934340284E-002
   6.10507500000000        4.27415250000000      -1.459264883994598E-002
   6.10507500000000        4.57930625000000      -1.408686320162793E-002
   6.10507500000000        4.88446000000000      -1.354438656988530E-002
   6.10507500000000        5.18961375000000      -1.294296625878910E-002
   6.10507500000000        5.49476750000000      -1.223296016542714E-002
   6.10507500000000        5.79992125000000      -1.131229699905941E-002
   6.10507500000000        6.10507500000000      -1.033447798175061E-002
   6.10507500000000        6.41022875000000      -9.750095483904705E-003
   6.10507500000000        6.71538250000000      -1.014033467900318E-002
   6.10507500000000        7.02053625000000      -1.164690411043664E-002
   6.10507500000000        7.32569000000000      -1.307618218896075E-002
   6.41022875000000       2.000000000000000E-003 -7.823341207886563E-003
   6.41022875000000       0.307153750000000      -1.021551883239182E-002
   6.41022875000000       0.612307500000000      -1.350523668199779E-002
   6.41022875000000       0.917461250000000      -1.489049484775781E-002
   6.41022875000000        1.22261500000000      -1.543542236429136E-002
   6.41022875000000        1.52776875000000      -1.591177263765423E-002
   6.41022875000000        1.83292250000000      -1.625669479759288E-002
   6.41022875000000        2.13807625000000      -1.627866146270623E-002
   6.41022875000000        2.44323000000000      -1.590920302795168E-002
   6.41022875000000        2.74838375000000      -1.514817764840189E-002
   6.41022875000000        3.05353750000000      -1.430689677344539E-002
   6.41022875000000        3.35869125000000      -1.394661095231154E-002
   6.41022875000000        3.66384500000000      -1.394871407339061E-002
   6.41022875000000        3.96899875000000      -1.372056849444558E-002
   6.41022875000000        4.27415250000000      -1.326773286151087E-002
   6.41022875000000        4.57930625000000      -1.291568502119313E-002
   6.41022875000000        4.88446000000000      -1.262773401499669E-002
   6.41022875000000        5.18961375000000      -1.226096171253526E-002
   6.41022875000000        5.49476750000000      -1.170526885900729E-002
   6.41022875000000        5.79992125000000      -1.083243904491393E-002
   6.41022875000000        6.10507500000000      -9.778557439863955E-003
   6.41022875000000        6.41022875000000      -8.910106103527132E-003
   6.41022875000000        6.71538250000000      -9.151114501181102E-003
   6.41022875000000        7.02053625000000      -1.150779851297859E-002
   6.41022875000000        7.32569000000000      -1.398118035391714E-002
   6.71538250000000       2.000000000000000E-003  3.784159023360007E-003
   6.71538250000000       0.307153750000000      -3.306179069185497E-003
   6.71538250000000       0.612307500000000      -1.044077021753125E-002
   6.71538250000000       0.917461250000000      -1.224512335543723E-002
   6.71538250000000        1.22261500000000      -1.281580560063902E-002
   6.71538250000000        1.52776875000000      -1.351711389744096E-002
   6.71538250000000        1.83292250000000      -1.415875313909223E-002
   6.71538250000000        2.13807625000000      -1.440414154640832E-002
   6.71538250000000        2.44323000000000      -1.408052668809944E-002
   6.71538250000000        2.74838375000000      -1.312653704792837E-002
   6.71538250000000        3.05353750000000      -1.223937327477084E-002
   6.71538250000000        3.35869125000000      -1.232067379172184E-002
   6.71538250000000        3.66384500000000      -1.306786795330386E-002
   6.71538250000000        3.96899875000000      -1.270532349835791E-002
   6.71538250000000        4.27415250000000      -1.187720801843007E-002
   6.71538250000000        4.57930625000000      -1.164072137016319E-002
   6.71538250000000        4.88446000000000      -1.177345437801637E-002
   6.71538250000000        5.18961375000000      -1.177583252658740E-002
   6.71538250000000        5.49476750000000      -1.153684890622744E-002
   6.71538250000000        5.79992125000000      -1.100908383495858E-002
   6.71538250000000        6.10507500000000      -1.020296895356201E-002
   6.71538250000000        6.41022875000000      -9.193142446371452E-003
   6.71538250000000        6.71538250000000      -8.603039414629350E-003
   6.71538250000000        7.02053625000000      -1.075384812509815E-002
   6.71538250000000        7.32569000000000      -1.468991132125047E-002
   7.02053625000000       2.000000000000000E-003  5.697216325812895E-003
   7.02053625000000       0.307153750000000      -3.842894728310342E-003
   7.02053625000000       0.612307500000000      -1.010718877981714E-002
   7.02053625000000       0.917461250000000      -1.048410257642119E-002
   7.02053625000000        1.22261500000000      -1.084674085395504E-002
   7.02053625000000        1.52776875000000      -1.174194395286630E-002
   7.02053625000000        1.83292250000000      -1.260607764402675E-002
   7.02053625000000        2.13807625000000      -1.305788123783683E-002
   7.02053625000000        2.44323000000000      -1.281800465962393E-002
   7.02053625000000        2.74838375000000      -1.192773025616604E-002
   7.02053625000000        3.05353750000000      -1.105269791854476E-002
   7.02053625000000        3.35869125000000      -1.155584989412899E-002
   7.02053625000000        3.66384500000000      -1.339492537795577E-002
   7.02053625000000        3.96899875000000      -1.202299574211263E-002
   7.02053625000000        4.27415250000000      -1.049007144458502E-002
   7.02053625000000        4.57930625000000      -1.048648046563716E-002
   7.02053625000000        4.88446000000000      -1.107574814009673E-002
   7.02053625000000        5.18961375000000      -1.152261160404199E-002
   7.02053625000000        5.49476750000000      -1.172381123102409E-002
   7.02053625000000        5.79992125000000      -1.177632994187528E-002
   7.02053625000000        6.10507500000000      -1.174163803452828E-002
   7.02053625000000        6.41022875000000      -1.159794094652304E-002
   7.02053625000000        6.71538250000000      -1.082408465831870E-002
   7.02053625000000        7.02053625000000      -9.017926324386336E-003
   7.02053625000000        7.32569000000000      -1.256303464505618E-002
   7.32569000000000       2.000000000000000E-003 -3.679405398399761E-003
   7.32569000000000       0.307153750000000      -6.818321976802016E-003
   7.32569000000000       0.612307500000000      -9.853937043347673E-003
   7.32569000000000       0.917461250000000      -9.671741064499022E-003
   7.32569000000000        1.22261500000000      -1.001762546160584E-002
   7.32569000000000        1.52776875000000      -1.090069950185164E-002
   7.32569000000000        1.83292250000000      -1.178045960116926E-002
   7.32569000000000        2.13807625000000      -1.236516098291241E-002
   7.32569000000000        2.44323000000000      -1.245564332168133E-002
   7.32569000000000        2.74838375000000      -1.221918964917322E-002
   7.32569000000000        3.05353750000000      -1.213702786308170E-002
   7.32569000000000        3.35869125000000      -1.287899334530997E-002
   7.32569000000000        3.66384500000000      -1.357571059228080E-002
   7.32569000000000        3.96899875000000      -1.165158671962041E-002
   7.32569000000000        4.27415250000000      -1.004450218624753E-002
   7.32569000000000        4.57930625000000      -1.011486856311417E-002
   7.32569000000000        4.88446000000000      -1.082642459334405E-002
   7.32569000000000        5.18961375000000      -1.148666178507444E-002
   7.32569000000000        5.49476750000000      -1.199987347747150E-002
   7.32569000000000        5.79992125000000      -1.252474350165945E-002
   7.32569000000000        6.10507500000000      -1.318798744272849E-002
   7.32569000000000        6.41022875000000      -1.409533331716172E-002
   7.32569000000000        6.71538250000000      -1.479754505844576E-002
   7.32569000000000        7.02053625000000      -1.263569566522361E-002
   7.32569000000000        7.32569000000000      -8.670137575371046E-003
