  2.000000000000000E-003  2.000000000000000E-003 -0.486785734359602     
  2.000000000000000E-003  0.307153750000000      -0.459102027884782     
  2.000000000000000E-003  0.612307500000000      -0.409463694377131     
  2.000000000000000E-003  0.917461250000000      -0.370573254257458     
  2.000000000000000E-003   1.22261500000000      -0.340685349686932     
  2.000000000000000E-003   1.52776875000000      -0.314298907843699     
  2.000000000000000E-003   1.83292250000000      -0.288974354131008     
  2.000000000000000E-003   2.13807625000000      -0.264455604692803     
  2.000000000000000E-003   2.44323000000000      -0.241391418581005     
  2.000000000000000E-003   2.74838375000000      -0.220032503055375     
  2.000000000000000E-003   3.05353750000000      -0.203769976648486     
  2.000000000000000E-003   3.35869125000000      -0.198281223436852     
  2.000000000000000E-003   3.66384500000000      -0.197066199402620     
  2.000000000000000E-003   3.96899875000000      -0.182558047142606     
  2.000000000000000E-003   4.27415250000000      -0.168061386659939     
  2.000000000000000E-003   4.57930625000000      -0.151759494438744     
  2.000000000000000E-003   4.88446000000000      -0.136873573079714     
  2.000000000000000E-003   5.18961375000000      -0.124486804269711     
  2.000000000000000E-003   5.49476750000000      -0.114049480205251     
  2.000000000000000E-003   5.79992125000000      -0.106029281817350     
  2.000000000000000E-003   6.10507500000000      -0.100138981367000     
  2.000000000000000E-003   6.41022875000000      -9.578489263383164E-002
  2.000000000000000E-003   6.71538250000000      -9.234213538496763E-002
  2.000000000000000E-003   7.02053625000000      -9.015216668879782E-002
  2.000000000000000E-003   7.32569000000000      -9.025654364609041E-002
  0.307153750000000       2.000000000000000E-003 -0.443961879741531     
  0.307153750000000       0.307153750000000      -0.460889205284417     
  0.307153750000000       0.612307500000000      -0.439056010644616     
  0.307153750000000       0.917461250000000      -0.404189260125707     
  0.307153750000000        1.22261500000000      -0.371404096201422     
  0.307153750000000        1.52776875000000      -0.340501917184810     
  0.307153750000000        1.83292250000000      -0.310761057761828     
  0.307153750000000        2.13807625000000      -0.282459922670883     
  0.307153750000000        2.44323000000000      -0.256518931457834     
  0.307153750000000        2.74838375000000      -0.232444837244126     
  0.307153750000000        3.05353750000000      -0.213207619969879     
  0.307153750000000        3.35869125000000      -0.203688934257724     
  0.307153750000000        3.66384500000000      -0.200635470556869     
  0.307153750000000        3.96899875000000      -0.189412895273633     
  0.307153750000000        4.27415250000000      -0.173251548845085     
  0.307153750000000        4.57930625000000      -0.156190841278210     
  0.307153750000000        4.88446000000000      -0.140846044554557     
  0.307153750000000        5.18961375000000      -0.128056328245784     
  0.307153750000000        5.49476750000000      -0.117337532702988     
  0.307153750000000        5.79992125000000      -0.109094930351501     
  0.307153750000000        6.10507500000000      -0.103127760087474     
  0.307153750000000        6.41022875000000      -9.904359431169853E-002
  0.307153750000000        6.71538250000000      -9.639174650692410E-002
  0.307153750000000        7.02053625000000      -9.505896652592721E-002
  0.307153750000000        7.32569000000000      -9.277208243515911E-002
  0.612307500000000       2.000000000000000E-003 -0.434566802801105     
  0.612307500000000       0.307153750000000      -0.458637715731165     
  0.612307500000000       0.612307500000000      -0.464624440516914     
  0.612307500000000       0.917461250000000      -0.437768183287385     
  0.612307500000000        1.22261500000000      -0.401573269775528     
  0.612307500000000        1.52776875000000      -0.365175874381835     
  0.612307500000000        1.83292250000000      -0.330518078710511     
  0.612307500000000        2.13807625000000      -0.299124265846617     
  0.612307500000000        2.44323000000000      -0.271448913802417     
  0.612307500000000        2.74838375000000      -0.246303633010167     
  0.612307500000000        3.05353750000000      -0.225714197248773     
  0.612307500000000        3.35869125000000      -0.212021547774671     
  0.612307500000000        3.66384500000000      -0.202970072998556     
  0.612307500000000        3.96899875000000      -0.191175289205702     
  0.612307500000000        4.27415250000000      -0.175310500561142     
  0.612307500000000        4.57930625000000      -0.158724944744441     
  0.612307500000000        4.88446000000000      -0.143799413197961     
  0.612307500000000        5.18961375000000      -0.131244571443126     
  0.612307500000000        5.49476750000000      -0.120731354248455     
  0.612307500000000        5.79992125000000      -0.112491376417475     
  0.612307500000000        6.10507500000000      -0.106575442162906     
  0.612307500000000        6.41022875000000      -0.102618997526437     
  0.612307500000000        6.71538250000000      -9.987417418222166E-002
  0.612307500000000        7.02053625000000      -9.676611366116716E-002
  0.612307500000000        7.32569000000000      -9.261110476535886E-002
  0.917461250000000       2.000000000000000E-003 -0.498745894930751     
  0.917461250000000       0.307153750000000      -0.502907347940476     
  0.917461250000000       0.612307500000000      -0.495863172052633     
  0.917461250000000       0.917461250000000      -0.466710191709681     
  0.917461250000000        1.22261500000000      -0.426769659470796     
  0.917461250000000        1.52776875000000      -0.385344653676236     
  0.917461250000000        1.83292250000000      -0.346445123509555     
  0.917461250000000        2.13807625000000      -0.312999461995830     
  0.917461250000000        2.44323000000000      -0.283882433223709     
  0.917461250000000        2.74838375000000      -0.258104359417839     
  0.917461250000000        3.05353750000000      -0.236262556309892     
  0.917461250000000        3.35869125000000      -0.219111503601340     
  0.917461250000000        3.66384500000000      -0.205064561579833     
  0.917461250000000        3.96899875000000      -0.190881597073984     
  0.917461250000000        4.27415250000000      -0.175385223607079     
  0.917461250000000        4.57930625000000      -0.159914652928522     
  0.917461250000000        4.88446000000000      -0.145958521225314     
  0.917461250000000        5.18961375000000      -0.133968804426906     
  0.917461250000000        5.49476750000000      -0.123879296548627     
  0.917461250000000        5.79992125000000      -0.115674044422389     
  0.917461250000000        6.10507500000000      -0.109516530772684     
  0.917461250000000        6.41022875000000      -0.105015108186657     
  0.917461250000000        6.71538250000000      -0.101367617002837     
  0.917461250000000        7.02053625000000      -9.738866094058880E-002
  0.917461250000000        7.32569000000000      -9.271439475474484E-002
   1.22261500000000       2.000000000000000E-003 -0.550842850132374     
   1.22261500000000       0.307153750000000      -0.545302703021087     
   1.22261500000000       0.612307500000000      -0.524688480845463     
   1.22261500000000       0.917461250000000      -0.488857657569990     
   1.22261500000000        1.22261500000000      -0.444596289350002     
   1.22261500000000        1.52776875000000      -0.399223235265551     
   1.22261500000000        1.83292250000000      -0.358067841285841     
   1.22261500000000        2.13807625000000      -0.323062115018802     
   1.22261500000000        2.44323000000000      -0.292468372822188     
   1.22261500000000        2.74838375000000      -0.265691856176615     
   1.22261500000000        3.05353750000000      -0.242695132872153     
   1.22261500000000        3.35869125000000      -0.223301736674656     
   1.22261500000000        3.66384500000000      -0.206444075705450     
   1.22261500000000        3.96899875000000      -0.190639089975160     
   1.22261500000000        4.27415250000000      -0.175277236373085     
   1.22261500000000        4.57930625000000      -0.160783014274311     
   1.22261500000000        4.88446000000000      -0.147685665802291     
   1.22261500000000        5.18961375000000      -0.136255952325161     
   1.22261500000000        5.49476750000000      -0.126512013284741     
   1.22261500000000        5.79992125000000      -0.118320168027814     
   1.22261500000000        6.10507500000000      -0.111687428434996     
   1.22261500000000        6.41022875000000      -0.106349827044722     
   1.22261500000000        6.71538250000000      -0.101729781185056     
   1.22261500000000        7.02053625000000      -9.714783845287576E-002
   1.22261500000000        7.32569000000000      -9.227222744984816E-002
   1.52776875000000       2.000000000000000E-003 -0.576198576833643     
   1.52776875000000       0.307153750000000      -0.567125530261813     
   1.52776875000000       0.612307500000000      -0.540753058220141     
   1.52776875000000       0.917461250000000      -0.500552401761717     
   1.52776875000000        1.22261500000000      -0.453399705724732     
   1.52776875000000        1.52776875000000      -0.406557916065875     
   1.52776875000000        1.83292250000000      -0.365116641174898     
   1.52776875000000        2.13807625000000      -0.328585772474308     
   1.52776875000000        2.44323000000000      -0.296631377105405     
   1.52776875000000        2.74838375000000      -0.268993186144291     
   1.52776875000000        3.05353750000000      -0.245293421441379     
   1.52776875000000        3.35869125000000      -0.224903349140713     
   1.52776875000000        3.66384500000000      -0.206949076508333     
   1.52776875000000        3.96899875000000      -0.190603846955508     
   1.52776875000000        4.27415250000000      -0.175467069546273     
   1.52776875000000        4.57930625000000      -0.161572988720507     
   1.52776875000000        4.88446000000000      -0.149096744563337     
   1.52776875000000        5.18961375000000      -0.138122460583055     
   1.52776875000000        5.49476750000000      -0.128587266434139     
   1.52776875000000        5.79992125000000      -0.120336208401603     
   1.52776875000000        6.10507500000000      -0.113202300335932     
   1.52776875000000        6.41022875000000      -0.107061717347322     
   1.52776875000000        6.71538250000000      -0.101626253754028     
   1.52776875000000        7.02053625000000      -9.653810844963145E-002
   1.52776875000000        7.32569000000000      -9.156424688435927E-002
   1.83292250000000       2.000000000000000E-003 -0.578917651538666     
   1.83292250000000       0.307153750000000      -0.569075634177211     
   1.83292250000000       0.612307500000000      -0.540631300446277     
   1.83292250000000       0.917461250000000      -0.499493986533775     
   1.83292250000000        1.22261500000000      -0.453894509595243     
   1.83292250000000        1.52776875000000      -0.408840457456766     
   1.83292250000000        1.83292250000000      -0.366733340376997     
   1.83292250000000        2.13807625000000      -0.328960708645236     
   1.83292250000000        2.44323000000000      -0.296170828241533     
   1.83292250000000        2.74838375000000      -0.268303592219342     
   1.83292250000000        3.05353750000000      -0.244707915915296     
   1.83292250000000        3.35869125000000      -0.224415971261657     
   1.83292250000000        3.66384500000000      -0.206479689520136     
   1.83292250000000        3.96899875000000      -0.190243368382450     
   1.83292250000000        4.27415250000000      -0.175436395189890     
   1.83292250000000        4.57930625000000      -0.162047437278264     
   1.83292250000000        4.88446000000000      -0.150101538741992     
   1.83292250000000        5.18961375000000      -0.139518906792764     
   1.83292250000000        5.49476750000000      -0.130120768785749     
   1.83292250000000        5.79992125000000      -0.121717339035964     
   1.83292250000000        6.10507500000000      -0.114177979774806     
   1.83292250000000        6.41022875000000      -0.107426301732955     
   1.83292250000000        6.71538250000000      -0.101384239373859     
   1.83292250000000        7.02053625000000      -9.593045229651494E-002
   1.83292250000000        7.32569000000000      -9.091335702160494E-002
   2.13807625000000       2.000000000000000E-003 -0.567945037631066     
   2.13807625000000       0.307153750000000      -0.558062756583833     
   2.13807625000000       0.612307500000000      -0.531097063725226     
   2.13807625000000       0.917461250000000      -0.492901159784283     
   2.13807625000000        1.22261500000000      -0.449238515831387     
   2.13807625000000        1.52776875000000      -0.404538737713831     
   2.13807625000000        1.83292250000000      -0.362029188673436     
   2.13807625000000        2.13807625000000      -0.323906400119702     
   2.13807625000000        2.44323000000000      -0.291260315530347     
   2.13807625000000        2.74838375000000      -0.264045936388950     
   2.13807625000000        3.05353750000000      -0.241350372848399     
   2.13807625000000        3.35869125000000      -0.221915683148939     
   2.13807625000000        3.66384500000000      -0.204667359900119     
   2.13807625000000        3.96899875000000      -0.189002192190009     
   2.13807625000000        4.27415250000000      -0.174754285064910     
   2.13807625000000        4.57930625000000      -0.161949157577471     
   2.13807625000000        4.88446000000000      -0.150549042549611     
   2.13807625000000        5.18961375000000      -0.140355466571890     
   2.13807625000000        5.49476750000000      -0.131091557796574     
   2.13807625000000        5.79992125000000      -0.122546952918964     
   2.13807625000000        6.10507500000000      -0.114655925638912     
   2.13807625000000        6.41022875000000      -0.107465754582509     
   2.13807625000000        6.71538250000000      -0.101044122689463     
   2.13807625000000        7.02053625000000      -9.539668621271218E-002
   2.13807625000000        7.32569000000000      -9.042213903139898E-002
   2.44323000000000       2.000000000000000E-003 -0.565020725133569     
   2.44323000000000       0.307153750000000      -0.553554386773922     
   2.44323000000000       0.612307500000000      -0.522886942644874     
   2.44323000000000       0.917461250000000      -0.482189077720454     
   2.44323000000000        1.22261500000000      -0.437615647993446     
   2.44323000000000        1.52776875000000      -0.392944128544155     
   2.44323000000000        1.83292250000000      -0.350998830895171     
   2.44323000000000        2.13807625000000      -0.313859688659052     
   2.44323000000000        2.44323000000000      -0.282554267376964     
   2.44323000000000        2.74838375000000      -0.256890606746433     
   2.44323000000000        3.05353750000000      -0.235737533730874     
   2.44323000000000        3.35869125000000      -0.217650884141671     
   2.44323000000000        3.66384500000000      -0.201490411883305     
   2.44323000000000        3.96899875000000      -0.186706567215373     
   2.44323000000000        4.27415250000000      -0.173226529967757     
   2.44323000000000        4.57930625000000      -0.161122426703958     
   2.44323000000000        4.88446000000000      -0.150323501436759     
   2.44323000000000        5.18961375000000      -0.140549962017844     
   2.44323000000000        5.49476750000000      -0.131459388264989     
   2.44323000000000        5.79992125000000      -0.122837037114486     
   2.44323000000000        6.10507500000000      -0.114676023664804     
   2.44323000000000        6.41022875000000      -0.107122009042978     
   2.44323000000000        6.71538250000000      -0.100373924034825     
   2.44323000000000        7.02053625000000      -9.461514520144551E-002
   2.44323000000000        7.32569000000000      -8.985895025330168E-002
   2.74838375000000       2.000000000000000E-003 -0.559831081147471     
   2.74838375000000       0.307153750000000      -0.547613438696288     
   2.74838375000000       0.612307500000000      -0.514026077245101     
   2.74838375000000       0.917461250000000      -0.467615329297793     
   2.74838375000000        1.22261500000000      -0.419781663885111     
   2.74838375000000        1.52776875000000      -0.375222337836286     
   2.74838375000000        1.83292250000000      -0.334935619291819     
   2.74838375000000        2.13807625000000      -0.300045350682392     
   2.74838375000000        2.44323000000000      -0.271100034464454     
   2.74838375000000        2.74838375000000      -0.247655692814510     
   2.74838375000000        3.05353750000000      -0.228442148054319     
   2.74838375000000        3.35869125000000      -0.211961421667268     
   2.74838375000000        3.66384500000000      -0.197099502971036     
   2.74838375000000        3.96899875000000      -0.183385788611473     
   2.74838375000000        4.27415250000000      -0.170826379603347     
   2.74838375000000        4.57930625000000      -0.159522800213092     
   2.74838375000000        4.88446000000000      -0.149375745249820     
   2.74838375000000        5.18961375000000      -0.140055568975646     
   2.74838375000000        5.49476750000000      -0.131191464496565     
   2.74838375000000        5.79992125000000      -0.122575581174487     
   2.74838375000000        6.10507500000000      -0.114222627589833     
   2.74838375000000        6.41022875000000      -0.106282696004716     
   2.74838375000000        6.71538250000000      -9.916031246354469E-002
   2.74838375000000        7.02053625000000      -9.354163091398394E-002
   2.74838375000000        7.32569000000000      -8.940057960845857E-002
   3.05353750000000       2.000000000000000E-003 -0.547741060983088     
   3.05353750000000       0.307153750000000      -0.534957394498552     
   3.05353750000000       0.612307500000000      -0.498659084998213     
   3.05353750000000       0.917461250000000      -0.449057514140783     
   3.05353750000000        1.22261500000000      -0.398059557657536     
   3.05353750000000        1.52776875000000      -0.353727096002637     
   3.05353750000000        1.83292250000000      -0.315866068583133     
   3.05353750000000        2.13807625000000      -0.284019307937965     
   3.05353750000000        2.44323000000000      -0.258002179559125     
   3.05353750000000        2.74838375000000      -0.237087371648796     
   3.05353750000000        3.05353750000000      -0.219955187669125     
   3.05353750000000        3.35869125000000      -0.205167071057813     
   3.05353750000000        3.66384500000000      -0.191701131868453     
   3.05353750000000        3.96899875000000      -0.179169243382510     
   3.05353750000000        4.27415250000000      -0.167628535615846     
   3.05353750000000        4.57930625000000      -0.157184550736308     
   3.05353750000000        4.88446000000000      -0.147711273454616     
   3.05353750000000        5.18961375000000      -0.138862218420350     
   3.05353750000000        5.49476750000000      -0.130277367092355     
   3.05353750000000        5.79992125000000      -0.121764937789067     
   3.05353750000000        6.10507500000000      -0.113303866841960     
   3.05353750000000        6.41022875000000      -0.104991137689350     
   3.05353750000000        6.71538250000000      -9.766001248761416E-002
   3.05353750000000        7.02053625000000      -9.243472142180686E-002
   3.05353750000000        7.32569000000000      -8.933115043296753E-002
   3.35869125000000       2.000000000000000E-003 -0.532119266754375     
   3.35869125000000       0.307153750000000      -0.520228976616392     
   3.35869125000000       0.612307500000000      -0.480015847001106     
   3.35869125000000       0.917461250000000      -0.426058076721110     
   3.35869125000000        1.22261500000000      -0.373789400037158     
   3.35869125000000        1.52776875000000      -0.330340775269130     
   3.35869125000000        1.83292250000000      -0.295446272353400     
   3.35869125000000        2.13807625000000      -0.266983328547028     
   3.35869125000000        2.44323000000000      -0.244049072293262     
   3.35869125000000        2.74838375000000      -0.225691155342438     
   3.35869125000000        3.05353750000000      -0.210621154917637     
   3.35869125000000        3.35869125000000      -0.197528900369569     
   3.35869125000000        3.66384500000000      -0.185506669190812     
   3.35869125000000        3.96899875000000      -0.174223732918846     
   3.35869125000000        4.27415250000000      -0.163751536221932     
   3.35869125000000        4.57930625000000      -0.154179447067414     
   3.35869125000000        4.88446000000000      -0.145367147901686     
   3.35869125000000        5.18961375000000      -0.136989415772372     
   3.35869125000000        5.49476750000000      -0.128735920277426     
   3.35869125000000        5.79992125000000      -0.120449547694541     
   3.35869125000000        6.10507500000000      -0.112052514015799     
   3.35869125000000        6.41022875000000      -0.103685449824323     
   3.35869125000000        6.71538250000000      -9.635090143886860E-002
   3.35869125000000        7.02053625000000      -9.182409858655413E-002
   3.35869125000000        7.32569000000000      -8.987340931272514E-002
   3.66384500000000       2.000000000000000E-003 -0.494458041652923     
   3.66384500000000       0.307153750000000      -0.492628812231258     
   3.66384500000000       0.612307500000000      -0.451019381804796     
   3.66384500000000       0.917461250000000      -0.396228982920410     
   3.66384500000000        1.22261500000000      -0.345809761347959     
   3.66384500000000        1.52776875000000      -0.305417684749321     
   3.66384500000000        1.83292250000000      -0.274271575030646     
   3.66384500000000        2.13807625000000      -0.249422939682546     
   3.66384500000000        2.44323000000000      -0.229594273080615     
   3.66384500000000        2.74838375000000      -0.213751315797556     
   3.66384500000000        3.05353750000000      -0.200701596989139     
   3.66384500000000        3.35869125000000      -0.189292091683757     
   3.66384500000000        3.66384500000000      -0.178731269994550     
   3.66384500000000        3.96899875000000      -0.168723237222994     
   3.66384500000000        4.27415250000000      -0.159322847132199     
   3.66384500000000        4.57930625000000      -0.150593019904727     
   3.66384500000000        4.88446000000000      -0.142401858471592     
   3.66384500000000        5.18961375000000      -0.134484230118735     
   3.66384500000000        5.49476750000000      -0.126614381660409     
   3.66384500000000        5.79992125000000      -0.118701991090495     
   3.66384500000000        6.10507500000000      -0.110694088753173     
   3.66384500000000        6.41022875000000      -0.102794953726190     
   3.66384500000000        6.71538250000000      -9.604432192177660E-002
   3.66384500000000        7.02053625000000      -9.240690189308838E-002
   3.66384500000000        7.32569000000000      -9.076193845152365E-002
   3.96899875000000       2.000000000000000E-003 -0.437770073293583     
   3.96899875000000       0.307153750000000      -0.431334651436396     
   3.96899875000000       0.612307500000000      -0.399574226158883     
   3.96899875000000       0.917461250000000      -0.354842621792832     
   3.96899875000000        1.22261500000000      -0.312418891464575     
   3.96899875000000        1.52776875000000      -0.278421216750104     
   3.96899875000000        1.83292250000000      -0.252197885192278     
   3.96899875000000        2.13807625000000      -0.231369661561526     
   3.96899875000000        2.44323000000000      -0.214798178645738     
   3.96899875000000        2.74838375000000      -0.201531059763844     
   3.96899875000000        3.05353750000000      -0.190517423092390     
   3.96899875000000        3.35869125000000      -0.180773680639508     
   3.96899875000000        3.66384500000000      -0.171638180044867     
   3.96899875000000        3.96899875000000      -0.162861244059167     
   3.96899875000000        4.27415250000000      -0.154472155729998     
   3.96899875000000        4.57930625000000      -0.146512568219844     
   3.96899875000000        4.88446000000000      -0.138886321523288     
   3.96899875000000        5.18961375000000      -0.131415918089989     
   3.96899875000000        5.49476750000000      -0.123977779212664     
   3.96899875000000        5.79992125000000      -0.116568433311503     
   3.96899875000000        6.10507500000000      -0.109237728579261     
   3.96899875000000        6.41022875000000      -0.102241983012078     
   3.96899875000000        6.71538250000000      -9.653176087445206E-002
   3.96899875000000        7.02053625000000      -9.321805084814994E-002
   3.96899875000000        7.32569000000000      -9.084180706356870E-002
   4.27415250000000       2.000000000000000E-003 -0.358885576511203     
   4.27415250000000       0.307153750000000      -0.353334177614358     
   4.27415250000000       0.612307500000000      -0.333934960820634     
   4.27415250000000       0.917461250000000      -0.304820119102705     
   4.27415250000000        1.22261500000000      -0.274781761523149     
   4.27415250000000        1.52776875000000      -0.249602582180391     
   4.27415250000000        1.83292250000000      -0.229320088919176     
   4.27415250000000        2.13807625000000      -0.213028470856670     
   4.27415250000000        2.44323000000000      -0.200005339383642     
   4.27415250000000        2.74838375000000      -0.189463021627985     
   4.27415250000000        3.05353750000000      -0.180517788018302     
   4.27415250000000        3.35869125000000      -0.172377610320725     
   4.27415250000000        3.66384500000000      -0.164542454477912     
   4.27415250000000        3.96899875000000      -0.156844405501669     
   4.27415250000000        4.27415250000000      -0.149318755571775     
   4.27415250000000        4.57930625000000      -0.142014207568707     
   4.27415250000000        4.88446000000000      -0.134891888156442     
   4.27415250000000        5.18961375000000      -0.127865877048224     
   4.27415250000000        5.49476750000000      -0.120900299523214     
   4.27415250000000        5.79992125000000      -0.114057506056092     
   4.27415250000000        6.10507500000000      -0.107475264113828     
   4.27415250000000        6.41022875000000      -0.101398081455064     
   4.27415250000000        6.71538250000000      -9.648756372481276E-002
   4.27415250000000        7.02053625000000      -9.317183769551034E-002
   4.27415250000000        7.32569000000000      -9.045645522307807E-002
   4.57930625000000       2.000000000000000E-003 -0.285367036245959     
   4.57930625000000       0.307153750000000      -0.282150104730431     
   4.57930625000000       0.612307500000000      -0.271836381706469     
   4.57930625000000       0.917461250000000      -0.255564394694801     
   4.57930625000000        1.22261500000000      -0.237339219613510     
   4.57930625000000        1.52776875000000      -0.220684891823832     
   4.57930625000000        1.83292250000000      -0.206638079162730     
   4.57930625000000        2.13807625000000      -0.195181305586064     
   4.57930625000000        2.44323000000000      -0.185890741110151     
   4.57930625000000        2.74838375000000      -0.178119253604954     
   4.57930625000000        3.05353750000000      -0.171159094502895     
   4.57930625000000        3.35869125000000      -0.164441251252984     
   4.57930625000000        3.66384500000000      -0.157668903728368     
   4.57930625000000        3.96899875000000      -0.150802928788063     
   4.57930625000000        4.27415250000000      -0.143935560992548     
   4.57930625000000        4.57930625000000      -0.137156731225817     
   4.57930625000000        4.88446000000000      -0.130490752611352     
   4.57930625000000        5.18961375000000      -0.123922309658506     
   4.57930625000000        5.49476750000000      -0.117464030099875     
   4.57930625000000        5.79992125000000      -0.111194589240672     
   4.57930625000000        6.10507500000000      -0.105253908263070     
   4.57930625000000        6.41022875000000      -9.983800214684894E-002
   4.57930625000000        6.71538250000000      -9.525045681909307E-002
   4.57930625000000        7.02053625000000      -9.161238752940967E-002
   4.57930625000000        7.32569000000000      -8.831210900572996E-002
   4.88446000000000       2.000000000000000E-003 -0.228744392180101     
   4.88446000000000       0.307153750000000      -0.227285080668028     
   4.88446000000000       0.612307500000000      -0.222347319847377     
   4.88446000000000       0.917461250000000      -0.213807261727752     
   4.88446000000000        1.22261500000000      -0.203755840335455     
   4.88446000000000        1.52776875000000      -0.194136615540679     
   4.88446000000000        1.83292250000000      -0.185852529415665     
   4.88446000000000        2.13807625000000      -0.179005545869876     
   4.88446000000000        2.44323000000000      -0.173231268316505     
   4.88446000000000        2.74838375000000      -0.167967497212922     
   4.88446000000000        3.05353750000000      -0.162686442590509     
   4.88446000000000        3.35869125000000      -0.157065237354518     
   4.88446000000000        3.66384500000000      -0.151040183181810     
   4.88446000000000        3.96899875000000      -0.144735648812523     
   4.88446000000000        4.27415250000000      -0.138335439025459     
   4.88446000000000        4.57930625000000      -0.131985022373754     
   4.88446000000000        4.88446000000000      -0.125756769158966     
   4.88446000000000        5.18961375000000      -0.119671912908219     
   4.88446000000000        5.49476750000000      -0.113750582264322     
   4.88446000000000        5.79992125000000      -0.108044504600567     
   4.88446000000000        6.10507500000000      -0.102640388539200     
   4.88446000000000        6.41022875000000      -9.764975558709026E-002
   4.88446000000000        6.71538250000000      -9.318405823258413E-002
   4.88446000000000        7.02053625000000      -8.925511596273079E-002
   4.88446000000000        7.32569000000000      -8.558840317568890E-002
   5.18961375000000       2.000000000000000E-003 -0.187348097584762     
   5.18961375000000       0.307153750000000      -0.186626488191528     
   5.18961375000000       0.612307500000000      -0.184319761583626     
   5.18961375000000       0.917461250000000      -0.180622248748861     
   5.18961375000000        1.22261500000000      -0.176280805601148     
   5.18961375000000        1.52776875000000      -0.172110701796696     
   5.18961375000000        1.83292250000000      -0.168527506597580     
   5.18961375000000        2.13807625000000      -0.165452377880915     
   5.18961375000000        2.44323000000000      -0.162473630161675     
   5.18961375000000        2.74838375000000      -0.159102085741621     
   5.18961375000000        3.05353750000000      -0.154996704596768     
   5.18961375000000        3.35869125000000      -0.150078306634494     
   5.18961375000000        3.66384500000000      -0.144506855456197     
   5.18961375000000        3.96899875000000      -0.138562752420460     
   5.18961375000000        4.27415250000000      -0.132516282318866     
   5.18961375000000        4.57930625000000      -0.126554302660148     
   5.18961375000000        4.88446000000000      -0.120770594236076     
   5.18961375000000        5.18961375000000      -0.115193939985568     
   5.18961375000000        5.49476750000000      -0.109827851472580     
   5.18961375000000        5.79992125000000      -0.104679038934869     
   5.18961375000000        6.10507500000000      -9.976941761135193E-002
   5.18961375000000        6.41022875000000      -9.513594414211822E-002
   5.18961375000000        6.71538250000000      -9.081536033623253E-002
   5.18961375000000        7.02053625000000      -8.680619761676857E-002
   5.18961375000000        7.32569000000000      -8.303252304029615E-002
   5.49476750000000       2.000000000000000E-003 -0.155230674344891     
   5.49476750000000       0.307153750000000      -0.155280424421791     
   5.49476750000000       0.612307500000000      -0.155507860849414     
   5.49476750000000       0.917461250000000      -0.155770181414793     
   5.49476750000000        1.22261500000000      -0.155770164430407     
   5.49476750000000        1.52776875000000      -0.155559552103534     
   5.49476750000000        1.83292250000000      -0.155256305829531     
   5.49476750000000        2.13807625000000      -0.154683024388196     
   5.49476750000000        2.44323000000000      -0.153445623667440     
   5.49476750000000        2.74838375000000      -0.151170130483712     
   5.49476750000000        3.05353750000000      -0.147701571196986     
   5.49476750000000        3.35869125000000      -0.143163164958333     
   5.49476750000000        3.66384500000000      -0.137879502980753     
   5.49476750000000        3.96899875000000      -0.132231392134592     
   5.49476750000000        4.27415250000000      -0.126529867044027     
   5.49476750000000        4.57930625000000      -0.120968086695675     
   5.49476750000000        4.88446000000000      -0.115639026541051     
   5.49476750000000        5.18961375000000      -0.110570259762119     
   5.49476750000000        5.49476750000000      -0.105750804720361     
   5.49476750000000        5.79992125000000      -0.101151137163423     
   5.49476750000000        6.10507500000000      -9.674006724780432E-002
   5.49476750000000        6.41022875000000      -9.249407430562674E-002
   5.49476750000000        6.71538250000000      -8.840746354830938E-002
   5.49476750000000        7.02053625000000      -8.450306995109363E-002
   5.49476750000000        7.32569000000000      -8.079361055716827E-002
   5.79992125000000       2.000000000000000E-003 -0.134004475983244     
   5.79992125000000       0.307153750000000      -0.134641487821737     
   5.79992125000000       0.612307500000000      -0.136309260664678     
   5.79992125000000       0.917461250000000      -0.138742226355703     
   5.79992125000000        1.22261500000000      -0.141490306159981     
   5.79992125000000        1.52776875000000      -0.143935803547169     
   5.79992125000000        1.83292250000000      -0.145435634075954     
   5.79992125000000        2.13807625000000      -0.146021886849925     
   5.79992125000000        2.44323000000000      -0.145477308783913     
   5.79992125000000        2.74838375000000      -0.143596827753647     
   5.79992125000000        3.05353750000000      -0.140382373150569     
   5.79992125000000        3.35869125000000      -0.136075802935614     
   5.79992125000000        3.66384500000000      -0.131075544925358     
   5.79992125000000        3.96899875000000      -0.125792768037971     
   5.79992125000000        4.27415250000000      -0.120516462707384     
   5.79992125000000        4.57930625000000      -0.115395744175773     
   5.79992125000000        4.88446000000000      -0.110509221364734     
   5.79992125000000        5.18961375000000      -0.105901039788149     
   5.79992125000000        5.49476750000000      -0.101575053642205     
   5.79992125000000        5.79992125000000      -9.749648712773137E-002
   5.79992125000000        6.10507500000000      -9.360899174187544E-002
   5.79992125000000        6.41022875000000      -8.987144674848013E-002
   5.79992125000000        6.71538250000000      -8.619919413054809E-002
   5.79992125000000        7.02053625000000      -8.253674091904957E-002
   5.79992125000000        7.32569000000000      -7.891996203442024E-002
   6.10507500000000       2.000000000000000E-003 -0.122128911467085     
   6.10507500000000       0.307153750000000      -0.123189006569446     
   6.10507500000000       0.612307500000000      -0.125915205850806     
   6.10507500000000       0.917461250000000      -0.129349676194270     
   6.10507500000000        1.22261500000000      -0.132811403045070     
   6.10507500000000        1.52776875000000      -0.135836838981893     
   6.10507500000000        1.83292250000000      -0.137813520726114     
   6.10507500000000        2.13807625000000      -0.138461111248325     
   6.10507500000000        2.44323000000000      -0.137856224863674     
   6.10507500000000        2.74838375000000      -0.135965049413207     
   6.10507500000000        3.05353750000000      -0.132870694342595     
   6.10507500000000        3.35869125000000      -0.128798740245472     
   6.10507500000000        3.66384500000000      -0.124145523390875     
   6.10507500000000        3.96899875000000      -0.119366983956632     
   6.10507500000000        4.27415250000000      -0.114674272164755     
   6.10507500000000        4.57930625000000      -0.110055381038162     
   6.10507500000000        4.88446000000000      -0.105560527017647     
   6.10507500000000        5.18961375000000      -0.101305885281818     
   6.10507500000000        5.49476750000000      -9.736113871425535E-002
   6.10507500000000        5.79992125000000      -9.372848188942202E-002
   6.10507500000000        6.10507500000000      -9.043505793056407E-002
   6.10507500000000        6.41022875000000      -8.735002802671181E-002
   6.10507500000000        6.71538250000000      -8.423543657432075E-002
   6.10507500000000        7.02053625000000      -8.089418500477366E-002
   6.10507500000000        7.32569000000000      -7.736151229911585E-002
   6.41022875000000       2.000000000000000E-003 -0.116250853788399     
   6.41022875000000       0.307153750000000      -0.118005111890176     
   6.41022875000000       0.612307500000000      -0.121821693034304     
   6.41022875000000       0.917461250000000      -0.125548202754961     
   6.41022875000000        1.22261500000000      -0.128350081715487     
   6.41022875000000        1.52776875000000      -0.130293925274238     
   6.41022875000000        1.83292250000000      -0.131333417989522     
   6.41022875000000        2.13807625000000      -0.131287453626789     
   6.41022875000000        2.44323000000000      -0.130245488926528     
   6.41022875000000        2.74838375000000      -0.128246747761732     
   6.41022875000000        3.05353750000000      -0.125225907930768     
   6.41022875000000        3.35869125000000      -0.121357293122978     
   6.41022875000000        3.66384500000000      -0.117224548028142     
   6.41022875000000        3.96899875000000      -0.113228478695647     
   6.41022875000000        4.27415250000000      -0.109284475595193     
   6.41022875000000        4.57930625000000      -0.105188728740405     
   6.41022875000000        4.88446000000000      -0.100977168230155     
   6.41022875000000        5.18961375000000      -9.690227601940483E-002
   6.41022875000000        5.49476750000000      -9.315831581750722E-002
   6.41022875000000        5.79992125000000      -8.987372544166192E-002
   6.41022875000000        6.10507500000000      -8.714734757569753E-002
   6.41022875000000        6.41022875000000      -8.475602433070870E-002
   6.41022875000000        6.71538250000000      -8.230817214717381E-002
   6.41022875000000        7.02053625000000      -7.936768307348589E-002
   6.41022875000000        7.32569000000000      -7.595693478513496E-002
   6.71538250000000       2.000000000000000E-003 -0.111914017480534     
   6.71538250000000       0.307153750000000      -0.115318905779119     
   6.71538250000000       0.612307500000000      -0.121295855683882     
   6.71538250000000       0.917461250000000      -0.125065414069419     
   6.71538250000000        1.22261500000000      -0.126251075870949     
   6.71538250000000        1.52776875000000      -0.126173748200339     
   6.71538250000000        1.83292250000000      -0.125486446725554     
   6.71538250000000        2.13807625000000      -0.124317857608604     
   6.71538250000000        2.44323000000000      -0.122726940506657     
   6.71538250000000        2.74838375000000      -0.120505305770857     
   6.71538250000000        3.05353750000000      -0.117480709929139     
   6.71538250000000        3.35869125000000      -0.114177344899784     
   6.71538250000000        3.66384500000000      -0.111050892857600     
   6.71538250000000        3.96899875000000      -0.108225773018465     
   6.71538250000000        4.27415250000000      -0.105122609447876     
   6.71538250000000        4.57930625000000      -0.101198655998243     
   6.71538250000000        4.88446000000000      -9.690914821498701E-002
   6.71538250000000        5.18961375000000      -9.276837109269517E-002
   6.71538250000000        5.49476750000000      -8.901127528387670E-002
   6.71538250000000        5.79992125000000      -8.593797461758514E-002
   6.71538250000000        6.10507500000000      -8.360745086254492E-002
   6.71538250000000        6.41022875000000      -8.176745334236779E-002
   6.71538250000000        6.71538250000000      -7.993842140299776E-002
   6.71538250000000        7.02053625000000      -7.752895879381413E-002
   6.71538250000000        7.32569000000000      -7.443460484016076E-002
   7.02053625000000       2.000000000000000E-003 -0.108193351324318     
   7.02053625000000       0.307153750000000      -0.115612819998351     
   7.02053625000000       0.612307500000000      -0.122446880949769     
   7.02053625000000       0.917461250000000      -0.125183222097696     
   7.02053625000000        1.22261500000000      -0.124325048272410     
   7.02053625000000        1.52776875000000      -0.122173280104110     
   7.02053625000000        1.83292250000000      -0.119877077689295     
   7.02053625000000        2.13807625000000      -0.117639268718535     
   7.02053625000000        2.44323000000000      -0.115508493818144     
   7.02053625000000        2.74838375000000      -0.112945117691684     
   7.02053625000000        3.05353750000000      -0.110266224268473     
   7.02053625000000        3.35869125000000      -0.108544262732824     
   7.02053625000000        3.66384500000000      -0.107166739266948     
   7.02053625000000        3.96899875000000      -0.105209961090907     
   7.02053625000000        4.27415250000000      -0.102565436571011     
   7.02053625000000        4.57930625000000      -9.822340266691530E-002
   7.02053625000000        4.88446000000000      -9.335338246270800E-002
   7.02053625000000        5.18961375000000      -8.889750524174461E-002
   7.02053625000000        5.49476750000000      -8.500887391311499E-002
   7.02053625000000        5.79992125000000      -8.199290323334618E-002
   7.02053625000000        6.10507500000000      -7.980601784141021E-002
   7.02053625000000        6.41022875000000      -7.818245692377437E-002
   7.02053625000000        6.71538250000000      -7.665610279289364E-002
   7.02053625000000        7.02053625000000      -7.511439360340152E-002
   7.02053625000000        7.32569000000000      -7.269473957099956E-002
   7.32569000000000       2.000000000000000E-003 -0.110662166773165     
   7.32569000000000       0.307153750000000      -0.121526312667601     
   7.32569000000000       0.612307500000000      -0.122513971340338     
   7.32569000000000       0.917461250000000      -0.122399231208502     
   7.32569000000000        1.22261500000000      -0.120112520431900     
   7.32569000000000        1.52776875000000      -0.117017131822178     
   7.32569000000000        1.83292250000000      -0.113991510329916     
   7.32569000000000        2.13807625000000      -0.111258371079672     
   7.32569000000000        2.44323000000000      -0.108764430505242     
   7.32569000000000        2.74838375000000      -0.106079965456216     
   7.32569000000000        3.05353750000000      -0.103938829982725     
   7.32569000000000        3.35869125000000      -0.103922853093998     
   7.32569000000000        3.66384500000000      -0.104158165021755     
   7.32569000000000        3.96899875000000      -0.102824630832029     
   7.32569000000000        4.27415250000000      -0.100349607665516     
   7.32569000000000        4.57930625000000      -9.530644721841192E-002
   7.32569000000000        4.88446000000000      -8.988256882807345E-002
   7.32569000000000        5.18961375000000      -8.517286246745240E-002
   7.32569000000000        5.49476750000000      -8.122782377973363E-002
   7.32569000000000        5.79992125000000      -7.820715127076001E-002
   7.32569000000000        6.10507500000000      -7.603576421445589E-002
   7.32569000000000        6.41022875000000      -7.447563139542819E-002
   7.32569000000000        6.71538250000000      -7.313237122134779E-002
   7.32569000000000        7.02053625000000      -7.167252403762878E-002
   7.32569000000000        7.32569000000000      -7.039072357687133E-002
