  2.000000000000000E-003  2.000000000000000E-003 -8.509445116540826E-002
  2.000000000000000E-003  0.307153750000000      -9.298825098950844E-002
  2.000000000000000E-003  0.612307500000000      -9.173701094113654E-002
  2.000000000000000E-003  0.917461250000000      -7.086254169502319E-002
  2.000000000000000E-003   1.22261500000000      -5.502180090216267E-002
  2.000000000000000E-003   1.52776875000000      -4.592744954930808E-002
  2.000000000000000E-003   1.83292250000000      -4.072366610448210E-002
  2.000000000000000E-003   2.13807625000000      -3.720445732252657E-002
  2.000000000000000E-003   2.44323000000000      -3.416669046926417E-002
  2.000000000000000E-003   2.74838375000000      -3.138862882209677E-002
  2.000000000000000E-003   3.05353750000000      -2.893841396884124E-002
  2.000000000000000E-003   3.35869125000000      -2.691640346727154E-002
  2.000000000000000E-003   3.66384500000000      -2.433998528605077E-002
  2.000000000000000E-003   3.96899875000000      -2.697978865013555E-002
  2.000000000000000E-003   4.27415250000000      -2.768402818243113E-002
  2.000000000000000E-003   4.57930625000000      -2.639452549722789E-002
  2.000000000000000E-003   4.88446000000000      -2.403967531347077E-002
  2.000000000000000E-003   5.18961375000000      -2.135799129754445E-002
  2.000000000000000E-003   5.49476750000000      -1.871411846763945E-002
  2.000000000000000E-003   5.79992125000000      -1.599543893306445E-002
  2.000000000000000E-003   6.10507500000000      -1.329116914429610E-002
  2.000000000000000E-003   6.41022875000000      -1.080510115538863E-002
  2.000000000000000E-003   6.71538250000000      -9.062299375892587E-003
  2.000000000000000E-003   7.02053625000000      -9.517011876311630E-003
  2.000000000000000E-003   7.32569000000000      -1.086390699906275E-002
  0.307153750000000       2.000000000000000E-003 -0.131629607025603     
  0.307153750000000       0.307153750000000      -9.376468024555012E-002
  0.307153750000000       0.612307500000000      -8.164801479695154E-002
  0.307153750000000       0.917461250000000      -6.835901930179301E-002
  0.307153750000000        1.22261500000000      -5.603671210552347E-002
  0.307153750000000        1.52776875000000      -4.778163837849021E-002
  0.307153750000000        1.83292250000000      -4.243869238845388E-002
  0.307153750000000        2.13807625000000      -3.855669714958455E-002
  0.307153750000000        2.44323000000000      -3.524770634119144E-002
  0.307153750000000        2.74838375000000      -3.256407027637263E-002
  0.307153750000000        3.05353750000000      -3.051428790260191E-002
  0.307153750000000        3.35869125000000      -2.865712315953265E-002
  0.307153750000000        3.66384500000000      -2.659344260769967E-002
  0.307153750000000        3.96899875000000      -2.718659424318860E-002
  0.307153750000000        4.27415250000000      -2.749087671101656E-002
  0.307153750000000        4.57930625000000      -2.611418982229874E-002
  0.307153750000000        4.88446000000000      -2.375124223939906E-002
  0.307153750000000        5.18961375000000      -2.117470246677799E-002
  0.307153750000000        5.49476750000000      -1.866051179323027E-002
  0.307153750000000        5.79992125000000      -1.622278416393535E-002
  0.307153750000000        6.10507500000000      -1.405992947071735E-002
  0.307153750000000        6.41022875000000      -1.250906602487220E-002
  0.307153750000000        6.71538250000000      -1.189997918868971E-002
  0.307153750000000        7.02053625000000      -1.097520387069910E-002
  0.307153750000000        7.32569000000000      -9.840739308555176E-003
  0.612307500000000       2.000000000000000E-003 -0.145315713825126     
  0.612307500000000       0.307153750000000      -0.114293352232513     
  0.612307500000000       0.612307500000000      -8.290080807328468E-002
  0.612307500000000       0.917461250000000      -6.769894101154576E-002
  0.612307500000000        1.22261500000000      -5.758237155440658E-002
  0.612307500000000        1.52776875000000      -5.008294927812790E-002
  0.612307500000000        1.83292250000000      -4.449162450149706E-002
  0.612307500000000        2.13807625000000      -3.997679738310655E-002
  0.612307500000000        2.44323000000000      -3.610898185394169E-002
  0.612307500000000        2.74838375000000      -3.302313481337688E-002
  0.612307500000000        3.05353750000000      -3.069037999666853E-002
  0.612307500000000        3.35869125000000      -2.884980507541277E-002
  0.612307500000000        3.66384500000000      -2.749077538726647E-002
  0.612307500000000        3.96899875000000      -2.709205648717222E-002
  0.612307500000000        4.27415250000000      -2.664323632656264E-002
  0.612307500000000        4.57930625000000      -2.523235292105121E-002
  0.612307500000000        4.88446000000000      -2.306175267728405E-002
  0.612307500000000        5.18961375000000      -2.075857628792068E-002
  0.612307500000000        5.49476750000000      -1.843909275692411E-002
  0.612307500000000        5.79992125000000      -1.625851067173449E-002
  0.612307500000000        6.10507500000000      -1.442838586276109E-002
  0.612307500000000        6.41022875000000      -1.301685457747597E-002
  0.612307500000000        6.71538250000000      -1.152272373297640E-002
  0.612307500000000        7.02053625000000      -9.027410409182575E-003
  0.612307500000000        7.32569000000000      -9.004211206091624E-003
  0.917461250000000       2.000000000000000E-003 -0.134739741243627     
  0.917461250000000       0.307153750000000      -0.118716169094621     
  0.917461250000000       0.612307500000000      -9.216339666821334E-002
  0.917461250000000       0.917461250000000      -7.365699964024558E-002
  0.917461250000000        1.22261500000000      -6.181350714399146E-002
  0.917461250000000        1.52776875000000      -5.338665081935526E-002
  0.917461250000000        1.83292250000000      -4.690645672246788E-002
  0.917461250000000        2.13807625000000      -4.149788429698412E-002
  0.917461250000000        2.44323000000000      -3.698504297686289E-002
  0.917461250000000        2.74838375000000      -3.337584872367086E-002
  0.917461250000000        3.05353750000000      -3.063328691723484E-002
  0.917461250000000        3.35869125000000      -2.868534330550794E-002
  0.917461250000000        3.66384500000000      -2.740471366548283E-002
  0.917461250000000        3.96899875000000      -2.658371103194408E-002
  0.917461250000000        4.27415250000000      -2.564850927660816E-002
  0.917461250000000        4.57930625000000      -2.414971099566971E-002
  0.917461250000000        4.88446000000000      -2.224270307400498E-002
  0.917461250000000        5.18961375000000      -2.015569953868750E-002
  0.917461250000000        5.49476750000000      -1.800159691252836E-002
  0.917461250000000        5.79992125000000      -1.594595544048578E-002
  0.917461250000000        6.10507500000000      -1.415374236687237E-002
  0.917461250000000        6.41022875000000      -1.251377152532235E-002
  0.917461250000000        6.71538250000000      -1.065580861523894E-002
  0.917461250000000        7.02053625000000      -8.771044535271087E-003
  0.917461250000000        7.32569000000000      -8.571622964015663E-003
   1.22261500000000       2.000000000000000E-003 -0.121583352676894     
   1.22261500000000       0.307153750000000      -0.113286322403069     
   1.22261500000000       0.612307500000000      -9.564648756695350E-002
   1.22261500000000       0.917461250000000      -7.909619618122150E-002
   1.22261500000000        1.22261500000000      -6.646357449670430E-002
   1.22261500000000        1.52776875000000      -5.691349588644842E-002
   1.22261500000000        1.83292250000000      -4.936374569786995E-002
   1.22261500000000        2.13807625000000      -4.310210735674009E-002
   1.22261500000000        2.44323000000000      -3.797422799895739E-002
   1.22261500000000        2.74838375000000      -3.392294503061701E-002
   1.22261500000000        3.05353750000000      -3.084712174649995E-002
   1.22261500000000        3.35869125000000      -2.862210715934616E-002
   1.22261500000000        3.66384500000000      -2.708249108206942E-002
   1.22261500000000        3.96899875000000      -2.589242522382945E-002
   1.22261500000000        4.27415250000000      -2.465385565103840E-002
   1.22261500000000        4.57930625000000      -2.315677546503830E-002
   1.22261500000000        4.88446000000000      -2.138246973938206E-002
   1.22261500000000        5.18961375000000      -1.941004412033791E-002
   1.22261500000000        5.49476750000000      -1.737192468609458E-002
   1.22261500000000        5.79992125000000      -1.540205600763580E-002
   1.22261500000000        6.10507500000000      -1.361681911448822E-002
   1.22261500000000        6.41022875000000      -1.195464285822379E-002
   1.22261500000000        6.71538250000000      -1.029797871797072E-002
   1.22261500000000        7.02053625000000      -8.912097226911631E-003
   1.22261500000000        7.32569000000000      -8.404720166775802E-003
   1.52776875000000       2.000000000000000E-003 -0.111007814627902     
   1.52776875000000       0.307153750000000      -0.106174194017544     
   1.52776875000000       0.612307500000000      -9.461778310163030E-002
   1.52776875000000       0.917461250000000      -8.141949677293155E-002
   1.52776875000000        1.22261500000000      -6.958015846435325E-002
   1.52776875000000        1.52776875000000      -5.974000543826660E-002
   1.52776875000000        1.83292250000000      -5.156283264318472E-002
   1.52776875000000        2.13807625000000      -4.469948082653052E-002
   1.52776875000000        2.44323000000000      -3.906110602332311E-002
   1.52776875000000        2.74838375000000      -3.459322382606066E-002
   1.52776875000000        3.05353750000000      -3.118256042919039E-002
   1.52776875000000        3.35869125000000      -2.865277868990870E-002
   1.52776875000000        3.66384500000000      -2.677254775558899E-002
   1.52776875000000        3.96899875000000      -2.525670064675677E-002
   1.52776875000000        4.27415250000000      -2.381801796515806E-002
   1.52776875000000        4.57930625000000      -2.225420321567843E-002
   1.52776875000000        4.88446000000000      -2.049110904219116E-002
   1.52776875000000        5.18961375000000      -1.857446272998584E-002
   1.52776875000000        5.49476750000000      -1.662784488009161E-002
   1.52776875000000        5.79992125000000      -1.478172586256963E-002
   1.52776875000000        6.10507500000000      -1.309534497173492E-002
   1.52776875000000        6.41022875000000      -1.157656612107801E-002
   1.52776875000000        6.71538250000000      -1.020302835541907E-002
   1.52776875000000        7.02053625000000      -9.103194732255637E-003
   1.52776875000000        7.32569000000000      -8.465711212433015E-003
   1.83292250000000       2.000000000000000E-003 -0.103574613582523     
   1.83292250000000       0.307153750000000      -0.100329814908047     
   1.83292250000000       0.612307500000000      -9.195527818990128E-002
   1.83292250000000       0.917461250000000      -8.140267848885707E-002
   1.83292250000000        1.22261500000000      -7.100872290238465E-002
   1.83292250000000        1.52776875000000      -6.158828025632842E-002
   1.83292250000000        1.83292250000000      -5.327594022188504E-002
   1.83292250000000        2.13807625000000      -4.611213541372322E-002
   1.83292250000000        2.44323000000000      -4.012997046011900E-002
   1.83292250000000        2.74838375000000      -3.530945629465635E-002
   1.83292250000000        3.05353750000000      -3.154950173192816E-002
   1.83292250000000        3.35869125000000      -2.867738500463145E-002
   1.83292250000000        3.66384500000000      -2.646937898676589E-002
   1.83292250000000        3.96899875000000      -2.467181162040301E-002
   1.83292250000000        4.27415250000000      -2.303642303372677E-002
   1.83292250000000        4.57930625000000      -2.137212895104587E-002
   1.83292250000000        4.88446000000000      -1.959042700457644E-002
   1.83292250000000        5.18961375000000      -1.771868786461094E-002
   1.83292250000000        5.49476750000000      -1.586747619888065E-002
   1.83292250000000        5.79992125000000      -1.416109829971435E-002
   1.83292250000000        6.10507500000000      -1.266745077105547E-002
   1.83292250000000        6.41022875000000      -1.137513960807752E-002
   1.83292250000000        6.71538250000000      -1.025477606432623E-002
   1.83292250000000        7.02053625000000      -9.349042975597698E-003
   1.83292250000000        7.32569000000000      -8.716233141885413E-003
   2.13807625000000       2.000000000000000E-003 -9.959725119655871E-002
   2.13807625000000       0.307153750000000      -9.680320547882799E-002
   2.13807625000000       0.612307500000000      -8.971806286449216E-002
   2.13807625000000       0.917461250000000      -8.063428645663262E-002
   2.13807625000000        1.22261500000000      -7.124494815323366E-002
   2.13807625000000        1.52776875000000      -6.233974243158339E-002
   2.13807625000000        1.83292250000000      -5.423415491846138E-002
   2.13807625000000        2.13807625000000      -4.708557260550046E-002
   2.13807625000000        2.44323000000000      -4.098024416452008E-002
   2.13807625000000        2.74838375000000      -3.592980225453651E-002
   2.13807625000000        3.05353750000000      -3.186818686808190E-002
   2.13807625000000        3.35869125000000      -2.866436394473368E-002
   2.13807625000000        3.66384500000000      -2.613826167261141E-002
   2.13807625000000        3.96899875000000      -2.407671281742135E-002
   2.13807625000000        4.27415250000000      -2.226035261435506E-002
   2.13807625000000        4.57930625000000      -2.050736238745398E-002
   2.13807625000000        4.88446000000000      -1.872139082423806E-002
   2.13807625000000        5.18961375000000      -1.691422976088296E-002
   2.13807625000000        5.49476750000000      -1.518013828661127E-002
   2.13807625000000        5.79992125000000      -1.363077533582669E-002
   2.13807625000000        6.10507500000000      -1.232877785171509E-002
   2.13807625000000        6.41022875000000      -1.126316873747157E-002
   2.13807625000000        6.71538250000000      -1.038321735147163E-002
   2.13807625000000        7.02053625000000      -9.657505760333810E-003
   2.13807625000000        7.32569000000000      -9.088472391255095E-003
   2.44323000000000       2.000000000000000E-003 -0.101507341938400     
   2.44323000000000       0.307153750000000      -9.769690265821829E-002
   2.44323000000000       0.612307500000000      -8.884158303562072E-002
   2.44323000000000       0.917461250000000      -7.911643298510958E-002
   2.44323000000000        1.22261500000000      -7.005213170186293E-002
   2.44323000000000        1.52776875000000      -6.176371428091682E-002
   2.44323000000000        1.83292250000000      -5.419948731902802E-002
   2.44323000000000        2.13807625000000      -4.739347596005027E-002
   2.44323000000000        2.44323000000000      -4.141157161916813E-002
   2.44323000000000        2.74838375000000      -3.629191788580209E-002
   2.44323000000000        3.05353750000000      -3.202354169556235E-002
   2.44323000000000        3.35869125000000      -2.854421751086236E-002
   2.44323000000000        3.66384500000000      -2.574040712908688E-002
   2.44323000000000        3.96899875000000      -2.345085914888908E-002
   2.44323000000000        4.27415250000000      -2.148731135903940E-002
   2.44323000000000        4.57930625000000      -1.967784565600255E-002
   2.44323000000000        4.88446000000000      -1.791977975748184E-002
   2.44323000000000        5.18961375000000      -1.620915522870116E-002
   2.44323000000000        5.49476750000000      -1.462063059369648E-002
   2.44323000000000        5.79992125000000      -1.324726657575760E-002
   2.44323000000000        6.10507500000000      -1.213609813195632E-002
   2.44323000000000        6.41022875000000      -1.125897852499302E-002
   2.44323000000000        6.71538250000000      -1.053845384879148E-002
   2.44323000000000        7.02053625000000      -9.918422405552057E-003
   2.44323000000000        7.32569000000000      -9.409761722534566E-003
   2.74838375000000       2.000000000000000E-003 -0.105898802108366     
   2.74838375000000       0.307153750000000      -0.100026398746592     
   2.74838375000000       0.612307500000000      -8.767729151595376E-002
   2.74838375000000       0.917461250000000      -7.599661867150291E-002
   2.74838375000000        1.22261500000000      -6.714993185667298E-002
   2.74838375000000        1.52776875000000      -5.983449530010951E-002
   2.74838375000000        1.83292250000000      -5.317158994995187E-002
   2.74838375000000        2.13807625000000      -4.699073741378334E-002
   2.74838375000000        2.44323000000000      -4.133756881947846E-002
   2.74838375000000        2.74838375000000      -3.629474857052064E-002
   2.74838375000000        3.05353750000000      -3.192611106767457E-002
   2.74838375000000        3.35869125000000      -2.825399247151118E-002
   2.74838375000000        3.66384500000000      -2.524126004242948E-002
   2.74838375000000        3.96899875000000      -2.278246664789661E-002
   2.74838375000000        4.27415250000000      -2.072045516645493E-002
   2.74838375000000        4.57930625000000      -1.889423179257354E-002
   2.74838375000000        4.88446000000000      -1.719790949928428E-002
   2.74838375000000        5.18961375000000      -1.561349395311656E-002
   2.74838375000000        5.49476750000000      -1.419523382612927E-002
   2.74838375000000        5.79992125000000      -1.301604823238020E-002
   2.74838375000000        6.10507500000000      -1.210575102922254E-002
   2.74838375000000        6.41022875000000      -1.141095780530172E-002
   2.74838375000000        6.71538250000000      -1.082218806144205E-002
   2.74838375000000        7.02053625000000      -1.025898873190970E-002
   2.74838375000000        7.32569000000000      -9.747893873863886E-003
   3.05353750000000       2.000000000000000E-003 -0.106529008644811     
   3.05353750000000       0.307153750000000      -9.706088646636539E-002
   3.05353750000000       0.612307500000000      -8.106824661821750E-002
   3.05353750000000       0.917461250000000      -6.976033179477906E-002
   3.05353750000000        1.22261500000000      -6.268660408384533E-002
   3.05353750000000        1.52776875000000      -5.701672110369472E-002
   3.05353750000000        1.83292250000000      -5.152046218826356E-002
   3.05353750000000        2.13807625000000      -4.608545050777137E-002
   3.05353750000000        2.44323000000000      -4.083711445864369E-002
   3.05353750000000        2.74838375000000      -3.594074195383695E-002
   3.05353750000000        3.05353750000000      -3.154710776349092E-002
   3.05353750000000        3.35869125000000      -2.776184502413278E-002
   3.05353750000000        3.66384500000000      -2.461826920336537E-002
   3.05353750000000        3.96899875000000      -2.206001825157800E-002
   3.05353750000000        4.27415250000000      -1.995480443029014E-002
   3.05353750000000        4.57930625000000      -1.815110886297465E-002
   3.05353750000000        4.88446000000000      -1.654336829811784E-002
   3.05353750000000        5.18961375000000      -1.510337044502852E-002
   3.05353750000000        5.49476750000000      -1.386759175215272E-002
   3.05353750000000        5.79992125000000      -1.289381109444460E-002
   3.05353750000000        6.10507500000000      -1.220875067320468E-002
   3.05353750000000        6.41022875000000      -1.176236998543018E-002
   3.05353750000000        6.71538250000000      -1.137033324690791E-002
   3.05353750000000        7.02053625000000      -1.079933395856988E-002
   3.05353750000000        7.32569000000000      -1.016527296462310E-002
   3.35869125000000       2.000000000000000E-003 -9.465433015377772E-002
   3.35869125000000       0.307153750000000      -8.209622512519703E-002
   3.35869125000000       0.612307500000000      -6.795183802238444E-002
   3.35869125000000       0.917461250000000      -6.138693920599535E-002
   3.35869125000000        1.22261500000000      -5.792599327925900E-002
   3.35869125000000        1.52776875000000      -5.431896168498274E-002
   3.35869125000000        1.83292250000000      -4.988499603713102E-002
   3.35869125000000        2.13807625000000      -4.504001113669728E-002
   3.35869125000000        2.44323000000000      -4.009004020757509E-002
   3.35869125000000        2.74838375000000      -3.530249012390772E-002
   3.35869125000000        3.05353750000000      -3.090558942723801E-002
   3.35869125000000        3.35869125000000      -2.706543914396258E-002
   3.35869125000000        3.66384500000000      -2.386270926494180E-002
   3.35869125000000        3.96899875000000      -2.127337022999888E-002
   3.35869125000000        4.27415250000000      -1.917806702695204E-002
   3.35869125000000        4.57930625000000      -1.743088338335682E-002
   3.35869125000000        4.88446000000000      -1.592866592615329E-002
   3.35869125000000        5.18961375000000      -1.463662815589676E-002
   3.35869125000000        5.49476750000000      -1.357757623936052E-002
   3.35869125000000        5.79992125000000      -1.280201386284569E-002
   3.35869125000000        6.10507500000000      -1.236227649118634E-002
   3.35869125000000        6.41022875000000      -1.223271929380114E-002
   3.35869125000000        6.71538250000000      -1.212000815136717E-002
   3.35869125000000        7.02053625000000      -1.149132077420767E-002
   3.35869125000000        7.32569000000000      -1.059125841695511E-002
   3.66384500000000       2.000000000000000E-003 -7.574124603788585E-002
   3.66384500000000       0.307153750000000      -6.730056168432701E-002
   3.66384500000000       0.612307500000000      -5.978745707291479E-002
   3.66384500000000       0.917461250000000      -5.716922594399839E-002
   3.66384500000000        1.22261500000000      -5.558459330827013E-002
   3.66384500000000        1.52776875000000      -5.285920977359188E-002
   3.66384500000000        1.83292250000000      -4.881119266656291E-002
   3.66384500000000        2.13807625000000      -4.413313593495009E-002
   3.66384500000000        2.44323000000000      -3.923184018459400E-002
   3.66384500000000        2.74838375000000      -3.443883013728667E-002
   3.66384500000000        3.05353750000000      -3.002408372923661E-002
   3.66384500000000        3.35869125000000      -2.617417482547426E-002
   3.66384500000000        3.66384500000000      -2.297884697424171E-002
   3.66384500000000        3.96899875000000      -2.041931278237585E-002
   3.66384500000000        4.27415250000000      -1.837772165642296E-002
   3.66384500000000        4.57930625000000      -1.671211727019510E-002
   3.66384500000000        4.88446000000000      -1.532268614275877E-002
   3.66384500000000        5.18961375000000      -1.416958726302006E-002
   3.66384500000000        5.49476750000000      -1.326319472829705E-002
   3.66384500000000        5.79992125000000      -1.264658751991575E-002
   3.66384500000000        6.10507500000000      -1.239812634767799E-002
   3.66384500000000        6.41022875000000      -1.249709545697469E-002
   3.66384500000000        6.71538250000000      -1.260869310060936E-002
   3.66384500000000        7.02053625000000      -1.194862216962220E-002
   3.66384500000000        7.32569000000000      -1.038843303451214E-002
   3.96899875000000       2.000000000000000E-003 -9.452693555660044E-002
   3.96899875000000       0.307153750000000      -8.254756188364892E-002
   3.96899875000000       0.612307500000000      -6.814957170741157E-002
   3.96899875000000       0.917461250000000      -6.086442525395104E-002
   3.96899875000000        1.22261500000000      -5.677527657140120E-002
   3.96899875000000        1.52776875000000      -5.286726153830891E-002
   3.96899875000000        1.83292250000000      -4.832164668006678E-002
   3.96899875000000        2.13807625000000      -4.333762100436412E-002
   3.96899875000000        2.44323000000000      -3.822933465778347E-002
   3.96899875000000        2.74838375000000      -3.332409885708860E-002
   3.96899875000000        3.05353750000000      -2.888776383123787E-002
   3.96899875000000        3.35869125000000      -2.508430287812047E-002
   3.96899875000000        3.66384500000000      -2.196970325699409E-002
   3.96899875000000        3.96899875000000      -1.949856944853521E-002
   3.96899875000000        4.27415250000000      -1.754805919902352E-002
   3.96899875000000        4.57930625000000      -1.598222221263799E-002
   3.96899875000000        4.88446000000000      -1.470516356664400E-002
   3.96899875000000        5.18961375000000      -1.367267955223072E-002
   3.96899875000000        5.49476750000000      -1.288165143464698E-002
   3.96899875000000        5.79992125000000      -1.235727635488635E-002
   3.96899875000000        6.10507500000000      -1.215987148032007E-002
   3.96899875000000        6.41022875000000      -1.224778474543317E-002
   3.96899875000000        6.71538250000000      -1.224189696629961E-002
   3.96899875000000        7.02053625000000      -1.148547059375147E-002
   3.96899875000000        7.32569000000000      -9.917348155157768E-003
   4.27415250000000       2.000000000000000E-003 -0.103622655875688     
   4.27415250000000       0.307153750000000      -9.436561967676110E-002
   4.27415250000000       0.612307500000000      -7.818571095108037E-002
   4.27415250000000       0.917461250000000      -6.639646009780792E-002
   4.27415250000000        1.22261500000000      -5.888618995032591E-002
   4.27415250000000        1.52776875000000      -5.324457829923061E-002
   4.27415250000000        1.83292250000000      -4.781791684419678E-002
   4.27415250000000        2.13807625000000      -4.229831669208101E-002
   4.27415250000000        2.44323000000000      -3.687798668564135E-002
   4.27415250000000        2.74838375000000      -3.185092854735086E-002
   4.27415250000000        3.05353750000000      -2.744778684872871E-002
   4.27415250000000        3.35869125000000      -2.377763205753410E-002
   4.27415250000000        3.66384500000000      -2.083259777618740E-002
   4.27415250000000        3.96899875000000      -1.851969980609341E-002
   4.27415250000000        4.27415250000000      -1.670306827241705E-002
   4.27415250000000        4.57930625000000      -1.525286130391427E-002
   4.27415250000000        4.88446000000000      -1.407988151694554E-002
   4.27415250000000        5.18961375000000      -1.314032135103756E-002
   4.27415250000000        5.49476750000000      -1.242163441798179E-002
   4.27415250000000        5.79992125000000      -1.192596742235414E-002
   4.27415250000000        6.10507500000000      -1.165901798619058E-002
   4.27415250000000        6.41022875000000      -1.156790339906526E-002
   4.27415250000000        6.71538250000000      -1.128127880793315E-002
   4.27415250000000        7.02053625000000      -1.038351885184160E-002
   4.27415250000000        7.32569000000000      -8.979291344940871E-003
   4.57930625000000       2.000000000000000E-003 -9.513035241809095E-002
   4.57930625000000       0.307153750000000      -8.964009711714076E-002
   4.57930625000000       0.612307500000000      -7.790676845340910E-002
   4.57930625000000       0.917461250000000      -6.684843569206790E-002
   4.57930625000000        1.22261500000000      -5.887856288102607E-002
   4.57930625000000        1.52776875000000      -5.251500703384564E-002
   4.57930625000000        1.83292250000000      -4.648256816256315E-002
   4.57930625000000        2.13807625000000      -4.055452547094338E-002
   4.57930625000000        2.44323000000000      -3.493643476605883E-002
   4.57930625000000        2.74838375000000      -2.991442252176473E-002
   4.57930625000000        3.05353750000000      -2.567920886091278E-002
   4.57930625000000        3.35869125000000      -2.227150759171477E-002
   4.57930625000000        3.66384500000000      -1.960643205182857E-002
   4.57930625000000        3.96899875000000      -1.753323758600448E-002
   4.57930625000000        4.27415250000000      -1.589475856596879E-002
   4.57930625000000        4.57930625000000      -1.456683421318792E-002
   4.57930625000000        4.88446000000000      -1.347495805803627E-002
   4.57930625000000        5.18961375000000      -1.258818721734941E-002
   4.57930625000000        5.49476750000000      -1.189715152552221E-002
   4.57930625000000        5.79992125000000      -1.139074694249911E-002
   4.57930625000000        6.10507500000000      -1.103696420899705E-002
   4.57930625000000        6.41022875000000      -1.076055057508680E-002
   4.57930625000000        6.71538250000000      -1.035001542663051E-002
   4.57930625000000        7.02053625000000      -9.573091043373413E-003
   4.57930625000000        7.32569000000000      -8.576025369371045E-003
   4.88446000000000       2.000000000000000E-003 -7.929450886653110E-002
   4.88446000000000       0.307153750000000      -7.629955285925992E-002
   4.88446000000000       0.612307500000000      -6.941442409590018E-002
   4.88446000000000       0.917461250000000      -6.233494769292949E-002
   4.88446000000000        1.22261500000000      -5.597061373391202E-002
   4.88446000000000        1.52776875000000      -4.989619263901938E-002
   4.88446000000000        1.83292250000000      -4.381816742231873E-002
   4.88446000000000        2.13807625000000      -3.784557814247063E-002
   4.88446000000000        2.44323000000000      -3.230542307109747E-002
   4.88446000000000        2.74838375000000      -2.751550308657440E-002
   4.88446000000000        3.05353750000000      -2.364057213960883E-002
   4.88446000000000        3.35869125000000      -2.065556665785350E-002
   4.88446000000000        3.66384500000000      -1.839468492641091E-002
   4.88446000000000        3.96899875000000      -1.664168849177223E-002
   4.88446000000000        4.27415250000000      -1.521137279921584E-002
   4.88446000000000        4.57930625000000      -1.398930841203341E-002
   4.88446000000000        4.88446000000000      -1.293195462122201E-002
   4.88446000000000        5.18961375000000      -1.204153041572333E-002
   4.88446000000000        5.49476750000000      -1.132985305896218E-002
   4.88446000000000        5.79992125000000      -1.078891283946802E-002
   4.88446000000000        6.10507500000000      -1.037588906915845E-002
   4.88446000000000        6.41022875000000      -1.001029883054790E-002
   4.88446000000000        6.71538250000000      -9.582443203825470E-003
   4.88446000000000        7.02053625000000      -9.002832354834740E-003
   4.88446000000000        7.32569000000000      -8.330818152506811E-003
   5.18961375000000       2.000000000000000E-003 -6.309487272284506E-002
   5.18961375000000       0.307153750000000      -6.201552430706495E-002
   5.18961375000000       0.612307500000000      -5.919917890911276E-002
   5.18961375000000       0.917461250000000      -5.533245842512627E-002
   5.18961375000000        1.22261500000000      -5.073968204264328E-002
   5.18961375000000        1.52776875000000      -4.552758952128432E-002
   5.18961375000000        1.83292250000000      -3.990953446702275E-002
   5.18961375000000        2.13807625000000      -3.428543083843866E-002
   5.18961375000000        2.44323000000000      -2.912601988214463E-002
   5.18961375000000        2.74838375000000      -2.480541948492721E-002
   5.18961375000000        3.05353750000000      -2.148243069166410E-002
   5.18961375000000        3.35869125000000      -1.907604364450210E-002
   5.18961375000000        3.66384500000000      -1.733497566882353E-002
   5.18961375000000        3.96899875000000      -1.596421382087770E-002
   5.18961375000000        4.27415250000000      -1.474349064045532E-002
   5.18961375000000        4.57930625000000      -1.357904849507167E-002
   5.18961375000000        4.88446000000000      -1.248314494614966E-002
   5.18961375000000        5.18961375000000      -1.151661288685448E-002
   5.18961375000000        5.49476750000000      -1.073113726414536E-002
   5.18961375000000        5.79992125000000      -1.013444587291003E-002
   5.18961375000000        6.10507500000000      -9.683582370373466E-003
   5.18961375000000        6.41022875000000      -9.300803407425718E-003
   5.18961375000000        6.71538250000000      -8.906104298865998E-003
   5.18961375000000        7.02053625000000      -8.459378033689263E-003
   5.18961375000000        7.32569000000000      -7.984565632424088E-003
   5.49476750000000       2.000000000000000E-003 -4.883554817127909E-002
   5.49476750000000       0.307153750000000      -4.881778883729610E-002
   5.49476750000000       0.612307500000000      -4.847131407745175E-002
   5.49476750000000       0.917461250000000      -4.711973301092953E-002
   5.49476750000000        1.22261500000000      -4.429978131304807E-002
   5.49476750000000        1.52776875000000      -4.020166366270767E-002
   5.49476750000000        1.83292250000000      -3.533390495726928E-002
   5.49476750000000        2.13807625000000      -3.031250295626926E-002
   5.49476750000000        2.44323000000000      -2.573266936964031E-002
   5.49476750000000        2.74838375000000      -2.203388879266459E-002
   5.49476750000000        3.05353750000000      -1.939197368834590E-002
   5.49476750000000        3.35869125000000      -1.768384769456650E-002
   5.49476750000000        3.66384500000000      -1.655583289990145E-002
   5.49476750000000        3.96899875000000      -1.559914251457121E-002
   5.49476750000000        4.27415250000000      -1.454709344732558E-002
   5.49476750000000        4.57930625000000      -1.335237698729115E-002
   5.49476750000000        4.88446000000000      -1.212038301296194E-002
   5.49476750000000        5.18961375000000      -1.099687868652533E-002
   5.49476750000000        5.49476750000000      -1.008578624191113E-002
   5.49476750000000        5.79992125000000      -9.414487702829360E-003
   5.49476750000000        6.10507500000000      -8.938198599394719E-003
   5.49476750000000        6.41022875000000      -8.568044153999151E-003
   5.49476750000000        6.71538250000000      -8.217412750301639E-003
   5.49476750000000        7.02053625000000      -7.859344469059849E-003
   5.49476750000000        7.32569000000000      -7.515802902021683E-003
   5.79992125000000       2.000000000000000E-003 -3.583071044110578E-002
   5.79992125000000       0.307153750000000      -3.671065851002584E-002
   5.79992125000000       0.612307500000000      -3.841371064586689E-002
   5.79992125000000       0.917461250000000      -3.918250746267740E-002
   5.79992125000000        1.22261500000000      -3.800109641611500E-002
   5.79992125000000        1.52776875000000      -3.496377271727788E-002
   5.79992125000000        1.83292250000000      -3.085386999266581E-002
   5.79992125000000        2.13807625000000      -2.647085007764152E-002
   5.79992125000000        2.44323000000000      -2.249153134057484E-002
   5.79992125000000        2.74838375000000      -1.941723716207309E-002
   5.79992125000000        3.05353750000000      -1.748276818567326E-002
   5.79992125000000        3.35869125000000      -1.656571260183661E-002
   5.79992125000000        3.66384500000000      -1.616419939394741E-002
   5.79992125000000        3.96899875000000      -1.563805934345357E-002
   5.79992125000000        4.27415250000000      -1.464545829790288E-002
   5.79992125000000        4.57930625000000      -1.326819494915751E-002
   5.79992125000000        4.88446000000000      -1.177646974474306E-002
   5.79992125000000        5.18961375000000      -1.041787990741791E-002
   5.79992125000000        5.49476750000000      -9.339624424801083E-003
   5.79992125000000        5.79992125000000      -8.580463225115862E-003
   5.79992125000000        6.10507500000000      -8.094166211148050E-003
   5.79992125000000        6.41022875000000      -7.767567924346143E-003
   5.79992125000000        6.71538250000000      -7.452770148034309E-003
   5.79992125000000        7.02053625000000      -7.142003331335593E-003
   5.79992125000000        7.32569000000000      -6.942851640988189E-003
   6.10507500000000       2.000000000000000E-003 -2.534953003575277E-002
   6.10507500000000       0.307153750000000      -2.719810356705328E-002
   6.10507500000000       0.612307500000000      -3.087891100489617E-002
   6.10507500000000       0.917461250000000      -3.321074435914081E-002
   6.10507500000000        1.22261500000000      -3.304993194271834E-002
   6.10507500000000        1.52776875000000      -3.069315439523720E-002
   6.10507500000000        1.83292250000000      -2.707009485775827E-002
   6.10507500000000        2.13807625000000      -2.316365705520116E-002
   6.10507500000000        2.44323000000000      -1.962103074419633E-002
   6.10507500000000        2.74838375000000      -1.697243714035533E-002
   6.10507500000000        3.05353750000000      -1.561553987720449E-002
   6.10507500000000        3.35869125000000      -1.564436086271727E-002
   6.10507500000000        3.66384500000000      -1.632354648038755E-002
   6.10507500000000        3.96899875000000      -1.630999508506939E-002
   6.10507500000000        4.27415250000000      -1.509189767067568E-002
   6.10507500000000        4.57930625000000      -1.323628490311131E-002
   6.10507500000000        4.88446000000000      -1.133014218339924E-002
   6.10507500000000        5.18961375000000      -9.676738592241581E-003
   6.10507500000000        5.49476750000000      -8.401781750625253E-003
   6.10507500000000        5.79992125000000      -7.527782627990777E-003
   6.10507500000000        6.10507500000000      -7.083656113298226E-003
   6.10507500000000        6.41022875000000      -6.871048378162864E-003
   6.10507500000000        6.71538250000000      -6.576235154989543E-003
   6.10507500000000        7.02053625000000      -6.210343273552072E-003
   6.10507500000000        7.32569000000000      -6.230518853540791E-003
   6.41022875000000       2.000000000000000E-003 -2.003308854516727E-002
   6.41022875000000       0.307153750000000      -2.289739732825586E-002
   6.41022875000000       0.612307500000000      -2.742015453010858E-002
   6.41022875000000       0.917461250000000      -2.975839802792041E-002
   6.41022875000000        1.22261500000000      -2.965203342537217E-002
   6.41022875000000        1.52776875000000      -2.756012508610969E-002
   6.41022875000000        1.83292250000000      -2.419100337829888E-002
   6.41022875000000        2.13807625000000      -2.052521398538387E-002
   6.41022875000000        2.44323000000000      -1.711552757773500E-002
   6.41022875000000        2.74838375000000      -1.437346689517135E-002
   6.41022875000000        3.05353750000000      -1.330925327722549E-002
   6.41022875000000        3.35869125000000      -1.472129410134634E-002
   6.41022875000000        3.66384500000000      -1.702524493656074E-002
   6.41022875000000        3.96899875000000      -1.758449542310367E-002
   6.41022875000000        4.27415250000000      -1.580890542387922E-002
   6.41022875000000        4.57930625000000      -1.307342740289252E-002
   6.41022875000000        4.88446000000000      -1.061931676086625E-002
   6.41022875000000        5.18961375000000      -8.674874805862482E-003
   6.41022875000000        5.49476750000000      -7.179696900554975E-003
   6.41022875000000        5.79992125000000      -6.187072527974080E-003
   6.41022875000000        6.10507500000000      -5.853403989520976E-003
   6.41022875000000        6.41022875000000      -5.899120355123766E-003
   6.41022875000000        6.71538250000000      -5.695741795187348E-003
   6.41022875000000        7.02053625000000      -5.006960597574237E-003
   6.41022875000000        7.32569000000000      -5.339116027312360E-003
   6.71538250000000       2.000000000000000E-003 -2.171830969727160E-002
   6.71538250000000       0.307153750000000      -2.542988761979234E-002
   6.71538250000000       0.612307500000000      -2.727175728844396E-002
   6.71538250000000       0.917461250000000      -2.737005661287673E-002
   6.71538250000000        1.22261500000000      -2.684676786455029E-002
   6.71538250000000        1.52776875000000      -2.503728761636364E-002
   6.71538250000000        1.83292250000000      -2.202280887116921E-002
   6.71538250000000        2.13807625000000      -1.849250622429627E-002
   6.71538250000000        2.44323000000000      -1.489690005341376E-002
   6.71538250000000        2.74838375000000      -1.154505658315593E-002
   6.71538250000000        3.05353750000000      -1.055668198800819E-002
   6.71538250000000        3.35869125000000      -1.328992007882658E-002
   6.71538250000000        3.66384500000000      -1.761743136213467E-002
   6.71538250000000        3.96899875000000      -1.841576714294478E-002
   6.71538250000000        4.27415250000000      -1.562878997645855E-002
   6.71538250000000        4.57930625000000      -1.219746501264857E-002
   6.71538250000000        4.88446000000000      -9.463475780408855E-003
   6.71538250000000        5.18961375000000      -7.401044636886106E-003
   6.71538250000000        5.49476750000000      -5.698320478881787E-003
   6.71538250000000        5.79992125000000      -4.601545889475279E-003
   6.71538250000000        6.10507500000000      -4.324988187100038E-003
   6.71538250000000        6.41022875000000      -4.754551808343842E-003
   6.71538250000000        6.71538250000000      -5.125662556850584E-003
   6.71538250000000        7.02053625000000      -3.990305946542079E-003
   6.71538250000000        7.32569000000000      -4.460475351850390E-003
   7.02053625000000       2.000000000000000E-003 -2.191448622942828E-002
   7.02053625000000       0.307153750000000      -2.715185791088865E-002
   7.02053625000000       0.612307500000000      -2.326369984457332E-002
   7.02053625000000       0.917461250000000      -2.305259615327855E-002
   7.02053625000000        1.22261500000000      -2.356162280030568E-002
   7.02053625000000        1.52776875000000      -2.261435525733702E-002
   7.02053625000000        1.83292250000000      -2.024139082592626E-002
   7.02053625000000        2.13807625000000      -1.700577211198631E-002
   7.02053625000000        2.44323000000000      -1.321167476778923E-002
   7.02053625000000        2.74838375000000      -9.418111010490294E-003
   7.02053625000000        3.05353750000000      -7.799067263288027E-003
   7.02053625000000        3.35869125000000      -1.087689645959574E-002
   7.02053625000000        3.66384500000000      -1.662785893390776E-002
   7.02053625000000        3.96899875000000      -1.667323780015182E-002
   7.02053625000000        4.27415250000000      -1.332716356031834E-002
   7.02053625000000        4.57930625000000      -1.017052814631592E-002
   7.02053625000000        4.88446000000000      -7.860108187778957E-003
   7.02053625000000        5.18961375000000      -6.046237937750280E-003
   7.02053625000000        5.49476750000000      -4.261744620371660E-003
   7.02053625000000        5.79992125000000      -3.025237182715832E-003
   7.02053625000000        6.10507500000000      -2.518251279196086E-003
   7.02053625000000        6.41022875000000      -2.894681639429705E-003
   7.02053625000000        6.71538250000000      -4.142513682517694E-003
   7.02053625000000        7.02053625000000      -4.700158412053304E-003
   7.02053625000000        7.32569000000000      -4.855110599235246E-003
   7.32569000000000       2.000000000000000E-003 -2.270702831102227E-002
   7.32569000000000       0.307153750000000      -1.768864086561993E-002
   7.32569000000000       0.612307500000000      -1.575420358339411E-002
   7.32569000000000       0.917461250000000      -1.863184566340994E-002
   7.32569000000000        1.22261500000000      -2.051022858073342E-002
   7.32569000000000        1.52776875000000      -2.041729968426654E-002
   7.32569000000000        1.83292250000000      -1.875408083155319E-002
   7.32569000000000        2.13807625000000      -1.607505294336804E-002
   7.32569000000000        2.44323000000000      -1.267919534596405E-002
   7.32569000000000        2.74838375000000      -9.148216588079714E-003
   7.32569000000000        3.05353750000000      -7.384891627142239E-003
   7.32569000000000        3.35869125000000      -1.017124781644453E-002
   7.32569000000000        3.66384500000000      -1.448299071832743E-002
   7.32569000000000        3.96899875000000      -1.244013534551524E-002
   7.32569000000000        4.27415250000000      -9.981615591571459E-003
   7.32569000000000        4.57930625000000      -7.980884323315245E-003
   7.32569000000000        4.88446000000000      -6.434999312588097E-003
   7.32569000000000        5.18961375000000      -5.026310210466829E-003
   7.32569000000000        5.49476750000000      -3.319246827375530E-003
   7.32569000000000        5.79992125000000      -1.973203104036111E-003
   7.32569000000000        6.10507500000000      -1.114902506041299E-003
   7.32569000000000        6.41022875000000      -7.139368472179010E-004
   7.32569000000000        6.71538250000000      -8.036397479571835E-004
   7.32569000000000        7.02053625000000      -2.024663064282014E-003
   7.32569000000000        7.32569000000000      -5.155639067830091E-003
