  2.000000000000000E-003  2.000000000000000E-003 -0.291859658849372     
  2.000000000000000E-003  0.307153750000000      -0.316650277196289     
  2.000000000000000E-003  0.612307500000000      -0.291062482553931     
  2.000000000000000E-003  0.917461250000000      -0.233816667064194     
  2.000000000000000E-003   1.22261500000000      -0.182583872574314     
  2.000000000000000E-003   1.52776875000000      -0.144477327949192     
  2.000000000000000E-003   1.83292250000000      -0.118089481400627     
  2.000000000000000E-003   2.13807625000000      -0.100548747412814     
  2.000000000000000E-003   2.44323000000000      -8.853731639044277E-002
  2.000000000000000E-003   2.74838375000000      -8.152033969500007E-002
  2.000000000000000E-003   3.05353750000000      -7.712493721356062E-002
  2.000000000000000E-003   3.35869125000000      -7.025569465245296E-002
  2.000000000000000E-003   3.66384500000000      -6.314006944899402E-002
  2.000000000000000E-003   3.96899875000000      -5.775886812179695E-002
  2.000000000000000E-003   4.27415250000000      -5.371552330379935E-002
  2.000000000000000E-003   4.57930625000000      -5.216834867073718E-002
  2.000000000000000E-003   4.88446000000000      -5.132719576464984E-002
  2.000000000000000E-003   5.18961375000000      -5.055480596844420E-002
  2.000000000000000E-003   5.49476750000000      -5.007285327710768E-002
  2.000000000000000E-003   5.79992125000000      -4.984236686129930E-002
  2.000000000000000E-003   6.10507500000000      -4.998096279414111E-002
  2.000000000000000E-003   6.41022875000000      -5.050368253217492E-002
  2.000000000000000E-003   6.71538250000000      -5.119956247533096E-002
  2.000000000000000E-003   7.02053625000000      -5.175864304459577E-002
  2.000000000000000E-003   7.32569000000000      -4.913004771304642E-002
  0.307153750000000       2.000000000000000E-003 -0.332611654834057     
  0.307153750000000       0.307153750000000      -0.276884941117890     
  0.307153750000000       0.612307500000000      -0.255285381492604     
  0.307153750000000       0.917461250000000      -0.219908295866760     
  0.307153750000000        1.22261500000000      -0.178902873900214     
  0.307153750000000        1.52776875000000      -0.144682672622909     
  0.307153750000000        1.83292250000000      -0.119491000751195     
  0.307153750000000        2.13807625000000      -0.101918708685731     
  0.307153750000000        2.44323000000000      -8.923763334094063E-002
  0.307153750000000        2.74838375000000      -8.092653854316890E-002
  0.307153750000000        3.05353750000000      -7.521978850532189E-002
  0.307153750000000        3.35869125000000      -6.862521166012919E-002
  0.307153750000000        3.66384500000000      -6.142477153626109E-002
  0.307153750000000        3.96899875000000      -5.568390783978867E-002
  0.307153750000000        4.27415250000000      -5.272575069274694E-002
  0.307153750000000        4.57930625000000      -5.190491758513618E-002
  0.307153750000000        4.88446000000000      -5.144977499573354E-002
  0.307153750000000        5.18961375000000      -5.080043123068587E-002
  0.307153750000000        5.49476750000000      -5.022530317786365E-002
  0.307153750000000        5.79992125000000      -4.971262097510012E-002
  0.307153750000000        6.10507500000000      -4.939529990868005E-002
  0.307153750000000        6.41022875000000      -4.929790137364969E-002
  0.307153750000000        6.71538250000000      -4.926556003794039E-002
  0.307153750000000        7.02053625000000      -4.967707610521641E-002
  0.307153750000000        7.32569000000000      -5.132511124775045E-002
  0.612307500000000       2.000000000000000E-003 -0.316782134039486     
  0.612307500000000       0.307153750000000      -0.273112666893128     
  0.612307500000000       0.612307500000000      -0.229119096593790     
  0.612307500000000       0.917461250000000      -0.199549785071637     
  0.612307500000000        1.22261500000000      -0.169512023201947     
  0.612307500000000        1.52776875000000      -0.141890810787477     
  0.612307500000000        1.83292250000000      -0.119615023503266     
  0.612307500000000        2.13807625000000      -0.102737881569610     
  0.612307500000000        2.44323000000000      -8.993021965015249E-002
  0.612307500000000        2.74838375000000      -8.054730471935957E-002
  0.612307500000000        3.05353750000000      -7.377514857722846E-002
  0.612307500000000        3.35869125000000      -6.751273164568324E-002
  0.612307500000000        3.66384500000000      -6.123690077809189E-002
  0.612307500000000        3.96899875000000      -5.642708984463633E-002
  0.612307500000000        4.27415250000000      -5.392525608698819E-002
  0.612307500000000        4.57930625000000      -5.285235944157571E-002
  0.612307500000000        4.88446000000000      -5.201739700316886E-002
  0.612307500000000        5.18961375000000      -5.104541912764023E-002
  0.612307500000000        5.49476750000000      -5.003793279750739E-002
  0.612307500000000        5.79992125000000      -4.896485537752914E-002
  0.612307500000000        6.10507500000000      -4.789988339642162E-002
  0.612307500000000        6.41022875000000      -4.700520644499920E-002
  0.612307500000000        6.71538250000000      -4.677667092130364E-002
  0.612307500000000        7.02053625000000      -4.858406185542671E-002
  0.612307500000000        7.32569000000000      -5.009985153061144E-002
  0.917461250000000       2.000000000000000E-003 -0.282608960100915     
  0.917461250000000       0.307153750000000      -0.259772547443466     
  0.917461250000000       0.612307500000000      -0.220861783911906     
  0.917461250000000       0.917461250000000      -0.189134591742788     
  0.917461250000000        1.22261500000000      -0.162437577508143     
  0.917461250000000        1.52776875000000      -0.138937075347310     
  0.917461250000000        1.83292250000000      -0.119170282821786     
  0.917461250000000        2.13807625000000      -0.103195661293588     
  0.917461250000000        2.44323000000000      -9.063772396099802E-002
  0.917461250000000        2.74838375000000      -8.097700200093348E-002
  0.917461250000000        3.05353750000000      -7.360409122266029E-002
  0.917461250000000        3.35869125000000      -6.762044980063313E-002
  0.917461250000000        3.66384500000000      -6.246009362583273E-002
  0.917461250000000        3.96899875000000      -5.848122134630872E-002
  0.917461250000000        4.27415250000000      -5.589542958823375E-002
  0.917461250000000        4.57930625000000      -5.418038173519302E-002
  0.917461250000000        4.88446000000000      -5.270279836496948E-002
  0.917461250000000        5.18961375000000      -5.122759856493669E-002
  0.917461250000000        5.49476750000000      -4.969730704509043E-002
  0.917461250000000        5.79992125000000      -4.809124190028542E-002
  0.917461250000000        6.10507500000000      -4.650820804334226E-002
  0.917461250000000        6.41022875000000      -4.527552241563321E-002
  0.917461250000000        6.71538250000000      -4.497976092058722E-002
  0.917461250000000        7.02053625000000      -4.601776735198482E-002
  0.917461250000000        7.32569000000000      -4.652168821728964E-002
   1.22261500000000       2.000000000000000E-003 -0.244819467446885     
   1.22261500000000       0.307153750000000      -0.232869152059266     
   1.22261500000000       0.612307500000000      -0.206820507945700     
   1.22261500000000       0.917461250000000      -0.180218286144004     
   1.22261500000000        1.22261500000000      -0.156694096126700     
   1.22261500000000        1.52776875000000      -0.136040564724273     
   1.22261500000000        1.83292250000000      -0.118233108811236     
   1.22261500000000        2.13807625000000      -0.103315628052650     
   1.22261500000000        2.44323000000000      -9.121838108787510E-002
   1.22261500000000        2.74838375000000      -8.170662018767839E-002
   1.22261500000000        3.05353750000000      -7.430135180913161E-002
   1.22261500000000        3.35869125000000      -6.846385467709437E-002
   1.22261500000000        3.66384500000000      -6.380575057732225E-002
   1.22261500000000        3.96899875000000      -6.015468393072706E-002
   1.22261500000000        4.27415250000000      -5.736109892506918E-002
   1.22261500000000        4.57930625000000      -5.513200177975651E-002
   1.22261500000000        4.88446000000000      -5.315189381788499E-002
   1.22261500000000        5.18961375000000      -5.122156974134989E-002
   1.22261500000000        5.49476750000000      -4.927580476020457E-002
   1.22261500000000        5.79992125000000      -4.732452452106752E-002
   1.22261500000000        6.10507500000000      -4.548880351359622E-002
   1.22261500000000        6.41022875000000      -4.408739424707489E-002
   1.22261500000000        6.71538250000000      -4.345159468870042E-002
   1.22261500000000        7.02053625000000      -4.352840366294340E-002
   1.22261500000000        7.32569000000000      -4.341120458019532E-002
   1.52776875000000       2.000000000000000E-003 -0.211537383782335     
   1.52776875000000       0.307153750000000      -0.204897680537825     
   1.52776875000000       0.612307500000000      -0.188735878323305     
   1.52776875000000       0.917461250000000      -0.169302079623192     
   1.52776875000000        1.22261500000000      -0.150187370289076     
   1.52776875000000        1.52776875000000      -0.132518576675591     
   1.52776875000000        1.83292250000000      -0.116755029362195     
   1.52776875000000        2.13807625000000      -0.103018839705314     
   1.52776875000000        2.44323000000000      -9.150210752520831E-002
   1.52776875000000        2.74838375000000      -8.220338146509783E-002
   1.52776875000000        3.05353750000000      -7.486864290834032E-002
   1.52776875000000        3.35869125000000      -6.911046616052655E-002
   1.52776875000000        3.66384500000000      -6.456281695475517E-002
   1.52776875000000        3.96899875000000      -6.094323073672084E-002
   1.52776875000000        4.27415250000000      -5.800696300432406E-002
   1.52776875000000        4.57930625000000      -5.549953062753928E-002
   1.52776875000000        4.88446000000000      -5.319042513981539E-002
   1.52776875000000        5.18961375000000      -5.094114424669015E-002
   1.52776875000000        5.49476750000000      -4.873299110002836E-002
   1.52776875000000        5.79992125000000      -4.663294157092541E-002
   1.52776875000000        6.10507500000000      -4.473355183747959E-002
   1.52776875000000        6.41022875000000      -4.323338105484787E-002
   1.52776875000000        6.71538250000000      -4.228526424494332E-002
   1.52776875000000        7.02053625000000      -4.177326041484881E-002
   1.52776875000000        7.32569000000000      -4.127805554443054E-002
   1.83292250000000       2.000000000000000E-003 -0.186139985215447     
   1.83292250000000       0.307153750000000      -0.182197215231341     
   1.83292250000000       0.612307500000000      -0.171817604193105     
   1.83292250000000       0.917461250000000      -0.157993985881647     
   1.83292250000000        1.22261500000000      -0.143194370491052     
   1.83292250000000        1.52776875000000      -0.128588608822594     
   1.83292250000000        1.83292250000000      -0.114764676274963     
   1.83292250000000        2.13807625000000      -0.102217848351273     
   1.83292250000000        2.44323000000000      -9.134033929908660E-002
   1.83292250000000        2.74838375000000      -8.230205586751270E-002
   1.83292250000000        3.05353750000000      -7.502199403961218E-002
   1.83292250000000        3.35869125000000      -6.925017903738048E-002
   1.83292250000000        3.66384500000000      -6.468032349593107E-002
   1.83292250000000        3.96899875000000      -6.101603706251010E-002
   1.83292250000000        4.27415250000000      -5.798002689159729E-002
   1.83292250000000        4.57930625000000      -5.531520338773560E-002
   1.83292250000000        4.88446000000000      -5.281900601721013E-002
   1.83292250000000        5.18961375000000      -5.039308915785556E-002
   1.83292250000000        5.49476750000000      -4.805887541254417E-002
   1.83292250000000        5.79992125000000      -4.591665562017327E-002
   1.83292250000000        6.10507500000000      -4.407447948773235E-002
   1.83292250000000        6.41022875000000      -4.259672526879099E-002
   1.83292250000000        6.71538250000000      -4.149477301290967E-002
   1.83292250000000        7.02053625000000      -4.069207089782079E-002
   1.83292250000000        7.32569000000000      -3.999603731263233E-002
   2.13807625000000       2.000000000000000E-003 -0.169392187087409     
   2.13807625000000       0.307153750000000      -0.166600732630236     
   2.13807625000000       0.612307500000000      -0.159135716511534     
   2.13807625000000       0.917461250000000      -0.148742466411642     
   2.13807625000000        1.22261500000000      -0.136894590150461     
   2.13807625000000        1.52776875000000      -0.124532378647387     
   2.13807625000000        1.83292250000000      -0.112331018748781     
   2.13807625000000        2.13807625000000      -0.100878826781961     
   2.13807625000000        2.44323000000000      -9.065006845148951E-002
   2.13807625000000        2.74838375000000      -8.191660372774461E-002
   2.13807625000000        3.05353750000000      -7.472076051254556E-002
   2.13807625000000        3.35869125000000      -6.892702825351085E-002
   2.13807625000000        3.66384500000000      -6.430202979813049E-002
   2.13807625000000        3.96899875000000      -6.057475056123990E-002
   2.13807625000000        4.27415250000000      -5.746758212623612E-002
   2.13807625000000        4.57930625000000      -5.472239309374271E-002
   2.13807625000000        4.88446000000000      -5.214669909384672E-002
   2.13807625000000        5.18961375000000      -4.966164706269316E-002
   2.13807625000000        5.49476750000000      -4.730721677703754E-002
   2.13807625000000        5.79992125000000      -4.519166294257852E-002
   2.13807625000000        6.10507500000000      -4.341448030631734E-002
   2.13807625000000        6.41022875000000      -4.200958308344984E-002
   2.13807625000000        6.71538250000000      -4.093288627562139E-002
   2.13807625000000        7.02053625000000      -4.008303334483518E-002
   2.13807625000000        7.32569000000000      -3.934105663326996E-002
   2.44323000000000       2.000000000000000E-003 -0.161547418850910     
   2.44323000000000       0.307153750000000      -0.158602606481712     
   2.44323000000000       0.612307500000000      -0.151212390668811     
   2.44323000000000       0.917461250000000      -0.141740724834750     
   2.44323000000000        1.22261500000000      -0.131346196554508     
   2.44323000000000        1.52776875000000      -0.120485911924003     
   2.44323000000000        1.83292250000000      -0.109563137472079     
   2.44323000000000        2.13807625000000      -9.906329939901012E-002
   2.44323000000000        2.44323000000000      -8.945246469331293E-002
   2.44323000000000        2.74838375000000      -8.105314705417513E-002
   2.44323000000000        3.05353750000000      -7.399161260528794E-002
   2.44323000000000        3.35869125000000      -6.821964045849800E-002
   2.44323000000000        3.66384500000000      -6.356925698432543E-002
   2.44323000000000        3.96899875000000      -5.980523165292347E-002
   2.44323000000000        4.27415250000000      -5.666537075524046E-002
   2.44323000000000        4.57930625000000      -5.389878649183587E-002
   2.44323000000000        4.88446000000000      -5.131999552667395E-002
   2.44323000000000        5.18961375000000      -4.885695540742426E-002
   2.44323000000000        5.49476750000000      -4.655050091233772E-002
   2.44323000000000        5.79992125000000      -4.450133441620463E-002
   2.44323000000000        6.10507500000000      -4.279715392144386E-002
   2.44323000000000        6.41022875000000      -4.146446511410932E-002
   2.44323000000000        6.71538250000000      -4.046312232855668E-002
   2.44323000000000        7.02053625000000      -3.969943491047530E-002
   2.44323000000000        7.32569000000000      -3.904609624156518E-002
   2.74838375000000       2.000000000000000E-003 -0.160420952561815     
   2.74838375000000       0.307153750000000      -0.156187678555116     
   2.74838375000000       0.612307500000000      -0.146640605478526     
   2.74838375000000       0.917461250000000      -0.136243910283063     
   2.74838375000000        1.22261500000000      -0.126359359882759     
   2.74838375000000        1.52776875000000      -0.116536966651233     
   2.74838375000000        1.83292250000000      -0.106630760377391     
   2.74838375000000        2.13807625000000      -9.693440309461168E-002
   2.74838375000000        2.44323000000000      -8.787569908871827E-002
   2.74838375000000        2.74838375000000      -7.980933710608677E-002
   2.74838375000000        3.05353750000000      -7.292276252088574E-002
   2.74838375000000        3.35869125000000      -6.723081441838541E-002
   2.74838375000000        3.66384500000000      -6.261424498964570E-002
   2.74838375000000        3.96899875000000      -5.886758761802408E-002
   2.74838375000000        4.27415250000000      -5.574392548905839E-002
   2.74838375000000        4.57930625000000      -5.300293545987154E-002
   2.74838375000000        4.88446000000000      -5.046835380939106E-002
   2.74838375000000        5.18961375000000      -4.807001517381265E-002
   2.74838375000000        5.49476750000000      -4.583939221392335E-002
   2.74838375000000        5.79992125000000      -4.386143448489635E-002
   2.74838375000000        6.10507500000000      -4.221374467875583E-002
   2.74838375000000        6.41022875000000      -4.093985665881181E-002
   2.74838375000000        6.71538250000000      -4.006844894419263E-002
   2.74838375000000        7.02053625000000      -3.950530884667490E-002
   2.74838375000000        7.32569000000000      -3.903988100793861E-002
   3.05353750000000       2.000000000000000E-003 -0.161123170834618     
   3.05353750000000       0.307153750000000      -0.154501119852490     
   3.05353750000000       0.612307500000000      -0.141983324803003     
   3.05353750000000       0.917461250000000      -0.130969750540371     
   3.05353750000000        1.22261500000000      -0.121682434202613     
   3.05353750000000        1.52776875000000      -0.112786811716217     
   3.05353750000000        1.83292250000000      -0.103735913544489     
   3.05353750000000        2.13807625000000      -9.469898276858736E-002
   3.05353750000000        2.44323000000000      -8.609822828805071E-002
   3.05353750000000        2.74838375000000      -7.833001598932912E-002
   3.05353750000000        3.05353750000000      -7.163393148957317E-002
   3.05353750000000        3.35869125000000      -6.606833734356254E-002
   3.05353750000000        3.66384500000000      -6.154515257245464E-002
   3.05353750000000        3.96899875000000      -5.787650071557410E-002
   3.05353750000000        4.27415250000000      -5.482044129666055E-002
   3.05353750000000        4.57930625000000      -5.214273031112742E-002
   3.05353750000000        4.88446000000000      -4.967733698394773E-002
   3.05353750000000        5.18961375000000      -4.735553287884346E-002
   3.05353750000000        5.49476750000000      -4.519583507235615E-002
   3.05353750000000        5.79992125000000      -4.326212310774634E-002
   3.05353750000000        6.10507500000000      -4.161474542260656E-002
   3.05353750000000        6.41022875000000      -4.034314053903174E-002
   3.05353750000000        6.71538250000000      -3.957853579825330E-002
   3.05353750000000        7.02053625000000      -3.919803103050649E-002
   3.05353750000000        7.32569000000000      -3.892885816874142E-002
   3.35869125000000       2.000000000000000E-003 -0.154079140142467     
   3.35869125000000       0.307153750000000      -0.146043651857898     
   3.35869125000000       0.612307500000000      -0.133927569779625     
   3.35869125000000       0.917461250000000      -0.124888676669441     
   3.35869125000000        1.22261500000000      -0.117234851345878     
   3.35869125000000        1.52776875000000      -0.109344750761130     
   3.35869125000000        1.83292250000000      -0.101019863966726     
   3.35869125000000        2.13807625000000      -9.249859975152114E-002
   3.35869125000000        2.44323000000000      -8.425184771171187E-002
   3.35869125000000        2.74838375000000      -7.673315927648226E-002
   3.35869125000000        3.05353750000000      -7.022787320162632E-002
   3.35869125000000        3.35869125000000      -6.482010666173359E-002
   3.35869125000000        3.66384500000000      -6.043714762239109E-002
   3.35869125000000        3.96899875000000      -5.689805940058180E-002
   3.35869125000000        4.27415250000000      -5.395382035394067E-002
   3.35869125000000        4.57930625000000      -5.136877083320075E-002
   3.35869125000000        4.88446000000000      -4.898514943694123E-002
   3.35869125000000        5.18961375000000      -4.673641562325181E-002
   3.35869125000000        5.49476750000000      -4.462962153541298E-002
   3.35869125000000        5.79992125000000      -4.270391052004209E-002
   3.35869125000000        6.10507500000000      -4.097759930678620E-002
   3.35869125000000        6.41022875000000      -3.959542113578692E-002
   3.35869125000000        6.71538250000000      -3.873509250914995E-002
   3.35869125000000        7.02053625000000      -3.830856547559661E-002
   3.35869125000000        7.32569000000000      -3.804188765024805E-002
   3.66384500000000       2.000000000000000E-003 -0.137002760615851     
   3.66384500000000       0.307153750000000      -0.133708630798101     
   3.66384500000000       0.612307500000000      -0.125777095452138     
   3.66384500000000       0.917461250000000      -0.119514962883202     
   3.66384500000000        1.22261500000000      -0.113352611559422     
   3.66384500000000        1.52776875000000      -0.106230915673060     
   3.66384500000000        1.83292250000000      -9.844541291290770E-002
   3.66384500000000        2.13807625000000      -9.030832130619529E-002
   3.66384500000000        2.44323000000000      -8.234031388571963E-002
   3.66384500000000        2.74838375000000      -7.504725940304043E-002
   3.66384500000000        3.05353750000000      -6.874779539678097E-002
   3.66384500000000        3.35869125000000      -6.353487708945464E-002
   3.66384500000000        3.66384500000000      -5.933385248784240E-002
   3.66384500000000        3.96899875000000      -5.595938837101918E-002
   3.66384500000000        4.27415250000000      -5.315361123797024E-002
   3.66384500000000        4.57930625000000      -5.068010617340239E-002
   3.66384500000000        4.88446000000000      -4.838748697625900E-002
   3.66384500000000        5.18961375000000      -4.621141275066808E-002
   3.66384500000000        5.49476750000000      -4.415157793563895E-002
   3.66384500000000        5.79992125000000      -4.222651767851641E-002
   3.66384500000000        6.10507500000000      -4.040477408848567E-002
   3.66384500000000        6.41022875000000      -3.882676744230409E-002
   3.66384500000000        6.71538250000000      -3.767550948294281E-002
   3.66384500000000        7.02053625000000      -3.710361405998650E-002
   3.66384500000000        7.32569000000000      -3.728979159534277E-002
   3.96899875000000       2.000000000000000E-003 -0.140857443177645     
   3.96899875000000       0.307153750000000      -0.133259070600622     
   3.96899875000000       0.612307500000000      -0.123253535452354     
   3.96899875000000       0.917461250000000      -0.116307072417454     
   3.96899875000000        1.22261500000000      -0.110021888865593     
   3.96899875000000        1.52776875000000      -0.103158883333199     
   3.96899875000000        1.83292250000000      -9.573074595858612E-002
   3.96899875000000        2.13807625000000      -8.791042302607598E-002
   3.96899875000000        2.44323000000000      -8.022043570378494E-002
   3.96899875000000        2.74838375000000      -7.319042483761995E-002
   3.96899875000000        3.05353750000000      -6.715194262284399E-002
   3.96899875000000        3.35869125000000      -6.219312547947596E-002
   3.96899875000000        3.66384500000000      -5.822132409122494E-002
   3.96899875000000        3.96899875000000      -5.503569173272290E-002
   3.96899875000000        4.27415250000000      -5.238221580825572E-002
   3.96899875000000        4.57930625000000      -5.003473850994106E-002
   3.96899875000000        4.88446000000000      -4.784793683590358E-002
   3.96899875000000        5.18961375000000      -4.575916415108434E-002
   3.96899875000000        5.49476750000000      -4.376617779663607E-002
   3.96899875000000        5.79992125000000      -4.188329095971224E-002
   3.96899875000000        6.10507500000000      -4.006498960227481E-002
   3.96899875000000        6.41022875000000      -3.838301700718461E-002
   3.96899875000000        6.71538250000000      -3.704850445099556E-002
   3.96899875000000        7.02053625000000      -3.633752117446411E-002
   3.96899875000000        7.32569000000000      -3.653993272631730E-002
   4.27415250000000       2.000000000000000E-003 -0.134664578421907     
   4.27415250000000       0.307153750000000      -0.129610520866610     
   4.27415250000000       0.612307500000000      -0.120585234868013     
   4.27415250000000       0.917461250000000      -0.112921518954315     
   4.27415250000000        1.22261500000000      -0.106148275259540     
   4.27415250000000        1.52776875000000      -9.952224502107665E-002
   4.27415250000000        1.83292250000000      -9.243568222785856E-002
   4.27415250000000        2.13807625000000      -8.498227878462995E-002
   4.27415250000000        2.44323000000000      -7.766709805702215E-002
   4.27415250000000        2.74838375000000      -7.100969019477744E-002
   4.27415250000000        3.05353750000000      -6.532962305677352E-002
   4.27415250000000        3.35869125000000      -6.069982693253310E-002
   4.27415250000000        3.66384500000000      -5.700812192478816E-002
   4.27415250000000        3.96899875000000      -5.404331950960121E-002
   4.27415250000000        4.27415250000000      -5.156605147784064E-002
   4.27415250000000        4.57930625000000      -4.936861569452586E-002
   4.27415250000000        4.88446000000000      -4.731345484990947E-002
   4.27415250000000        5.18961375000000      -4.534083271976669E-002
   4.27415250000000        5.49476750000000      -4.345262937699655E-002
   4.27415250000000        5.79992125000000      -4.167522782760120E-002
   4.27415250000000        6.10507500000000      -4.000268045024769E-002
   4.27415250000000        6.41022875000000      -3.842736019997517E-002
   4.27415250000000        6.71538250000000      -3.717178028210141E-002
   4.27415250000000        7.02053625000000      -3.644664665428475E-002
   4.27415250000000        7.32569000000000      -3.640949368273816E-002
   4.57930625000000       2.000000000000000E-003 -0.122255722115545     
   4.57930625000000       0.307153750000000      -0.119491503204834     
   4.57930625000000       0.612307500000000      -0.113414615804484     
   4.57930625000000       0.917461250000000      -0.106883590950692     
   4.57930625000000        1.22261500000000      -0.100864291780384     
   4.57930625000000        1.52776875000000      -9.479577661594661E-002
   4.57930625000000        1.83292250000000      -8.819930560597979E-002
   4.57930625000000        2.13807625000000      -8.126805426462702E-002
   4.57930625000000        2.44323000000000      -7.449760625704942E-002
   4.57930625000000        2.74838375000000      -6.836983672057660E-002
   4.57930625000000        3.05353750000000      -6.317054980102728E-002
   4.57930625000000        3.35869125000000      -5.895310454189548E-002
   4.57930625000000        3.66384500000000      -5.559725204030257E-002
   4.57930625000000        3.96899875000000      -5.289718466411936E-002
   4.57930625000000        4.27415250000000      -5.063425267116673E-002
   4.57930625000000        4.57930625000000      -4.862106952473792E-002
   4.57930625000000        4.88446000000000      -4.672989299913421E-002
   4.57930625000000        5.18961375000000      -4.490650148665291E-002
   4.57930625000000        5.49476750000000      -4.316057544270398E-002
   4.57930625000000        5.79992125000000      -4.153399770594976E-002
   4.57930625000000        6.10507500000000      -4.005918447813026E-002
   4.57930625000000        6.41022875000000      -3.874359753374822E-002
   4.57930625000000        6.71538250000000      -3.767265970663307E-002
   4.57930625000000        7.02053625000000      -3.699535723711551E-002
   4.57930625000000        7.32569000000000      -3.672765408731743E-002
   4.88446000000000       2.000000000000000E-003 -0.108559186322738     
   4.88446000000000       0.307153750000000      -0.107022813303537     
   4.88446000000000       0.612307500000000      -0.103318399624381     
   4.88446000000000       0.917461250000000      -9.894894410045979E-002
   4.88446000000000        1.22261500000000      -9.421392409429119E-002
   4.88446000000000        1.52776875000000      -8.889113164296182E-002
   4.88446000000000        1.83292250000000      -8.296006173511764E-002
   4.88446000000000        2.13807625000000      -7.673224202404336E-002
   4.88446000000000        2.44323000000000      -7.068275888126477E-002
   4.88446000000000        2.74838375000000      -6.523539606915378E-002
   4.88446000000000        3.05353750000000      -6.063063815575579E-002
   4.88446000000000        3.35869125000000      -5.690501391735735E-002
   4.88446000000000        3.66384500000000      -5.394390493750942E-002
   4.88446000000000        3.96899875000000      -5.155923337174612E-002
   4.88446000000000        4.27415250000000      -4.955430472110994E-002
   4.88446000000000        4.57930625000000      -4.776035904802218E-002
   4.88446000000000        4.88446000000000      -4.606165813734344E-002
   4.88446000000000        5.18961375000000      -4.441244407900322E-002
   4.88446000000000        5.49476750000000      -4.283059606188556E-002
   4.88446000000000        5.79992125000000      -4.136828251889669E-002
   4.88446000000000        6.10507500000000      -4.007442674026135E-002
   4.88446000000000        6.41022875000000      -3.897475612711228E-002
   4.88446000000000        6.71538250000000      -3.808622244021383E-002
   4.88446000000000        7.02053625000000      -3.743222687188878E-002
   4.88446000000000        7.32569000000000      -3.698557490934879E-002
   5.18961375000000       2.000000000000000E-003 -9.630633513681242E-002
   5.18961375000000       0.307153750000000      -9.554806184241540E-002
   5.18961375000000       0.612307500000000      -9.350983712822461E-002
   5.18961375000000       0.917461250000000      -9.052692909651104E-002
   5.18961375000000        1.22261500000000      -8.673294733279910E-002
   5.18961375000000        1.52776875000000      -8.216933484148434E-002
   5.18961375000000        1.83292250000000      -7.700821195751829E-002
   5.18961375000000        2.13807625000000      -7.160293897941268E-002
   5.18961375000000        2.44323000000000      -6.638006239009674E-002
   5.18961375000000        2.74838375000000      -6.169546418298663E-002
   5.18961375000000        3.05353750000000      -5.774730099487390E-002
   5.18961375000000        3.35869125000000      -5.456595584193349E-002
   5.18961375000000        3.66384500000000      -5.205277969462818E-002
   5.18961375000000        3.96899875000000      -5.003802811707955E-002
   5.18961375000000        4.27415250000000      -4.833763437461700E-002
   5.18961375000000        4.57930625000000      -4.679450523519680E-002
   5.18961375000000        4.88446000000000      -4.530625972227291E-002
   5.18961375000000        5.18961375000000      -4.383921694474095E-002
   5.18961375000000        5.49476750000000      -4.242018272180614E-002
   5.18961375000000        5.79992125000000      -4.110721169014272E-002
   5.18961375000000        6.10507500000000      -3.995338530771500E-002
   5.18961375000000        6.41022875000000      -3.898347660181509E-002
   5.18961375000000        6.71538250000000      -3.819191217182032E-002
   5.18961375000000        7.02053625000000      -3.754878752114587E-002
   5.18961375000000        7.32569000000000      -3.700005741229689E-002
   5.49476750000000       2.000000000000000E-003 -8.657808960608222E-002
   5.49476750000000       0.307153750000000      -8.606091387787061E-002
   5.49476750000000       0.612307500000000      -8.457672468123030E-002
   5.49476750000000       0.917461250000000      -8.225368535401695E-002
   5.49476750000000        1.22261500000000      -7.911916642469494E-002
   5.49476750000000        1.52776875000000      -7.525355285444128E-002
   5.49476750000000        1.83292250000000      -7.086800129573143E-002
   5.49476750000000        2.13807625000000      -6.628999410651533E-002
   5.49476750000000        2.44323000000000      -6.187809779397609E-002
   5.49476750000000        2.74838375000000      -5.792573338695187E-002
   5.49476750000000        3.05353750000000      -5.460893735551559E-002
   5.49476750000000        3.35869125000000      -5.197640870887034E-002
   5.49476750000000        3.66384500000000      -4.995440909798598E-002
   5.49476750000000        3.96899875000000      -4.837234949903323E-002
   5.49476750000000        4.27415250000000      -4.702867316273353E-002
   5.49476750000000        4.57930625000000      -4.576302588703909E-002
   5.49476750000000        4.88446000000000      -4.448920549402588E-002
   5.49476750000000        5.18961375000000      -4.319308792222355E-002
   5.49476750000000        5.49476750000000      -4.191373689614378E-002
   5.49476750000000        5.79992125000000      -4.071352416416468E-002
   5.49476750000000        6.10507500000000      -3.964719245915994E-002
   5.49476750000000        6.41022875000000      -3.874512583856743E-002
   5.49476750000000        6.71538250000000      -3.800689684888849E-002
   5.49476750000000        7.02053625000000      -3.738511999450050E-002
   5.49476750000000        7.32569000000000      -3.680851308946758E-002
   5.79992125000000       2.000000000000000E-003 -7.875176524390501E-002
   5.79992125000000       0.307153750000000      -7.829030839513808E-002
   5.79992125000000       0.612307500000000      -7.692559768047486E-002
   5.79992125000000       0.917461250000000      -7.478125569492161E-002
   5.79992125000000        1.22261500000000      -7.203695368276622E-002
   5.79992125000000        1.52776875000000      -6.878595256979875E-002
   5.79992125000000        1.83292250000000      -6.509678479120524E-002
   5.79992125000000        2.13807625000000      -6.123644598895047E-002
   5.79992125000000        2.44323000000000      -5.749311041786992E-002
   5.79992125000000        2.74838375000000      -5.411255846519260E-002
   5.79992125000000        3.05353750000000      -5.128653852159248E-002
   5.79992125000000        3.35869125000000      -4.914343077590332E-002
   5.79992125000000        3.66384500000000      -4.766477123646551E-002
   5.79992125000000        3.96899875000000      -4.661834819818353E-002
   5.79992125000000        4.27415250000000      -4.569853511255267E-002
   5.79992125000000        4.57930625000000      -4.472214425594742E-002
   5.79992125000000        4.88446000000000      -4.364424354165324E-002
   5.79992125000000        5.18961375000000      -4.248993756735492E-002
   5.79992125000000        5.49476750000000      -4.131413330299293E-002
   5.79992125000000        5.79992125000000      -4.017771126879890E-002
   5.79992125000000        6.10507500000000      -3.913158400786690E-002
   5.79992125000000        6.41022875000000      -3.824499480401456E-002
   5.79992125000000        6.71538250000000      -3.753915447680264E-002
   5.79992125000000        7.02053625000000      -3.696224942040739E-002
   5.79992125000000        7.32569000000000      -3.641524878033816E-002
   6.10507500000000       2.000000000000000E-003 -7.236671770475364E-002
   6.10507500000000       0.307153750000000      -7.203812108364270E-002
   6.10507500000000       0.612307500000000      -7.083899404095691E-002
   6.10507500000000       0.917461250000000      -6.874165738930450E-002
   6.10507500000000        1.22261500000000      -6.610434176609194E-002
   6.10507500000000        1.52776875000000      -6.321839178512102E-002
   6.10507500000000        1.83292250000000      -6.010746385126656E-002
   6.10507500000000        2.13807625000000      -5.678858621733197E-002
   6.10507500000000        2.44323000000000      -5.348047231584303E-002
   6.10507500000000        2.74838375000000      -5.037323718339764E-002
   6.10507500000000        3.05353750000000      -4.770998190938146E-002
   6.10507500000000        3.35869125000000      -4.588142671569287E-002
   6.10507500000000        3.66384500000000      -4.510881223302252E-002
   6.10507500000000        3.96899875000000      -4.486710157356538E-002
   6.10507500000000        4.27415250000000      -4.447007111088039E-002
   6.10507500000000        4.57930625000000      -4.373730301662682E-002
   6.10507500000000        4.88446000000000      -4.279106832003269E-002
   6.10507500000000        5.18961375000000      -4.173419525248202E-002
   6.10507500000000        5.49476750000000      -4.062895659432678E-002
   6.10507500000000        5.79992125000000      -3.951351775098434E-002
   6.10507500000000        6.10507500000000      -3.846630826176606E-002
   6.10507500000000        6.41022875000000      -3.758289155360227E-002
   6.10507500000000        6.71538250000000      -3.692784204127368E-002
   6.10507500000000        7.02053625000000      -3.646284416664609E-002
   6.10507500000000        7.32569000000000      -3.599612033217697E-002
   6.41022875000000       2.000000000000000E-003 -6.669634190924316E-002
   6.41022875000000       0.307153750000000      -6.701510663794449E-002
   6.41022875000000       0.612307500000000      -6.653344774771200E-002
   6.41022875000000       0.917461250000000      -6.445171443594358E-002
   6.41022875000000        1.22261500000000      -6.166773520195747E-002
   6.41022875000000        1.52776875000000      -5.885684842881962E-002
   6.41022875000000        1.83292250000000      -5.609654127597074E-002
   6.41022875000000        2.13807625000000      -5.314927674802526E-002
   6.41022875000000        2.44323000000000      -5.002361337651284E-002
   6.41022875000000        2.74838375000000      -4.673811898418330E-002
   6.41022875000000        3.05353750000000      -4.376714919351339E-002
   6.41022875000000        3.35869125000000      -4.228584270867135E-002
   6.41022875000000        3.66384500000000      -4.258797047298052E-002
   6.41022875000000        3.96899875000000      -4.343418185530306E-002
   6.41022875000000        4.27415250000000      -4.355424436512987E-002
   6.41022875000000        4.57930625000000      -4.287972720694722E-002
   6.41022875000000        4.88446000000000      -4.191343687594357E-002
   6.41022875000000        5.18961375000000      -4.090539701487592E-002
   6.41022875000000        5.49476750000000      -3.986514464395459E-002
   6.41022875000000        5.79992125000000      -3.880354933064219E-002
   6.41022875000000        6.10507500000000      -3.779860715981233E-002
   6.41022875000000        6.41022875000000      -3.694985145536279E-002
   6.41022875000000        6.71538250000000      -3.640819506073105E-002
   6.41022875000000        7.02053625000000      -3.621068149201456E-002
   6.41022875000000        7.32569000000000      -3.587769727661175E-002
   6.71538250000000       2.000000000000000E-003 -6.184961567900406E-002
   6.71538250000000       0.307153750000000      -6.397234548868332E-002
   6.71538250000000       0.612307500000000      -6.477224750555825E-002
   6.71538250000000       0.917461250000000      -6.217741987343432E-002
   6.71538250000000        1.22261500000000      -5.877977488291719E-002
   6.71538250000000        1.52776875000000      -5.575731729935893E-002
   6.71538250000000        1.83292250000000      -5.310243426414414E-002
   6.71538250000000        2.13807625000000      -5.041593727540884E-002
   6.71538250000000        2.44323000000000      -4.733618045594699E-002
   6.71538250000000        2.74838375000000      -4.371137122974199E-002
   6.71538250000000        3.05353750000000      -4.048841479409503E-002
   6.71538250000000        3.35869125000000      -3.924077914422388E-002
   6.71538250000000        3.66384500000000      -4.090242294178054E-002
   6.71538250000000        3.96899875000000      -4.277126716080328E-002
   6.71538250000000        4.27415250000000      -4.285178232794528E-002
   6.71538250000000        4.57930625000000      -4.198752738747043E-002
   6.71538250000000        4.88446000000000      -4.092330397132114E-002
   6.71538250000000        5.18961375000000      -3.995899411502315E-002
   6.71538250000000        5.49476750000000      -3.902926670084535E-002
   6.71538250000000        5.79992125000000      -3.811464102853965E-002
   6.71538250000000        6.10507500000000      -3.726078401764482E-002
   6.71538250000000        6.41022875000000      -3.655613950103086E-002
   6.71538250000000        6.71538250000000      -3.620932827818302E-002
   6.71538250000000        7.02053625000000      -3.641360196894057E-002
   6.71538250000000        7.32569000000000      -3.626378613981163E-002
   7.02053625000000       2.000000000000000E-003 -6.415579464224642E-002
   7.02053625000000       0.307153750000000      -6.668855333179688E-002
   7.02053625000000       0.612307500000000      -6.612504326156113E-002
   7.02053625000000       0.917461250000000      -6.154789599154294E-002
   7.02053625000000        1.22261500000000      -5.711704914988454E-002
   7.02053625000000        1.52776875000000      -5.373641205711035E-002
   7.02053625000000        1.83292250000000      -5.106850359447710E-002
   7.02053625000000        2.13807625000000      -4.861446680452289E-002
   7.02053625000000        2.44323000000000      -4.576546361208249E-002
   7.02053625000000        2.74838375000000      -4.249623791585772E-002
   7.02053625000000        3.05353750000000      -3.946910322171284E-002
   7.02053625000000        3.35869125000000      -3.836227228989370E-002
   7.02053625000000        3.66384500000000      -4.102550112111492E-002
   7.02053625000000        3.96899875000000      -4.253871528050417E-002
   7.02053625000000        4.27415250000000      -4.166694857446297E-002
   7.02053625000000        4.57930625000000      -4.058663473334985E-002
   7.02053625000000        4.88446000000000      -3.966401811382983E-002
   7.02053625000000        5.18961375000000      -3.885709483584470E-002
   7.02053625000000        5.49476750000000      -3.811078767765800E-002
   7.02053625000000        5.79992125000000      -3.742922461549037E-002
   7.02053625000000        6.10507500000000      -3.685733212126447E-002
   7.02053625000000        6.41022875000000      -3.646649606124207E-002
   7.02053625000000        6.71538250000000      -3.634006321745949E-002
   7.02053625000000        7.02053625000000      -3.633969180897767E-002
   7.02053625000000        7.32569000000000      -3.597381709582904E-002
   7.32569000000000       2.000000000000000E-003 -6.780050675690599E-002
   7.32569000000000       0.307153750000000      -6.900816426026825E-002
   7.32569000000000       0.612307500000000      -6.621360542356798E-002
   7.32569000000000       0.917461250000000      -6.068193829280791E-002
   7.32569000000000        1.22261500000000      -5.592681139145791E-002
   7.32569000000000        1.52776875000000      -5.240935582620339E-002
   7.32569000000000        1.83292250000000      -4.978167780324331E-002
   7.32569000000000        2.13807625000000      -4.762118105676196E-002
   7.32569000000000        2.44323000000000      -4.546772739767367E-002
   7.32569000000000        2.74838375000000      -4.347813800525056E-002
   7.32569000000000        3.05353750000000      -4.207280571986038E-002
   7.32569000000000        3.35869125000000      -4.173197533547104E-002
   7.32569000000000        3.66384500000000      -4.161491319345120E-002
   7.32569000000000        3.96899875000000      -4.058118825942389E-002
   7.32569000000000        4.27415250000000      -3.943467361457621E-002
   7.32569000000000        4.57930625000000      -3.871972641462713E-002
   7.32569000000000        4.88446000000000      -3.817624262148250E-002
   7.32569000000000        5.18961375000000      -3.763773572347003E-002
   7.32569000000000        5.49476750000000      -3.708930270321480E-002
   7.32569000000000        5.79992125000000      -3.664196230879918E-002
   7.32569000000000        6.10507500000000      -3.634610271455251E-002
   7.32569000000000        6.41022875000000      -3.620530343901937E-002
   7.32569000000000        6.71538250000000      -3.613476974450600E-002
   7.32569000000000        7.02053625000000      -3.584231745261932E-002
   7.32569000000000        7.32569000000000      -3.451969777165742E-002
