  2.000000000000000E-003  2.000000000000000E-003 -0.232629565632271     
  2.000000000000000E-003  0.307153750000000      -0.243816212179775     
  2.000000000000000E-003  0.612307500000000      -0.239436006632463     
  2.000000000000000E-003  0.917461250000000      -0.226985066494310     
  2.000000000000000E-003   1.22261500000000      -0.214245041069105     
  2.000000000000000E-003   1.52776875000000      -0.202926465297779     
  2.000000000000000E-003   1.83292250000000      -0.192860084372521     
  2.000000000000000E-003   2.13807625000000      -0.183563882652143     
  2.000000000000000E-003   2.44323000000000      -0.174439181399650     
  2.000000000000000E-003   2.74838375000000      -0.165455991516861     
  2.000000000000000E-003   3.05353750000000      -0.157924966314519     
  2.000000000000000E-003   3.35869125000000      -0.154127177835438     
  2.000000000000000E-003   3.66384500000000      -0.151244495280788     
  2.000000000000000E-003   3.96899875000000      -0.145081769901405     
  2.000000000000000E-003   4.27415250000000      -0.138129387698625     
  2.000000000000000E-003   4.57930625000000      -0.129387855742632     
  2.000000000000000E-003   4.88446000000000      -0.121082444846819     
  2.000000000000000E-003   5.18961375000000      -0.114247705566700     
  2.000000000000000E-003   5.49476750000000      -0.108913682972549     
  2.000000000000000E-003   5.79992125000000      -0.105357813849177     
  2.000000000000000E-003   6.10507500000000      -0.103544151513151     
  2.000000000000000E-003   6.41022875000000      -0.103123848403247     
  2.000000000000000E-003   6.71538250000000      -0.103197870518145     
  2.000000000000000E-003   7.02053625000000      -0.101985983402984     
  2.000000000000000E-003   7.32569000000000      -9.844493842645335E-002
  0.307153750000000       2.000000000000000E-003 -0.244779991719914     
  0.307153750000000       0.307153750000000      -0.246544036261508     
  0.307153750000000       0.612307500000000      -0.247659900005641     
  0.307153750000000       0.917461250000000      -0.240080791677618     
  0.307153750000000        1.22261500000000      -0.228779060661721     
  0.307153750000000        1.52776875000000      -0.217555469989075     
  0.307153750000000        1.83292250000000      -0.207008001565289     
  0.307153750000000        2.13807625000000      -0.196677360276576     
  0.307153750000000        2.44323000000000      -0.186143477016855     
  0.307153750000000        2.74838375000000      -0.175102529894963     
  0.307153750000000        3.05353750000000      -0.164633649397846     
  0.307153750000000        3.35869125000000      -0.157527908280771     
  0.307153750000000        3.66384500000000      -0.154365856912559     
  0.307153750000000        3.96899875000000      -0.149041174134999     
  0.307153750000000        4.27415250000000      -0.141900363266151     
  0.307153750000000        4.57930625000000      -0.133662746090530     
  0.307153750000000        4.88446000000000      -0.125616230232116     
  0.307153750000000        5.18961375000000      -0.118674851479297     
  0.307153750000000        5.49476750000000      -0.113041271171300     
  0.307153750000000        5.79992125000000      -0.109015503078557     
  0.307153750000000        6.10507500000000      -0.106541796772803     
  0.307153750000000        6.41022875000000      -0.105141587919772     
  0.307153750000000        6.71538250000000      -0.103687997920883     
  0.307153750000000        7.02053625000000      -0.101754423054620     
  0.307153750000000        7.32569000000000      -0.100714810727704     
  0.612307500000000       2.000000000000000E-003 -0.262933045415584     
  0.612307500000000       0.307153750000000      -0.262086559479503     
  0.612307500000000       0.612307500000000      -0.260054703142416     
  0.612307500000000       0.917461250000000      -0.253415797291473     
  0.612307500000000        1.22261500000000      -0.243431858562755     
  0.612307500000000        1.52776875000000      -0.232727900675695     
  0.612307500000000        1.83292250000000      -0.221973212113927     
  0.612307500000000        2.13807625000000      -0.210922163083229     
  0.612307500000000        2.44323000000000      -0.199480982697408     
  0.612307500000000        2.74838375000000      -0.187377651273419     
  0.612307500000000        3.05353750000000      -0.175433914552365     
  0.612307500000000        3.35869125000000      -0.165516560570734     
  0.612307500000000        3.66384500000000      -0.158659040315521     
  0.612307500000000        3.96899875000000      -0.152619831834876     
  0.612307500000000        4.27415250000000      -0.145594033848871     
  0.612307500000000        4.57930625000000      -0.137766127593444     
  0.612307500000000        4.88446000000000      -0.130017299108224     
  0.612307500000000        5.18961375000000      -0.123008567036897     
  0.612307500000000        5.49476750000000      -0.117060216825070     
  0.612307500000000        5.79992125000000      -0.112418806837766     
  0.612307500000000        6.10507500000000      -0.109074928455401     
  0.612307500000000        6.41022875000000      -0.106615883100840     
  0.612307500000000        6.71538250000000      -0.104413561373711     
  0.612307500000000        7.02053625000000      -0.102542555374544     
  0.612307500000000        7.32569000000000      -0.100305076445895     
  0.917461250000000       2.000000000000000E-003 -0.290795477978893     
  0.917461250000000       0.307153750000000      -0.288264587987049     
  0.917461250000000       0.612307500000000      -0.281778927667147     
  0.917461250000000       0.917461250000000      -0.272384034846983     
  0.917461250000000        1.22261500000000      -0.261282951524753     
  0.917461250000000        1.52776875000000      -0.249698639798960     
  0.917461250000000        1.83292250000000      -0.237902295551363     
  0.917461250000000        2.13807625000000      -0.225826111069048     
  0.917461250000000        2.44323000000000      -0.213487154915766     
  0.917461250000000        2.74838375000000      -0.200761288156784     
  0.917461250000000        3.05353750000000      -0.188035050556811     
  0.917461250000000        3.35869125000000      -0.176442121073166     
  0.917461250000000        3.66384500000000      -0.166738050286836     
  0.917461250000000        3.96899875000000      -0.158368652269717     
  0.917461250000000        4.27415250000000      -0.150330900382610     
  0.917461250000000        4.57930625000000      -0.142311899770572     
  0.917461250000000        4.88446000000000      -0.134517440758999     
  0.917461250000000        5.18961375000000      -0.127282319954777     
  0.917461250000000        5.49476750000000      -0.120920141918780     
  0.917461250000000        5.79992125000000      -0.115620357237007     
  0.917461250000000        6.10507500000000      -0.111413482858773     
  0.917461250000000        6.41022875000000      -0.108089188082136     
  0.917461250000000        6.71538250000000      -0.105328916816716     
  0.917461250000000        7.02053625000000      -0.102766111901703     
  0.917461250000000        7.32569000000000      -9.942993009933497E-002
   1.22261500000000       2.000000000000000E-003 -0.327459500632520     
   1.22261500000000       0.307153750000000      -0.323812200095732     
   1.22261500000000       0.612307500000000      -0.314203986136226     
   1.22261500000000       0.917461250000000      -0.300869911711622     
   1.22261500000000        1.22261500000000      -0.285918195145601     
   1.22261500000000        1.52776875000000      -0.270746774825583     
   1.22261500000000        1.83292250000000      -0.255769173319354     
   1.22261500000000        2.13807625000000      -0.241279641860049     
   1.22261500000000        2.44323000000000      -0.227331041295434     
   1.22261500000000        2.74838375000000      -0.213590241640545     
   1.22261500000000        3.05353750000000      -0.200037800077012     
   1.22261500000000        3.35869125000000      -0.187156630718842     
   1.22261500000000        3.66384500000000      -0.175497553119895     
   1.22261500000000        3.96899875000000      -0.165147761337252     
   1.22261500000000        4.27415250000000      -0.155815916269353     
   1.22261500000000        4.57930625000000      -0.147177667196784     
   1.22261500000000        4.88446000000000      -0.139045341918309     
   1.22261500000000        5.18961375000000      -0.131445981087994     
   1.22261500000000        5.49476750000000      -0.124558375553784     
   1.22261500000000        5.79992125000000      -0.118561883392758     
   1.22261500000000        6.10507500000000      -0.113501284142057     
   1.22261500000000        6.41022875000000      -0.109273668004535     
   1.22261500000000        6.71538250000000      -0.105631088090933     
   1.22261500000000        7.02053625000000      -0.102142905288429     
   1.22261500000000        7.32569000000000      -9.822621100581222E-002
   1.52776875000000       2.000000000000000E-003 -0.383958718296168     
   1.52776875000000       0.307153750000000      -0.378744433912877     
   1.52776875000000       0.612307500000000      -0.364522372019565     
   1.52776875000000       0.917461250000000      -0.344438314885767     
   1.52776875000000        1.22261500000000      -0.321764551768845     
   1.52776875000000        1.52776875000000      -0.298811021294150     
   1.52776875000000        1.83292250000000      -0.277035204178061     
   1.52776875000000        2.13807625000000      -0.257753289319226     
   1.52776875000000        2.44323000000000      -0.240763898083127     
   1.52776875000000        2.74838375000000      -0.225220545003003     
   1.52776875000000        3.05353750000000      -0.210460173789885     
   1.52776875000000        3.35869125000000      -0.196390103418465     
   1.52776875000000        3.66384500000000      -0.183331298980914     
   1.52776875000000        3.96899875000000      -0.171598701544624     
   1.52776875000000        4.27415250000000      -0.161219643772490     
   1.52776875000000        4.57930625000000      -0.151930947933624     
   1.52776875000000        4.88446000000000      -0.143379653219670     
   1.52776875000000        5.18961375000000      -0.135356522927473     
   1.52776875000000        5.49476750000000      -0.127887846463557     
   1.52776875000000        5.79992125000000      -0.121136051512491     
   1.52776875000000        6.10507500000000      -0.115212734205485     
   1.52776875000000        6.41022875000000      -0.110066453520640     
   1.52776875000000        6.71538250000000      -0.105512780170758     
   1.52776875000000        7.02053625000000      -0.101240226524316     
   1.52776875000000        7.32569000000000      -9.695467707184861E-002
   1.83292250000000       2.000000000000000E-003 -0.472463944874939     
   1.83292250000000       0.307153750000000      -0.464169131422529     
   1.83292250000000       0.612307500000000      -0.441619769950327     
   1.83292250000000       0.917461250000000      -0.409454241461152     
   1.83292250000000        1.22261500000000      -0.372514821649693     
   1.83292250000000        1.52776875000000      -0.335862924393678     
   1.83292250000000        1.83292250000000      -0.303229445862649     
   1.83292250000000        2.13807625000000      -0.276108022429195     
   1.83292250000000        2.44323000000000      -0.254062340772739     
   1.83292250000000        2.74838375000000      -0.235611760338849     
   1.83292250000000        3.05353750000000      -0.219243379707480     
   1.83292250000000        3.35869125000000      -0.204093496008264     
   1.83292250000000        3.66384500000000      -0.190041654871462     
   1.83292250000000        3.96899875000000      -0.177338741942404     
   1.83292250000000        4.27415250000000      -0.166139320185827     
   1.83292250000000        4.57930625000000      -0.156263079567870     
   1.83292250000000        4.88446000000000      -0.147288525409612     
   1.83292250000000        5.18961375000000      -0.138835981113629     
   1.83292250000000        5.49476750000000      -0.130785638330971     
   1.83292250000000        5.79992125000000      -0.123268120177610     
   1.83292250000000        6.10507500000000      -0.116474791684085     
   1.83292250000000        6.41022875000000      -0.110468555778440     
   1.83292250000000        6.71538250000000      -0.105136754104942     
   1.83292250000000        7.02053625000000      -0.100279381683034     
   1.83292250000000        7.32569000000000      -9.572737805696248E-002
   2.13807625000000       2.000000000000000E-003 -0.605595516012813     
   2.13807625000000       0.307153750000000      -0.591162321465018     
   2.13807625000000       0.612307500000000      -0.552067408634762     
   2.13807625000000       0.917461250000000      -0.497851618233867     
   2.13807625000000        1.22261500000000      -0.438873392271106     
   2.13807625000000        1.52776875000000      -0.383106282913320     
   2.13807625000000        1.83292250000000      -0.335260507638558     
   2.13807625000000        2.13807625000000      -0.297021303390280     
   2.13807625000000        2.44323000000000      -0.267664055971712     
   2.13807625000000        2.74838375000000      -0.244988501377502     
   2.13807625000000        3.05353750000000      -0.226474931791206     
   2.13807625000000        3.35869125000000      -0.210259421135350     
   2.13807625000000        3.66384500000000      -0.195508294574692     
   2.13807625000000        3.96899875000000      -0.182157849183074     
   2.13807625000000        4.27415250000000      -0.170348306897720     
   2.13807625000000        4.57930625000000      -0.159972681668468     
   2.13807625000000        4.88446000000000      -0.150601852159107     
   2.13807625000000        5.18961375000000      -0.141741260698599     
   2.13807625000000        5.49476750000000      -0.133141408745510     
   2.13807625000000        5.79992125000000      -0.124890562303941     
   2.13807625000000        6.10507500000000      -0.117252315927175     
   2.13807625000000        6.41022875000000      -0.110428517099555     
   2.13807625000000        6.71538250000000      -0.104441243150114     
   2.13807625000000        7.02053625000000      -9.917091044078397E-002
   2.13807625000000        7.32569000000000      -9.445940161149041E-002
   2.44323000000000       2.000000000000000E-003 -0.798359933981184     
   2.44323000000000       0.307153750000000      -0.772155972813684     
   2.44323000000000       0.612307500000000      -0.702653096087310     
   2.44323000000000       0.917461250000000      -0.612608390457052     
   2.44323000000000        1.22261500000000      -0.521399048045492     
   2.44323000000000        1.52776875000000      -0.439838580740624     
   2.44323000000000        1.83292250000000      -0.372482653361233     
   2.44323000000000        2.13807625000000      -0.320252775073601     
   2.44323000000000        2.44323000000000      -0.281655385444989     
   2.44323000000000        2.74838375000000      -0.253579072009395     
   2.44323000000000        3.05353750000000      -0.232373133425353     
   2.44323000000000        3.35869125000000      -0.215008134921809     
   2.44323000000000        3.66384500000000      -0.199731371648625     
   2.44323000000000        3.96899875000000      -0.185972596457226     
   2.44323000000000        4.27415250000000      -0.173737503556822     
   2.44323000000000        4.57930625000000      -0.162961636746977     
   2.44323000000000        4.88446000000000      -0.153239775411178     
   2.44323000000000        5.18961375000000      -0.144007599847359     
   2.44323000000000        5.49476750000000      -0.134906842249986     
   2.44323000000000        5.79992125000000      -0.125969476979613     
   2.44323000000000        6.10507500000000      -0.117499642499125     
   2.44323000000000        6.41022875000000      -0.109823116352281     
   2.44323000000000        6.71538250000000      -0.103142454936397     
   2.44323000000000        7.02053625000000      -9.751845709894592E-002
   2.44323000000000        7.32569000000000      -9.279946199427731E-002
   2.74838375000000       2.000000000000000E-003  -1.05749401980728     
   2.74838375000000       0.307153750000000       -1.01598292663425     
   2.74838375000000       0.612307500000000      -0.904443160352851     
   2.74838375000000       0.917461250000000      -0.757336204352713     
   2.74838375000000        1.22261500000000      -0.617186383853590     
   2.74838375000000        1.52776875000000      -0.502145428144244     
   2.74838375000000        1.83292250000000      -0.411929457674422     
   2.74838375000000        2.13807625000000      -0.344112493601779     
   2.74838375000000        2.44323000000000      -0.295361570263118     
   2.74838375000000        2.74838375000000      -0.261319979523571     
   2.74838375000000        3.05353750000000      -0.237126925452808     
   2.74838375000000        3.35869125000000      -0.218537816555472     
   2.74838375000000        3.66384500000000      -0.202811989964866     
   2.74838375000000        3.96899875000000      -0.188794517198932     
   2.74838375000000        4.27415250000000      -0.176282785981750     
   2.74838375000000        4.57930625000000      -0.165212191390918     
   2.74838375000000        4.88446000000000      -0.155202586655825     
   2.74838375000000        5.18961375000000      -0.145649918816712     
   2.74838375000000        5.49476750000000      -0.136107360323894     
   2.74838375000000        5.79992125000000      -0.126528490092854     
   2.74838375000000        6.10507500000000      -0.117184423948917     
   2.74838375000000        6.41022875000000      -0.108430060978519     
   2.74838375000000        6.71538250000000      -0.100847324529075     
   2.74838375000000        7.02053625000000      -9.507283035548895E-002
   2.74838375000000        7.32569000000000      -9.068204350877798E-002
   3.05353750000000       2.000000000000000E-003  -1.34691158167845     
   3.05353750000000       0.307153750000000       -1.28974199747390     
   3.05353750000000       0.612307500000000       -1.12918174372987     
   3.05353750000000       0.917461250000000      -0.918000720097086     
   3.05353750000000        1.22261500000000      -0.716163244489233     
   3.05353750000000        1.52776875000000      -0.561784688566378     
   3.05353750000000        1.83292250000000      -0.448152733377005     
   3.05353750000000        2.13807625000000      -0.365471827254749     
   3.05353750000000        2.44323000000000      -0.307293913687009     
   3.05353750000000        2.74838375000000      -0.267723120247582     
   3.05353750000000        3.05353750000000      -0.240731784208007     
   3.05353750000000        3.35869125000000      -0.220983670239883     
   3.05353750000000        3.66384500000000      -0.204862297217524     
   3.05353750000000        3.96899875000000      -0.190682870961002     
   3.05353750000000        4.27415250000000      -0.178015606493488     
   3.05353750000000        4.57930625000000      -0.166755562544605     
   3.05353750000000        4.88446000000000      -0.156536334273351     
   3.05353750000000        5.18961375000000      -0.146732624389076     
   3.05353750000000        5.49476750000000      -0.136826423274316     
   3.05353750000000        5.79992125000000      -0.126664401855121     
   3.05353750000000        6.10507500000000      -0.116353840687974     
   3.05353750000000        6.41022875000000      -0.106182624769422     
   3.05353750000000        6.71538250000000      -9.751988241894559E-002
   3.05353750000000        7.02053625000000      -9.173507498430472E-002
   3.05353750000000        7.32569000000000      -8.810529631660374E-002
   3.35869125000000       2.000000000000000E-003  -1.57923232428363     
   3.35869125000000       0.307153750000000       -1.51662426315335     
   3.35869125000000       0.612307500000000       -1.31892127111783     
   3.35869125000000       0.917461250000000       -1.04895254958581     
   3.35869125000000        1.22261500000000      -0.796441720012420     
   3.35869125000000        1.52776875000000      -0.606353559169347     
   3.35869125000000        1.83292250000000      -0.474143341588579     
   3.35869125000000        2.13807625000000      -0.380487159548374     
   3.35869125000000        2.44323000000000      -0.315548814371908     
   3.35869125000000        2.74838375000000      -0.272029521681250     
   3.35869125000000        3.05353750000000      -0.243013874917319     
   3.35869125000000        3.35869125000000      -0.222400149666938     
   3.35869125000000        3.66384500000000      -0.205982836103481     
   3.35869125000000        3.96899875000000      -0.191723947551624     
   3.35869125000000        4.27415250000000      -0.178998696249027     
   3.35869125000000        4.57930625000000      -0.167642554260006     
   3.35869125000000        4.88446000000000      -0.157298471981487     
   3.35869125000000        5.18961375000000      -0.147334281878072     
   3.35869125000000        5.49476750000000      -0.137180043273130     
   3.35869125000000        5.79992125000000      -0.126570604119711     
   3.35869125000000        6.10507500000000      -0.115339376772407     
   3.35869125000000        6.41022875000000      -0.103822109972867     
   3.35869125000000        6.71538250000000      -9.376329600146747E-002
   3.35869125000000        7.02053625000000      -8.787710057816060E-002
   3.35869125000000        7.32569000000000      -8.529999692054162E-002
   3.66384500000000       2.000000000000000E-003  -1.73190454985679     
   3.66384500000000       0.307153750000000       -1.60864798401657     
   3.66384500000000       0.612307500000000       -1.39473545294097     
   3.66384500000000       0.917461250000000       -1.10035160198580     
   3.66384500000000        1.22261500000000      -0.827632354812537     
   3.66384500000000        1.52776875000000      -0.623084366895807     
   3.66384500000000        1.83292250000000      -0.483647327862321     
   3.66384500000000        2.13807625000000      -0.385911921105957     
   3.66384500000000        2.44323000000000      -0.318507952149345     
   3.66384500000000        2.74838375000000      -0.273552214795221     
   3.66384500000000        3.05353750000000      -0.243792275239541     
   3.66384500000000        3.35869125000000      -0.222849686060668     
   3.66384500000000        3.66384500000000      -0.206316697359977     
   3.66384500000000        3.96899875000000      -0.192039879206596     
   3.66384500000000        4.27415250000000      -0.179308186842179     
   3.66384500000000        4.57930625000000      -0.167925608339094     
   3.66384500000000        4.88446000000000      -0.157540837824872     
   3.66384500000000        5.18961375000000      -0.147521841900520     
   3.66384500000000        5.49476750000000      -0.137278467390956     
   3.66384500000000        5.79992125000000      -0.126494612115644     
   3.66384500000000        6.10507500000000      -0.114869649702799     
   3.66384500000000        6.41022875000000      -0.102752854103374     
   3.66384500000000        6.71538250000000      -9.191416245199284E-002
   3.66384500000000        7.02053625000000      -8.581603095596071E-002
   3.66384500000000        7.32569000000000      -8.365805965221706E-002
   3.96899875000000       2.000000000000000E-003  -1.57923388553315     
   3.96899875000000       0.307153750000000       -1.51628653093005     
   3.96899875000000       0.612307500000000       -1.31860244598598     
   3.96899875000000       0.917461250000000       -1.04874924491116     
   3.96899875000000        1.22261500000000      -0.796332865415928     
   3.96899875000000        1.52776875000000      -0.606296129954557     
   3.96899875000000        1.83292250000000      -0.474109246585452     
   3.96899875000000        2.13807625000000      -0.380464503499557     
   3.96899875000000        2.44323000000000      -0.315530818743293     
   3.96899875000000        2.74838375000000      -0.272012456878383     
   3.96899875000000        3.05353750000000      -0.242996358488490     
   3.96899875000000        3.35869125000000      -0.222382374094735     
   3.96899875000000        3.66384500000000      -0.205965701020376     
   3.96899875000000        3.96899875000000      -0.191708169505016     
   3.96899875000000        4.27415250000000      -0.178984492662228     
   3.96899875000000        4.57930625000000      -0.167629656500522     
   3.96899875000000        4.88446000000000      -0.157286252874755     
   3.96899875000000        5.18961375000000      -0.147322140829395     
   3.96899875000000        5.49476750000000      -0.137167745164840     
   3.96899875000000        5.79992125000000      -0.126558818672714     
   3.96899875000000        6.10507500000000      -0.115330783316055     
   3.96899875000000        6.41022875000000      -0.103821072945564     
   3.96899875000000        6.71538250000000      -9.377270190253888E-002
   3.96899875000000        7.02053625000000      -8.789674839730501E-002
   3.96899875000000        7.32569000000000      -8.533084707832519E-002
   4.27415250000000       2.000000000000000E-003  -1.34691646905196     
   4.27415250000000       0.307153750000000       -1.28942486725274     
   4.27415250000000       0.612307500000000       -1.12881503445800     
   4.27415250000000       0.917461250000000      -0.917735215678195     
   4.27415250000000        1.22261500000000      -0.716010185272167     
   4.27415250000000        1.52776875000000      -0.561694512468768     
   4.27415250000000        1.83292250000000      -0.448095008331967     
   4.27415250000000        2.13807625000000      -0.365429698670317     
   4.27415250000000        2.44323000000000      -0.307256898476781     
   4.27415250000000        2.74838375000000      -0.267685633477048     
   4.27415250000000        3.05353750000000      -0.240692526683310     
   4.27415250000000        3.35869125000000      -0.220944096859650     
   4.27415250000000        3.66384500000000      -0.204824590563165     
   4.27415250000000        3.96899875000000      -0.190648577047075     
   4.27415250000000        4.27415250000000      -0.177984895803913     
   4.27415250000000        4.57930625000000      -0.166727348769211     
   4.27415250000000        4.88446000000000      -0.156508909398670     
   4.27415250000000        5.18961375000000      -0.146704426906943     
   4.27415250000000        5.49476750000000      -0.136796671050733     
   4.27415250000000        5.79992125000000      -0.126633981349520     
   4.27415250000000        6.10507500000000      -0.116326578500350     
   4.27415250000000        6.41022875000000      -0.106166405432552     
   4.27415250000000        6.71538250000000      -9.752077165942813E-002
   4.27415250000000        7.02053625000000      -9.175595921444168E-002
   4.27415250000000        7.32569000000000      -8.814406783047680E-002
   4.57930625000000       2.000000000000000E-003  -1.05749952349234     
   4.57930625000000       0.307153750000000       -1.01578706569670     
   4.57930625000000       0.612307500000000      -0.904184699846652     
   4.57930625000000       0.917461250000000      -0.757130264876288     
   4.57930625000000        1.22261500000000      -0.617048762860173     
   4.57930625000000        1.52776875000000      -0.502053133490463     
   4.57930625000000        1.83292250000000      -0.411862701421283     
   4.57930625000000        2.13807625000000      -0.344055654338466     
   4.57930625000000        2.44323000000000      -0.295303926923392     
   4.57930625000000        2.74838375000000      -0.261256938245949     
   4.57930625000000        3.05353750000000      -0.237059301944024     
   4.57930625000000        3.35869125000000      -0.218469676189953     
   4.57930625000000        3.66384500000000      -0.202747674242622     
   4.57930625000000        3.96899875000000      -0.188736449723261     
   4.57930625000000        4.27415250000000      -0.176230694800170     
   4.57930625000000        4.57930625000000      -0.165163536505219     
   4.57930625000000        4.88446000000000      -0.155153962308830     
   4.57930625000000        5.18961375000000      -0.145598269303129     
   4.57930625000000        5.49476750000000      -0.136051112727775     
   4.57930625000000        5.79992125000000      -0.126468228025389     
   4.57930625000000        6.10507500000000      -0.117123786064064     
   4.57930625000000        6.41022875000000      -0.108376752733687     
   4.57930625000000        6.71538250000000      -0.100810411703136     
   4.57930625000000        7.02053625000000      -9.505548751397550E-002
   4.57930625000000        7.32569000000000      -9.068073841420410E-002
   4.88446000000000       2.000000000000000E-003 -0.798364373506831     
   4.88446000000000       0.307153750000000      -0.772062732875924     
   4.88446000000000       0.612307500000000      -0.702521557102031     
   4.88446000000000       0.917461250000000      -0.612487921771075     
   4.88446000000000        1.22261500000000      -0.521305038263932     
   4.88446000000000        1.52776875000000      -0.439766128904488     
   4.88446000000000        1.83292250000000      -0.372419377257325     
   4.88446000000000        2.13807625000000      -0.320185845208547     
   4.88446000000000        2.44323000000000      -0.281576290639521     
   4.88446000000000        2.74838375000000      -0.253486238610111     
   4.88446000000000        3.05353750000000      -0.232271163157493     
   4.88446000000000        3.35869125000000      -0.214904781834758     
   4.88446000000000        3.66384500000000      -0.199633602391233     
   4.88446000000000        3.96899875000000      -0.185883874143167     
   4.88446000000000        4.27415250000000      -0.173656890386754     
   4.88446000000000        4.57930625000000      -0.162884867205620     
   4.88446000000000        4.88446000000000      -0.153161352290369     
   4.88446000000000        5.18961375000000      -0.143922907134193     
   4.88446000000000        5.49476750000000      -0.134813340440173     
   4.88446000000000        5.79992125000000      -0.125867362279641     
   4.88446000000000        6.10507500000000      -0.117391874135747     
   4.88446000000000        6.41022875000000      -0.109715379194139     
   4.88446000000000        6.71538250000000      -0.103042210814277     
   4.88446000000000        7.02053625000000      -9.743193906209532E-002
   4.88446000000000        7.32569000000000      -9.272674558016084E-002
   5.18961375000000       2.000000000000000E-003 -0.605598323688055     
   5.18961375000000       0.307153750000000      -0.591133854770119     
   5.18961375000000       0.612307500000000      -0.552022408672127     
   5.18961375000000       0.917461250000000      -0.497805519736126     
   5.18961375000000        1.22261500000000      -0.438831787433765     
   5.18961375000000        1.52776875000000      -0.383064720346696     
   5.18961375000000        1.83292250000000      -0.335208714521395     
   5.18961375000000        2.13807625000000      -0.296948878412232     
   5.18961375000000        2.44323000000000      -0.267565508766623     
   5.18961375000000        2.74838375000000      -0.244865899184289     
   5.18961375000000        3.05353750000000      -0.226336889582587     
   5.18961375000000        3.35869125000000      -0.210117388163597     
   5.18961375000000        3.66384500000000      -0.195372017004169     
   5.18961375000000        3.96899875000000      -0.182031988057594     
   5.18961375000000        4.27415250000000      -0.170231533958765     
   5.18961375000000        4.57930625000000      -0.159859301006293     
   5.18961375000000        4.88446000000000      -0.150484647704492     
   5.18961375000000        5.18961375000000      -0.141614268561688     
   5.18961375000000        5.49476750000000      -0.133001397670344     
   5.18961375000000        5.79992125000000      -0.124737185324669     
   5.18961375000000        6.10507500000000      -0.117087679977702     
   5.18961375000000        6.41022875000000      -0.110256561540334     
   5.18961375000000        6.71538250000000      -0.104267457200480     
   5.18961375000000        7.02053625000000      -9.900192129034031E-002
   5.18961375000000        7.32569000000000      -9.430189785617292E-002
   5.49476750000000       2.000000000000000E-003 -0.472465424911161     
   5.49476750000000       0.307153750000000      -0.464186509508823     
   5.49476750000000       0.612307500000000      -0.441645826474078     
   5.49476750000000       0.917461250000000      -0.409477844209277     
   5.49476750000000        1.22261500000000      -0.372527387725380     
   5.49476750000000        1.52776875000000      -0.335856244656588     
   5.49476750000000        1.83292250000000      -0.303194101958962     
   5.49476750000000        2.13807625000000      -0.276035905146146     
   5.49476750000000        2.44323000000000      -0.253950863011581     
   5.49476750000000        2.74838375000000      -0.235465741712432     
   5.49476750000000        3.05353750000000      -0.219074015159102     
   5.49476750000000        3.35869125000000      -0.203914701953156     
   5.49476750000000        3.66384500000000      -0.189865485811621     
   5.49476750000000        3.96899875000000      -0.177171852473098     
   5.49476750000000        4.27415250000000      -0.165981086192991     
   5.49476750000000        4.57930625000000      -0.156107153311334     
   5.49476750000000        4.88446000000000      -0.147126588193174     
   5.49476750000000        5.18961375000000      -0.138661248009800     
   5.49476750000000        5.49476750000000      -0.130594464236281     
   5.49476750000000        5.79992125000000      -0.123059503479689     
   5.49476750000000        6.10507500000000      -0.116248979243137     
   5.49476750000000        6.41022875000000      -0.110226433039309     
   5.49476750000000        6.71538250000000      -0.104881755622277     
   5.49476750000000        7.02053625000000      -0.100020652994123     
   5.49476750000000        7.32569000000000      -9.547909727173749E-002
   5.79992125000000       2.000000000000000E-003 -0.383959416221711     
   5.79992125000000       0.307153750000000      -0.378799382290463     
   5.79992125000000       0.612307500000000      -0.364610901448702     
   5.79992125000000       0.917461250000000      -0.344529859201292     
   5.79992125000000        1.22261500000000      -0.321832615812745     
   5.79992125000000        1.52776875000000      -0.298840132081653     
   5.79992125000000        1.83292250000000      -0.277019777221251     
   5.79992125000000        2.13807625000000      -0.257688731584940     
   5.79992125000000        2.44323000000000      -0.240649861218853     
   5.79992125000000        2.74838375000000      -0.225062780930589     
   5.79992125000000        3.05353750000000      -0.210269761922581     
   5.79992125000000        3.35869125000000      -0.196180818354854     
   5.79992125000000        3.66384500000000      -0.183117302586664     
   5.79992125000000        3.96899875000000      -0.171390598418817     
   5.79992125000000        4.27415250000000      -0.161019678072405     
   5.79992125000000        4.57930625000000      -0.151732826776930     
   5.79992125000000        4.88446000000000      -0.143173920869852     
   5.79992125000000        5.18961375000000      -0.135135772753403     
   5.79992125000000        5.49476750000000      -0.127648227199475     
   5.79992125000000        5.79992125000000      -0.120875327984421     
   5.79992125000000        6.10507500000000      -0.114927724809768     
   5.79992125000000        6.41022875000000      -0.109757722665712     
   5.79992125000000        6.71538250000000      -0.105183003458234     
   5.79992125000000        7.02053625000000      -0.100897243381612     
   5.79992125000000        7.32569000000000      -9.661826049348721E-002
   6.10507500000000       2.000000000000000E-003 -0.327459699505247     
   6.10507500000000       0.307153750000000      -0.323893035635394     
   6.10507500000000       0.612307500000000      -0.314337552836585     
   6.10507500000000       0.917461250000000      -0.301013511302147     
   6.10507500000000        1.22261500000000      -0.286033649608256     
   6.10507500000000        1.52776875000000      -0.270811351585954     
   6.10507500000000        1.83292250000000      -0.255775677134008     
   6.10507500000000        2.13807625000000      -0.241229127771268     
   6.10507500000000        2.44323000000000      -0.227225285208334     
   6.10507500000000        2.74838375000000      -0.213434127536515     
   6.10507500000000        3.05353750000000      -0.199838593098648     
   6.10507500000000        3.35869125000000      -0.186922960257402     
   6.10507500000000        3.66384500000000      -0.175245567177941     
   6.10507500000000        3.96899875000000      -0.164899121312738     
   6.10507500000000        4.27415250000000      -0.155580709491248     
   6.10507500000000        4.57930625000000      -0.146947412647751     
   6.10507500000000        4.88446000000000      -0.138806607265655     
   6.10507500000000        5.18961375000000      -0.131189867178566     
   6.10507500000000        5.49476750000000      -0.124280930732303     
   6.10507500000000        5.79992125000000      -0.118259829863875     
   6.10507500000000        6.10507500000000      -0.113176434077653     
   6.10507500000000        6.41022875000000      -0.108928620695277     
   6.10507500000000        6.71538250000000      -0.105262881533951     
   6.10507500000000        7.02053625000000      -0.101746966370580     
   6.10507500000000        7.32569000000000      -9.782143373212904E-002
   6.41022875000000       2.000000000000000E-003 -0.290795536921017     
   6.41022875000000       0.307153750000000      -0.288338111735465     
   6.41022875000000       0.612307500000000      -0.281919772251692     
   6.41022875000000       0.917461250000000      -0.272549801881218     
   6.41022875000000        1.22261500000000      -0.261425498682035     
   6.41022875000000        1.52776875000000      -0.249788930209512     
   6.41022875000000        1.83292250000000      -0.237928835642144     
   6.41022875000000        2.13807625000000      -0.225791306941688     
   6.41022875000000        2.44323000000000      -0.213395374828075     
   6.41022875000000        2.74838375000000      -0.200617625041517     
   6.41022875000000        3.05353750000000      -0.187841000610639     
   6.41022875000000        3.35869125000000      -0.176196351933107     
   6.41022875000000        3.66384500000000      -0.166454765691399     
   6.41022875000000        3.96899875000000      -0.158088612944350     
   6.41022875000000        4.27415250000000      -0.150079366744227     
   6.41022875000000        4.57930625000000      -0.142073319306355     
   6.41022875000000        4.88446000000000      -0.134267421350565     
   6.41022875000000        5.18961375000000      -0.127009438366860     
   6.41022875000000        5.49476750000000      -0.120621789253408     
   6.41022875000000        5.79992125000000      -0.115299462192666     
   6.41022875000000        6.10507500000000      -0.111082030780757     
   6.41022875000000        6.41022875000000      -0.107756736401331     
   6.41022875000000        6.71538250000000      -0.104992240677772     
   6.41022875000000        7.02053625000000      -0.102391296490877     
   6.41022875000000        7.32569000000000      -9.900025328478010E-002
   6.71538250000000       2.000000000000000E-003 -0.262932613175991     
   6.71538250000000       0.307153750000000      -0.262082876050581     
   6.71538250000000       0.612307500000000      -0.260135646776927     
   6.71538250000000       0.917461250000000      -0.253557060187605     
   6.71538250000000        1.22261500000000      -0.243568767637508     
   6.71538250000000        1.52776875000000      -0.232822654282473     
   6.71538250000000        1.83292250000000      -0.222008780897400     
   6.71538250000000        2.13807625000000      -0.210894767512422     
   6.71538250000000        2.44323000000000      -0.199397141844726     
   6.71538250000000        2.74838375000000      -0.187245198028434     
   6.71538250000000        3.05353750000000      -0.175254529648253     
   6.71538250000000        3.35869125000000      -0.165279426099387     
   6.71538250000000        3.66384500000000      -0.158357746688720     
   6.71538250000000        3.96899875000000      -0.152334694328950     
   6.71538250000000        4.27415250000000      -0.145375025163252     
   6.71538250000000        4.57930625000000      -0.137564573335887     
   6.71538250000000        4.88446000000000      -0.129787193863394     
   6.71538250000000        5.18961375000000      -0.122741263362303     
   6.71538250000000        5.49476750000000      -0.116760056639365     
   6.71538250000000        5.79992125000000      -0.112102361716978     
   6.71538250000000        6.10507500000000      -0.108764476670240     
   6.71538250000000        6.41022875000000      -0.106334016321469     
   6.71538250000000        6.71538250000000      -0.104178830566028     
   6.71538250000000        7.02053625000000      -0.102297493355269     
   6.71538250000000        7.32569000000000      -9.990540895972386E-002
   7.02053625000000       2.000000000000000E-003 -0.244778805722907     
   7.02053625000000       0.307153750000000      -0.246456856679952     
   7.02053625000000       0.612307500000000      -0.247647512812895     
   7.02053625000000       0.917461250000000      -0.240153812428764     
   7.02053625000000        1.22261500000000      -0.228870009183222     
   7.02053625000000        1.52776875000000      -0.217622979462492     
   7.02053625000000        1.83292250000000      -0.207029370828062     
   7.02053625000000        2.13807625000000      -0.196637478387112     
   7.02053625000000        2.44323000000000      -0.186043859309583     
   7.02053625000000        2.74838375000000      -0.174945398486314     
   7.02053625000000        3.05353750000000      -0.164435695464003     
   7.02053625000000        3.35869125000000      -0.157304543715107     
   7.02053625000000        3.66384500000000      -0.154063361216414     
   7.02053625000000        3.96899875000000      -0.148808714088219     
   7.02053625000000        4.27415250000000      -0.141796031704593     
   7.02053625000000        4.57930625000000      -0.133555125939024     
   7.02053625000000        4.88446000000000      -0.125438134266167     
   7.02053625000000        5.18961375000000      -0.118431805599571     
   7.02053625000000        5.49476750000000      -0.112754825648075     
   7.02053625000000        5.79992125000000      -0.108716552307080     
   7.02053625000000        6.10507500000000      -0.106258314833829     
   7.02053625000000        6.41022875000000      -0.104893772904125     
   7.02053625000000        6.71538250000000      -0.103502673414515     
   7.02053625000000        7.02053625000000      -0.101626659092432     
   7.02053625000000        7.32569000000000      -0.100335879418308     
   7.32569000000000       2.000000000000000E-003 -0.232628811619413     
   7.32569000000000       0.307153750000000      -0.243769917811976     
   7.32569000000000       0.612307500000000      -0.239391540421391     
   7.32569000000000       0.917461250000000      -0.226974547806677     
   7.32569000000000        1.22261500000000      -0.214255805539643     
   7.32569000000000        1.52776875000000      -0.202935077664573     
   7.32569000000000        1.83292250000000      -0.192839756220287     
   7.32569000000000        2.13807625000000      -0.183486847880882     
   7.32569000000000        2.44323000000000      -0.174288909655544     
   7.32569000000000        2.74838375000000      -0.165213233665805     
   7.32569000000000        3.05353750000000      -0.157601462156111     
   7.32569000000000        3.35869125000000      -0.153804693770132     
   7.32569000000000        3.66384500000000      -0.150969114761452     
   7.32569000000000        3.96899875000000      -0.145012124845948     
   7.32569000000000        4.27415250000000      -0.138199121445650     
   7.32569000000000        4.57930625000000      -0.129393758897255     
   7.32569000000000        4.88446000000000      -0.120965396492621     
   7.32569000000000        5.18961375000000      -0.114035281807475     
   7.32569000000000        5.49476750000000      -0.108646764655524     
   7.32569000000000        5.79992125000000      -0.105077534559665     
   7.32569000000000        6.10507500000000      -0.103280227421090     
   7.32569000000000        6.41022875000000      -0.102879467791348     
   7.32569000000000        6.71538250000000      -0.102951812137497     
   7.32569000000000        7.02053625000000      -0.101762632773090     
   7.32569000000000        7.32569000000000      -9.813481656242268E-002
