  2.000000000000000E-003  2.000000000000000E-003 -3.890105615742855E-002
  2.000000000000000E-003  0.307153750000000      -3.134590718218943E-002
  2.000000000000000E-003  0.612307500000000      -2.810179453641505E-002
  2.000000000000000E-003  0.917461250000000      -2.527117625963203E-002
  2.000000000000000E-003   1.22261500000000      -2.437684403942156E-002
  2.000000000000000E-003   1.52776875000000      -2.436791692572242E-002
  2.000000000000000E-003   1.83292250000000      -2.432625058285314E-002
  2.000000000000000E-003   2.13807625000000      -2.387111743610861E-002
  2.000000000000000E-003   2.44323000000000      -2.294786572484872E-002
  2.000000000000000E-003   2.74838375000000      -2.179112390301332E-002
  2.000000000000000E-003   3.05353750000000      -2.065574841178791E-002
  2.000000000000000E-003   3.35869125000000      -1.980441561311420E-002
  2.000000000000000E-003   3.66384500000000      -1.885211498046184E-002
  2.000000000000000E-003   3.96899875000000      -1.987526872079063E-002
  2.000000000000000E-003   4.27415250000000      -1.999894477708038E-002
  2.000000000000000E-003   4.57930625000000      -1.909775539690152E-002
  2.000000000000000E-003   4.88446000000000      -1.768844231835006E-002
  2.000000000000000E-003   5.18961375000000      -1.618023033003533E-002
  2.000000000000000E-003   5.49476750000000      -1.477258245790464E-002
  2.000000000000000E-003   5.79992125000000      -1.347435323855314E-002
  2.000000000000000E-003   6.10507500000000      -1.236931289503163E-002
  2.000000000000000E-003   6.41022875000000      -1.156235492044636E-002
  2.000000000000000E-003   6.71538250000000      -1.111734304299703E-002
  2.000000000000000E-003   7.02053625000000      -1.091344068479423E-002
  2.000000000000000E-003   7.32569000000000      -1.042574602955280E-002
  0.307153750000000       2.000000000000000E-003 -5.301915408528369E-002
  0.307153750000000       0.307153750000000      -4.577227097545278E-002
  0.307153750000000       0.612307500000000      -3.592631922088189E-002
  0.307153750000000       0.917461250000000      -3.047191303544339E-002
  0.307153750000000        1.22261500000000      -2.830316400161992E-002
  0.307153750000000        1.52776875000000      -2.733534973349090E-002
  0.307153750000000        1.83292250000000      -2.643803556882535E-002
  0.307153750000000        2.13807625000000      -2.525628048547046E-002
  0.307153750000000        2.44323000000000      -2.367497522267244E-002
  0.307153750000000        2.74838375000000      -2.202357071393992E-002
  0.307153750000000        3.05353750000000      -2.066076670385339E-002
  0.307153750000000        3.35869125000000      -1.984039471238259E-002
  0.307153750000000        3.66384500000000      -1.992032361954224E-002
  0.307153750000000        3.96899875000000      -2.106714684636300E-002
  0.307153750000000        4.27415250000000      -2.096802599939311E-002
  0.307153750000000        4.57930625000000      -1.971517804216318E-002
  0.307153750000000        4.88446000000000      -1.805019679869919E-002
  0.307153750000000        5.18961375000000      -1.645116678768315E-002
  0.307153750000000        5.49476750000000      -1.504390050836518E-002
  0.307153750000000        5.79992125000000      -1.387688177572616E-002
  0.307153750000000        6.10507500000000      -1.309999189360268E-002
  0.307153750000000        6.41022875000000      -1.286865549493116E-002
  0.307153750000000        6.71538250000000      -1.291574520766882E-002
  0.307153750000000        7.02053625000000      -1.119568455274650E-002
  0.307153750000000        7.32569000000000      -1.110629292494745E-002
  0.612307500000000       2.000000000000000E-003 -5.807353528104115E-002
  0.612307500000000       0.307153750000000      -5.317759506572880E-002
  0.612307500000000       0.612307500000000      -4.426694747028410E-002
  0.612307500000000       0.917461250000000      -3.791506431374041E-002
  0.612307500000000        1.22261500000000      -3.425501421040718E-002
  0.612307500000000        1.52776875000000      -3.174139853693133E-002
  0.612307500000000        1.83292250000000      -2.951584658286793E-002
  0.612307500000000        2.13807625000000      -2.724773729129690E-002
  0.612307500000000        2.44323000000000      -2.487352730611420E-002
  0.612307500000000        2.74838375000000      -2.260172157977159E-002
  0.612307500000000        3.05353750000000      -2.092026323492780E-002
  0.612307500000000        3.35869125000000      -2.017839156519143E-002
  0.612307500000000        3.66384500000000      -2.052508729227991E-002
  0.612307500000000        3.96899875000000      -2.119621438260784E-002
  0.612307500000000        4.27415250000000      -2.092882833935985E-002
  0.612307500000000        4.57930625000000      -1.969233343027925E-002
  0.612307500000000        4.88446000000000      -1.805220482035933E-002
  0.612307500000000        5.18961375000000      -1.651809174674417E-002
  0.612307500000000        5.49476750000000      -1.512793004862558E-002
  0.612307500000000        5.79992125000000      -1.396882380425783E-002
  0.612307500000000        6.10507500000000      -1.311439887618058E-002
  0.612307500000000        6.41022875000000      -1.241013124784401E-002
  0.612307500000000        6.71538250000000      -1.116434150573034E-002
  0.612307500000000        7.02053625000000      -9.255110957280151E-003
  0.612307500000000        7.32569000000000      -1.089457060111822E-002
  0.917461250000000       2.000000000000000E-003 -5.752909709405706E-002
  0.917461250000000       0.307153750000000      -5.531513872752730E-002
  0.917461250000000       0.612307500000000      -5.028400356458038E-002
  0.917461250000000       0.917461250000000      -4.518105366731923E-002
  0.917461250000000        1.22261500000000      -4.082747027141100E-002
  0.917461250000000        1.52776875000000      -3.695283692414583E-002
  0.917461250000000        1.83292250000000      -3.333493921203979E-002
  0.917461250000000        2.13807625000000      -2.988493277669204E-002
  0.917461250000000        2.44323000000000      -2.670346078225801E-002
  0.917461250000000        2.74838375000000      -2.392809888012227E-002
  0.917461250000000        3.05353750000000      -2.183720466619304E-002
  0.917461250000000        3.35869125000000      -2.081565444530273E-002
  0.917461250000000        3.66384500000000      -2.071270733743762E-002
  0.917461250000000        3.96899875000000      -2.081733787379813E-002
  0.917461250000000        4.27415250000000      -2.036244627221463E-002
  0.917461250000000        4.57930625000000      -1.922043192364940E-002
  0.917461250000000        4.88446000000000      -1.781050772870497E-002
  0.917461250000000        5.18961375000000      -1.638660021892723E-002
  0.917461250000000        5.49476750000000      -1.502187123421733E-002
  0.917461250000000        5.79992125000000      -1.379896397709525E-002
  0.917461250000000        6.10507500000000      -1.273535286407741E-002
  0.917461250000000        6.41022875000000      -1.162003597449211E-002
  0.917461250000000        6.71538250000000      -1.019936875506834E-002
  0.917461250000000        7.02053625000000      -9.138809577008468E-003
  0.917461250000000        7.32569000000000      -9.884886926364311E-003
   1.22261500000000       2.000000000000000E-003 -6.072495118108390E-002
   1.22261500000000       0.307153750000000      -5.958815607487908E-002
   1.22261500000000       0.612307500000000      -5.646999624604344E-002
   1.22261500000000       0.917461250000000      -5.223967200416352E-002
   1.22261500000000        1.22261500000000      -4.750115936049169E-002
   1.22261500000000        1.52776875000000      -4.256701090725853E-002
   1.22261500000000        1.83292250000000      -3.771490387232496E-002
   1.22261500000000        2.13807625000000      -3.315508079055269E-002
   1.22261500000000        2.44323000000000      -2.912467136048200E-002
   1.22261500000000        2.74838375000000      -2.582137654312424E-002
   1.22261500000000        3.05353750000000      -2.335249363524570E-002
   1.22261500000000        3.35869125000000      -2.178211873127954E-002
   1.22261500000000        3.66384500000000      -2.099758992222673E-002
   1.22261500000000        3.96899875000000      -2.048776611772768E-002
   1.22261500000000        4.27415250000000      -1.975925974240538E-002
   1.22261500000000        4.57930625000000      -1.871535580893277E-002
   1.22261500000000        4.88446000000000      -1.746285699022513E-002
   1.22261500000000        5.18961375000000      -1.612083534808067E-002
   1.22261500000000        5.49476750000000      -1.479840721656835E-002
   1.22261500000000        5.79992125000000      -1.356577844996995E-002
   1.22261500000000        6.10507500000000      -1.243363742993308E-002
   1.22261500000000        6.41022875000000      -1.130297488389839E-002
   1.22261500000000        6.71538250000000      -1.015872129477556E-002
   1.22261500000000        7.02053625000000      -9.396088121312965E-003
   1.22261500000000        7.32569000000000      -9.409722045086029E-003
   1.52776875000000       2.000000000000000E-003 -6.731790842085901E-002
   1.52776875000000       0.307153750000000      -6.640563674548772E-002
   1.52776875000000       0.612307500000000      -6.371035292167258E-002
   1.52776875000000       0.917461250000000      -5.953395882349115E-002
   1.52776875000000        1.22261500000000      -5.429641298960192E-002
   1.52776875000000        1.52776875000000      -4.848285603684858E-002
   1.52776875000000        1.83292250000000      -4.258279996969839E-002
   1.52776875000000        2.13807625000000      -3.697726906719301E-002
   1.52776875000000        2.44323000000000      -3.204214005964601E-002
   1.52776875000000        2.74838375000000      -2.802786992985935E-002
   1.52776875000000        3.05353750000000      -2.500874521411009E-002
   1.52776875000000        3.35869125000000      -2.290164935017598E-002
   1.52776875000000        3.66384500000000      -2.148375785591267E-002
   1.52776875000000        3.96899875000000      -2.042635881247374E-002
   1.52776875000000        4.27415250000000      -1.942545255821140E-002
   1.52776875000000        4.57930625000000      -1.832155729421298E-002
   1.52776875000000        4.88446000000000      -1.709346749010589E-002
   1.52776875000000        5.18961375000000      -1.580271357172172E-002
   1.52776875000000        5.49476750000000      -1.454427663028892E-002
   1.52776875000000        5.79992125000000      -1.339147231349237E-002
   1.52776875000000        6.10507500000000      -1.234341303231269E-002
   1.52776875000000        6.41022875000000      -1.137140804080372E-002
   1.52776875000000        6.71538250000000      -1.048697337672514E-002
   1.52776875000000        7.02053625000000      -9.837115659091965E-003
   1.52776875000000        7.32569000000000      -9.517985941219390E-003
   1.83292250000000       2.000000000000000E-003 -7.573972562498220E-002
   1.83292250000000       0.307153750000000      -7.470548535926137E-002
   1.83292250000000       0.612307500000000      -7.168037641963855E-002
   1.83292250000000       0.917461250000000      -6.701707700224976E-002
   1.83292250000000        1.22261500000000      -6.115969459371266E-002
   1.83292250000000        1.52776875000000      -5.456085202011762E-002
   1.83292250000000        1.83292250000000      -4.769900137382258E-002
   1.83292250000000        2.13807625000000      -4.110489799844880E-002
   1.83292250000000        2.44323000000000      -3.525473722507540E-002
   1.83292250000000        2.74838375000000      -3.044458574139397E-002
   1.83292250000000        3.05353750000000      -2.674216351816162E-002
   1.83292250000000        3.35869125000000      -2.402438201455813E-002
   1.83292250000000        3.66384500000000      -2.205145250387515E-002
   1.83292250000000        3.96899875000000      -2.054344244478646E-002
   1.83292250000000        4.27415250000000      -1.925231832404540E-002
   1.83292250000000        4.57930625000000      -1.801255147544554E-002
   1.83292250000000        4.88446000000000      -1.675694049103610E-002
   1.83292250000000        5.18961375000000      -1.550479638148310E-002
   1.83292250000000        5.49476750000000      -1.432699561898640E-002
   1.83292250000000        5.79992125000000      -1.329230687116845E-002
   1.83292250000000        6.10507500000000      -1.241850422818556E-002
   1.83292250000000        6.41022875000000      -1.166548385128535E-002
   1.83292250000000        6.71538250000000      -1.099531235469273E-002
   1.83292250000000        7.02053625000000      -1.043518482158455E-002
   1.83292250000000        7.32569000000000      -1.000244034668956E-002
   2.13807625000000       2.000000000000000E-003 -8.542276920240052E-002
   2.13807625000000       0.307153750000000      -8.393702559346898E-002
   2.13807625000000       0.612307500000000      -7.997574013242695E-002
   2.13807625000000       0.917461250000000      -7.436492238768976E-002
   2.13807625000000        1.22261500000000      -6.766966407582735E-002
   2.13807625000000        1.52776875000000      -6.025544595651891E-002
   2.13807625000000        1.83292250000000      -5.255261643451994E-002
   2.13807625000000        2.13807625000000      -4.510480879035462E-002
   2.13807625000000        2.44323000000000      -3.842837901766786E-002
   2.13807625000000        2.74838375000000      -3.285385477698423E-002
   2.13807625000000        3.05353750000000      -2.846428807508232E-002
   2.13807625000000        3.35869125000000      -2.513924892053341E-002
   2.13807625000000        3.66384500000000      -2.264718494831727E-002
   2.13807625000000        3.96899875000000      -2.073129297997683E-002
   2.13807625000000        4.27415250000000      -1.916533291957589E-002
   2.13807625000000        4.57930625000000      -1.778174071502719E-002
   2.13807625000000        4.88446000000000      -1.648818255841486E-002
   2.13807625000000        5.18961375000000      -1.527276276971420E-002
   2.13807625000000        5.49476750000000      -1.418260450141937E-002
   2.13807625000000        5.79992125000000      -1.327639700831809E-002
   2.13807625000000        6.10507500000000      -1.257460133504964E-002
   2.13807625000000        6.41022875000000      -1.203878800942140E-002
   2.13807625000000        6.71538250000000      -1.159182155388943E-002
   2.13807625000000        7.02053625000000      -1.115761515271252E-002
   2.13807625000000        7.32569000000000      -1.069354362781085E-002
   2.44323000000000       2.000000000000000E-003 -9.767728807259382E-002
   2.44323000000000       0.307153750000000      -9.494761331342594E-002
   2.44323000000000       0.612307500000000      -8.840348260433489E-002
   2.44323000000000       0.917461250000000      -8.080037263065588E-002
   2.44323000000000        1.22261500000000      -7.296000223830149E-002
   2.44323000000000        1.52776875000000      -6.483434595314377E-002
   2.44323000000000        1.83292250000000      -5.653792797038031E-002
   2.44323000000000        2.13807625000000      -4.848837521885434E-002
   2.44323000000000        2.44323000000000      -4.118606057077912E-002
   2.44323000000000        2.74838375000000      -3.498656088290977E-002
   2.44323000000000        3.05353750000000      -3.000393389281240E-002
   2.44323000000000        3.35869125000000      -2.614441275526702E-002
   2.44323000000000        3.66384500000000      -2.319960527264853E-002
   2.44323000000000        3.96899875000000      -2.093310634029635E-002
   2.44323000000000        4.27415250000000      -1.913102356535513E-002
   2.44323000000000        4.57930625000000      -1.762227716279092E-002
   2.44323000000000        4.88446000000000      -1.629621406197318E-002
   2.44323000000000        5.18961375000000      -1.511707682000131E-002
   2.44323000000000        5.49476750000000      -1.411200695564485E-002
   2.44323000000000        5.79992125000000      -1.333016459648198E-002
   2.44323000000000        6.10507500000000      -1.279345957248947E-002
   2.44323000000000        6.41022875000000      -1.246623355757029E-002
   2.44323000000000        6.71538250000000      -1.224879389113706E-002
   2.44323000000000        7.02053625000000      -1.197651316422481E-002
   2.44323000000000        7.32569000000000      -1.147845518283459E-002
   2.74838375000000       2.000000000000000E-003 -0.110404008498209     
   2.74838375000000       0.307153750000000      -0.105949207733940     
   2.74838375000000       0.612307500000000      -9.604909416082283E-002
   2.74838375000000       0.917461250000000      -8.553211001309124E-002
   2.74838375000000        1.22261500000000      -7.634539870571705E-002
   2.74838375000000        1.52776875000000      -6.778454996796397E-002
   2.74838375000000        1.83292250000000      -5.924747198837878E-002
   2.74838375000000        2.13807625000000      -5.091908790987314E-002
   2.74838375000000        2.44323000000000      -4.325473618818064E-002
   2.74838375000000        2.74838375000000      -3.663374229960564E-002
   2.74838375000000        3.05353750000000      -3.121287898928366E-002
   2.74838375000000        3.35869125000000      -2.694023840435184E-002
   2.74838375000000        3.66384500000000      -2.364195989721728E-002
   2.74838375000000        3.96899875000000      -2.110449231758414E-002
   2.74838375000000        4.27415250000000      -1.912151935892511E-002
   2.74838375000000        4.57930625000000      -1.751690853566133E-002
   2.74838375000000        4.88446000000000      -1.616739045664805E-002
   2.74838375000000        5.18961375000000      -1.502076194053047E-002
   2.74838375000000        5.49476750000000      -1.408979179451649E-002
   2.74838375000000        5.79992125000000      -1.341949660325383E-002
   2.74838375000000        6.10507500000000      -1.304487092351484E-002
   2.74838375000000        6.41022875000000      -1.296746382136066E-002
   2.74838375000000        6.71538250000000      -1.304996174023272E-002
   2.74838375000000        7.02053625000000      -1.290732771882406E-002
   2.74838375000000        7.32569000000000      -1.225368115378475E-002
   3.05353750000000       2.000000000000000E-003 -0.119185028730565     
   3.05353750000000       0.307153750000000      -0.111976581014913     
   3.05353750000000       0.612307500000000      -9.862148902680692E-002
   3.05353750000000       0.917461250000000      -8.708204441900859E-002
   3.05353750000000        1.22261500000000      -7.759776666817735E-002
   3.05353750000000        1.52776875000000      -6.910007539736701E-002
   3.05353750000000        1.83292250000000      -6.067769395116990E-002
   3.05353750000000        2.13807625000000      -5.235376912910503E-002
   3.05353750000000        2.44323000000000      -4.456448553884559E-002
   3.05353750000000        2.74838375000000      -3.772061639269211E-002
   3.05353750000000        3.05353750000000      -3.202591071009684E-002
   3.05353750000000        3.35869125000000      -2.747482625794830E-002
   3.05353750000000        3.66384500000000      -2.393379774582955E-002
   3.05353750000000        3.96899875000000      -2.121436200416535E-002
   3.05353750000000        4.27415250000000      -1.911286412308673E-002
   3.05353750000000        4.57930625000000      -1.744551374214344E-002
   3.05353750000000        4.88446000000000      -1.608141603547685E-002
   3.05353750000000        5.18961375000000      -1.495934793651794E-002
   3.05353750000000        5.49476750000000      -1.408395646713952E-002
   3.05353750000000        5.79992125000000      -1.350215871968537E-002
   3.05353750000000        6.10507500000000      -1.327623194582030E-002
   3.05353750000000        6.41022875000000      -1.344611337770148E-002
   3.05353750000000        6.71538250000000      -1.374394472005696E-002
   3.05353750000000        7.02053625000000      -1.367615539059773E-002
   3.05353750000000        7.32569000000000      -1.275846869903420E-002
   3.35869125000000       2.000000000000000E-003 -0.117029777955744     
   3.35869125000000       0.307153750000000      -0.107850701268007     
   3.35869125000000       0.612307500000000      -9.471140361738595E-002
   3.35869125000000       0.917461250000000      -8.520269653476385E-002
   3.35869125000000        1.22261500000000      -7.725398253241814E-002
   3.35869125000000        1.52776875000000      -6.933223708754294E-002
   3.35869125000000        1.83292250000000      -6.120537975768241E-002
   3.35869125000000        2.13807625000000      -5.301384722620192E-002
   3.35869125000000        2.44323000000000      -4.523022602128514E-002
   3.35869125000000        2.74838375000000      -3.830030695911674E-002
   3.35869125000000        3.05353750000000      -3.246550599005244E-002
   3.35869125000000        3.35869125000000      -2.775655008854867E-002
   3.35869125000000        3.66384500000000      -2.407554903675787E-002
   3.35869125000000        3.96899875000000      -2.125775874611606E-002
   3.35869125000000        4.27415250000000      -1.909643405513488E-002
   3.35869125000000        4.57930625000000      -1.739769874280610E-002
   3.35869125000000        4.88446000000000      -1.602630806646919E-002
   3.35869125000000        5.18961375000000      -1.491769265664442E-002
   3.35869125000000        5.49476750000000      -1.407357415036641E-002
   3.35869125000000        5.79992125000000      -1.354433674673170E-002
   3.35869125000000        6.10507500000000      -1.341597101781171E-002
   3.35869125000000        6.41022875000000      -1.369508124021841E-002
   3.35869125000000        6.71538250000000      -1.402806457006127E-002
   3.35869125000000        7.02053625000000      -1.374637203230527E-002
   3.35869125000000        7.32569000000000      -1.256535730117496E-002
   3.66384500000000       2.000000000000000E-003 -0.102970733377885     
   3.66384500000000       0.307153750000000      -9.987127242661331E-002
   3.66384500000000       0.612307500000000      -9.086052923027239E-002
   3.66384500000000       0.917461250000000      -8.365299556057079E-002
   3.66384500000000        1.22261500000000      -7.682021011752226E-002
   3.66384500000000        1.52776875000000      -6.928847707874414E-002
   3.66384500000000        1.83292250000000      -6.131478091640463E-002
   3.66384500000000        2.13807625000000      -5.319239202682032E-002
   3.66384500000000        2.44323000000000      -4.542484193017397E-002
   3.66384500000000        2.74838375000000      -3.847423797135064E-002
   3.66384500000000        3.05353750000000      -3.259627158263370E-002
   3.66384500000000        3.35869125000000      -2.783489188402278E-002
   3.66384500000000        3.66384500000000      -2.410723474049790E-002
   3.66384500000000        3.96899875000000      -2.125970980728854E-002
   3.66384500000000        4.27415250000000      -1.908187554128088E-002
   3.66384500000000        4.57930625000000      -1.737411751946584E-002
   3.66384500000000        4.88446000000000      -1.599957772040361E-002
   3.66384500000000        5.18961375000000      -1.489278576836093E-002
   3.66384500000000        5.49476750000000      -1.405447258283773E-002
   3.66384500000000        5.79992125000000      -1.353464598475946E-002
   3.66384500000000        6.10507500000000      -1.341826717480450E-002
   3.66384500000000        6.41022875000000      -1.368079239893699E-002
   3.66384500000000        6.71538250000000      -1.389353621271800E-002
   3.66384500000000        7.02053625000000      -1.312970985336926E-002
   3.66384500000000        7.32569000000000      -1.158807921694135E-002
   3.96899875000000       2.000000000000000E-003 -0.117030523756764     
   3.96899875000000       0.307153750000000      -0.107996729948153     
   3.96899875000000       0.612307500000000      -9.485942942060159E-002
   3.96899875000000       0.917461250000000      -8.530741112554617E-002
   3.96899875000000        1.22261500000000      -7.731681498176980E-002
   3.96899875000000        1.52776875000000      -6.936740796364728E-002
   3.96899875000000        1.83292250000000      -6.122358451387613E-002
   3.96899875000000        2.13807625000000      -5.301958225375277E-002
   3.96899875000000        2.44323000000000      -4.522681089378348E-002
   3.96899875000000        2.74838375000000      -3.829063014479235E-002
   3.96899875000000        3.05353750000000      -3.245188359310103E-002
   3.96899875000000        3.35869125000000      -2.774062883146270E-002
   3.96899875000000        3.66384500000000      -2.405835217899559E-002
   3.96899875000000        3.96899875000000      -2.123978904415572E-002
   3.96899875000000        4.27415250000000      -1.907769319641502E-002
   3.96899875000000        4.57930625000000      -1.737753546083977E-002
   3.96899875000000        4.88446000000000      -1.600315842079389E-002
   3.96899875000000        5.18961375000000      -1.488879578869208E-002
   3.96899875000000        5.49476750000000      -1.403424651261879E-002
   3.96899875000000        5.79992125000000      -1.348509908763433E-002
   3.96899875000000        6.10507500000000      -1.331127202487214E-002
   3.96899875000000        6.41022875000000      -1.350429265294800E-002
   3.96899875000000        6.71538250000000      -1.372652926288876E-002
   3.96899875000000        7.02053625000000      -1.339519128281226E-002
   3.96899875000000        7.32569000000000      -1.237473471584625E-002
   4.27415250000000       2.000000000000000E-003 -0.119186051736831     
   4.27415250000000       0.307153750000000      -0.112124418558381     
   4.27415250000000       0.612307500000000      -9.880267767957439E-002
   4.27415250000000       0.917461250000000      -8.722532366786254E-002
   4.27415250000000        1.22261500000000      -7.768761154038725E-002
   4.27415250000000        1.52776875000000      -6.915251258366995E-002
   4.27415250000000        1.83292250000000      -6.070278857114037E-002
   4.27415250000000        2.13807625000000      -5.235742255372743E-002
   4.27415250000000        2.44323000000000      -4.455205381455462E-002
   4.27415250000000        2.74838375000000      -3.769709655570130E-002
   4.27415250000000        3.05353750000000      -3.199542485011905E-002
   4.27415250000000        3.35869125000000      -2.744037328578671E-002
   4.27415250000000        3.66384500000000      -2.389736498479439E-002
   4.27415250000000        3.96899875000000      -2.117718365611940E-002
   4.27415250000000        4.27415250000000      -1.907549017616984E-002
   4.27415250000000        4.57930625000000      -1.740756105317492E-002
   4.27415250000000        4.88446000000000      -1.604107613107120E-002
   4.27415250000000        5.18961375000000      -1.491282755233247E-002
   4.27415250000000        5.49476750000000      -1.402456526685419E-002
   4.27415250000000        5.79992125000000      -1.341740717648794E-002
   4.27415250000000        6.10507500000000      -1.313804755122232E-002
   4.27415250000000        6.41022875000000      -1.320210580423349E-002
   4.27415250000000        6.71538250000000      -1.338037761959219E-002
   4.27415250000000        7.02053625000000      -1.326823602692229E-002
   4.27415250000000        7.32569000000000      -1.247198487672990E-002
   4.57930625000000       2.000000000000000E-003 -0.110404857314474     
   4.57930625000000       0.307153750000000      -0.106050528673611     
   4.57930625000000       0.612307500000000      -9.618742360665131E-002
   4.57930625000000       0.917461250000000      -8.564856861935218E-002
   4.57930625000000        1.22261500000000      -7.642410446549604E-002
   4.57930625000000        1.52776875000000      -6.782908521466717E-002
   4.57930625000000        1.83292250000000      -5.926153756269271E-002
   4.57930625000000        2.13807625000000      -5.090737266416458E-002
   4.57930625000000        2.44323000000000      -4.322308418940917E-002
   4.57930625000000        2.74838375000000      -3.658823262936194E-002
   4.57930625000000        3.05353750000000      -3.115881459630549E-002
   4.57930625000000        3.35869125000000      -2.688168653967654E-002
   4.57930625000000        3.66384500000000      -2.358191472515889E-002
   4.57930625000000        3.96899875000000      -2.104527289992994E-002
   4.57930625000000        4.27415250000000      -1.906499632201862E-002
   4.57930625000000        4.57930625000000      -1.746426813797806E-002
   4.57930625000000        4.88446000000000      -1.611846119842117E-002
   4.57930625000000        5.18961375000000      -1.497312736929543E-002
   4.57930625000000        5.49476750000000      -1.403801993764724E-002
   4.57930625000000        5.79992125000000      -1.335388331946172E-002
   4.57930625000000        6.10507500000000      -1.294819605513434E-002
   4.57930625000000        6.41022875000000      -1.281039677339875E-002
   4.57930625000000        6.71538250000000      -1.282075247804605E-002
   4.57930625000000        7.02053625000000      -1.266388336529906E-002
   4.57930625000000        7.32569000000000      -1.208874750459776E-002
   4.88446000000000       2.000000000000000E-003 -9.767808558799877E-002
   4.88446000000000       0.307153750000000      -9.499972558888098E-002
   4.88446000000000       0.612307500000000      -8.847617903189230E-002
   4.88446000000000       0.917461250000000      -8.086537143796360E-002
   4.88446000000000        1.22261500000000      -7.300277092213328E-002
   4.88446000000000        1.52776875000000      -6.484884158234897E-002
   4.88446000000000        1.83292250000000      -5.652300541099100E-002
   4.88446000000000        2.13807625000000      -4.844663386777916E-002
   4.88446000000000        2.44323000000000      -4.112277881929641E-002
   4.88446000000000        2.74838375000000      -3.490820533941838E-002
   4.88446000000000        3.05353750000000      -2.991677973015161E-002
   4.88446000000000        3.35869125000000      -2.605375461819992E-002
   4.88446000000000        3.66384500000000      -2.310970619480189E-002
   4.88446000000000        3.96899875000000      -2.084767002685153E-002
   4.88446000000000        4.27415250000000      -1.905369564526847E-002
   4.88446000000000        4.57930625000000      -1.755670444837218E-002
   4.88446000000000        4.88446000000000      -1.624529425383178E-002
   4.88446000000000        5.18961375000000      -1.508171953963477E-002
   4.88446000000000        5.49476750000000      -1.409024548025775E-002
   4.88446000000000        5.79992125000000      -1.331706613856221E-002
   4.88446000000000        6.10507500000000      -1.278161956431579E-002
   4.88446000000000        6.41022875000000      -1.244757868136102E-002
   4.88446000000000        6.71538250000000      -1.222178826899418E-002
   4.88446000000000        7.02053625000000      -1.195982790850267E-002
   4.88446000000000        7.32569000000000      -1.150680329790118E-002
   5.18961375000000       2.000000000000000E-003 -8.542348666175310E-002
   5.18961375000000       0.307153750000000      -8.394859989800600E-002
   5.18961375000000       0.612307500000000      -7.999083208446366E-002
   5.18961375000000       0.917461250000000      -7.437381729615296E-002
   5.18961375000000        1.22261500000000      -6.766324463073317E-002
   5.18961375000000        1.52776875000000      -6.022635297495298E-002
   5.18961375000000        1.83292250000000      -5.249665940294920E-002
   5.18961375000000        2.13807625000000      -4.502199641415900E-002
   5.18961375000000        2.44323000000000      -3.832273354663739E-002
   5.18961375000000        2.74838375000000      -3.273212247319222E-002
   5.18961375000000        3.05353750000000      -2.833424919220115E-002
   5.18961375000000        3.35869125000000      -2.500825533452275E-002
   5.18961375000000        3.66384500000000      -2.252136150472698E-002
   5.18961375000000        3.96899875000000      -2.061574271171891E-002
   5.18961375000000        4.27415250000000      -1.906512185133090E-002
   5.18961375000000        4.57930625000000      -1.770271433310664E-002
   5.18961375000000        4.88446000000000      -1.643661231211339E-002
   5.18961375000000        5.18961375000000      -1.525381234512341E-002
   5.18961375000000        5.49476750000000      -1.419890219279601E-002
   5.18961375000000        5.79992125000000      -1.332801108918066E-002
   5.18961375000000        6.10507500000000      -1.266047245581133E-002
   5.18961375000000        6.41022875000000      -1.215845035757601E-002
   5.18961375000000        6.71538250000000      -1.174585129002700E-002
   5.18961375000000        7.02053625000000      -1.134521047019901E-002
   5.18961375000000        7.32569000000000      -1.090652034778694E-002
   5.49476750000000       2.000000000000000E-003 -7.574029927473705E-002
   5.49476750000000       0.307153750000000      -7.467744152072421E-002
   5.49476750000000       0.612307500000000      -7.163445082368516E-002
   5.49476750000000       0.917461250000000      -6.696381798461770E-002
   5.49476750000000        1.22261500000000      -6.109959330091873E-002
   5.49476750000000        1.52776875000000      -5.448582964474949E-002
   5.49476750000000        1.83292250000000      -4.760021762561335E-002
   5.49476750000000        2.13807625000000      -4.097810413661000E-002
   5.49476750000000        2.44323000000000      -3.510190087719750E-002
   5.49476750000000        2.74838375000000      -3.027302639020135E-002
   5.49476750000000        3.05353750000000      -2.656243042010752E-002
   5.49476750000000        3.35869125000000      -2.384753485953755E-002
   5.49476750000000        3.66384500000000      -2.188655937678046E-002
   5.49476750000000        3.96899875000000      -2.039667865473680E-002
   5.49476750000000        4.27415250000000      -1.912857798134700E-002
   5.49476750000000        4.57930625000000      -1.791813400862050E-002
   5.49476750000000        4.88446000000000      -1.670050877195489E-002
   5.49476750000000        5.18961375000000      -1.549579202138100E-002
   5.49476750000000        5.49476750000000      -1.437336331296193E-002
   5.49476750000000        5.79992125000000      -1.339994234806526E-002
   5.49476750000000        6.10507500000000      -1.259294564610622E-002
   5.49476750000000        6.41022875000000      -1.191315991129190E-002
   5.49476750000000        6.71538250000000      -1.131654382084022E-002
   5.49476750000000        7.02053625000000      -1.080893547721288E-002
   5.49476750000000        7.32569000000000      -1.038734593593088E-002
   5.79992125000000       2.000000000000000E-003 -6.731813345189698E-002
   5.79992125000000       0.307153750000000      -6.632745964926667E-002
   5.79992125000000       0.612307500000000      -6.359172792924511E-002
   5.79992125000000       0.917461250000000      -5.941293528901066E-002
   5.79992125000000        1.22261500000000      -5.418571461698082E-002
   5.79992125000000        1.52776875000000      -4.837217413425136E-002
   5.79992125000000        1.83292250000000      -4.245181368188092E-002
   5.79992125000000        2.13807625000000      -3.681405690449231E-002
   5.79992125000000        2.44323000000000      -3.184543494064405E-002
   5.79992125000000        2.74838375000000      -2.780577984369647E-002
   5.79992125000000        3.05353750000000      -2.477617901292265E-002
   5.79992125000000        3.35869125000000      -2.267632285858176E-002
   5.79992125000000        3.66384500000000      -2.128034145533547E-002
   5.79992125000000        3.96899875000000      -2.025172230141471E-002
   5.79992125000000        4.27415250000000      -1.928094883945233E-002
   5.79992125000000        4.57930625000000      -1.821042358144188E-002
   5.79992125000000        4.88446000000000      -1.702482927533590E-002
   5.79992125000000        5.18961375000000      -1.578987999867282E-002
   5.79992125000000        5.49476750000000      -1.460117695454304E-002
   5.79992125000000        5.79992125000000      -1.353160822167944E-002
   5.79992125000000        6.10507500000000      -1.258306799147170E-002
   5.79992125000000        6.41022875000000      -1.171692190689095E-002
   5.79992125000000        6.71538250000000      -1.092995737671429E-002
   5.79992125000000        7.02053625000000      -1.034452234179521E-002
   5.79992125000000        7.32569000000000      -1.002515256212029E-002
   6.10507500000000       2.000000000000000E-003 -6.072453413318663E-002
   6.10507500000000       0.307153750000000      -5.944971981579376E-002
   6.10507500000000       0.612307500000000      -5.628131837838050E-002
   6.10507500000000       0.917461250000000      -5.207129988634338E-002
   6.10507500000000        1.22261500000000      -4.736739374850512E-002
   6.10507500000000        1.52776875000000      -4.244650607271385E-002
   6.10507500000000        1.83292250000000      -3.757477171253534E-002
   6.10507500000000        2.13807625000000      -3.297231342233358E-002
   6.10507500000000        2.44323000000000      -2.889372639667549E-002
   6.10507500000000        2.74838375000000      -2.555027180579765E-002
   6.10507500000000        3.05353750000000      -2.306112755148464E-002
   6.10507500000000        3.35869125000000      -2.150065440331592E-002
   6.10507500000000        3.66384500000000      -2.075550705639086E-002
   6.10507500000000        3.96899875000000      -2.029289835466044E-002
   6.10507500000000        4.27415250000000      -1.960143811823587E-002
   6.10507500000000        4.57930625000000      -1.858855999117432E-002
   6.10507500000000        4.88446000000000      -1.737482712275054E-002
   6.10507500000000        5.18961375000000      -1.608860332417389E-002
   6.10507500000000        5.49476750000000      -1.484211998547020E-002
   6.10507500000000        5.79992125000000      -1.370729114520693E-002
   6.10507500000000        6.10507500000000      -1.268943699136980E-002
   6.10507500000000        6.41022875000000      -1.167537781704909E-002
   6.10507500000000        6.71538250000000      -1.063865588662406E-002
   6.10507500000000        7.02053625000000      -9.956149755512522E-003
   6.10507500000000        7.32569000000000      -9.968259750826465E-003
   6.41022875000000       2.000000000000000E-003 -5.752775311721409E-002
   6.41022875000000       0.307153750000000      -5.511842356477240E-002
   6.41022875000000       0.612307500000000      -5.006259295943561E-002
   6.41022875000000       0.917461250000000      -4.502379905743175E-002
   6.41022875000000        1.22261500000000      -4.072868538692893E-002
   6.41022875000000        1.52776875000000      -3.687005582384677E-002
   6.41022875000000        1.83292250000000      -3.321867544796724E-002
   6.41022875000000        2.13807625000000      -2.970393045028148E-002
   6.41022875000000        2.44323000000000      -2.644859562919737E-002
   6.41022875000000        2.74838375000000      -2.360269655505348E-002
   6.41022875000000        3.05353750000000      -2.146806451742725E-002
   6.41022875000000        3.35869125000000      -2.046306719118609E-002
   6.41022875000000        3.66384500000000      -2.043139740211966E-002
   6.41022875000000        3.96899875000000      -2.061380620974477E-002
   6.41022875000000        4.27415250000000      -2.020312143143271E-002
   6.41022875000000        4.57930625000000      -1.908084728241766E-002
   6.41022875000000        4.88446000000000      -1.769779310817537E-002
   6.41022875000000        5.18961375000000      -1.632252621025963E-002
   6.41022875000000        5.49476750000000      -1.503165116646216E-002
   6.41022875000000        5.79992125000000      -1.391021338196716E-002
   6.41022875000000        6.10507500000000      -1.296812460586120E-002
   6.41022875000000        6.41022875000000      -1.196485977575045E-002
   6.41022875000000        6.71538250000000      -1.062291274405999E-002
   6.41022875000000        7.02053625000000      -9.631503688847024E-003
   6.41022875000000        7.32569000000000      -1.039892022972855E-002
   6.71538250000000       2.000000000000000E-003 -5.807124076307868E-002
   6.71538250000000       0.307153750000000      -5.295986910682919E-002
   6.71538250000000       0.612307500000000      -4.410245766969127E-002
   6.71538250000000       0.917461250000000      -3.784509663279823E-002
   6.71538250000000        1.22261500000000      -3.424958990352103E-002
   6.71538250000000        1.52776875000000      -3.174102722821153E-002
   6.71538250000000        1.83292250000000      -2.945656462060581E-002
   6.71538250000000        2.13807625000000      -2.708688797303351E-002
   6.71538250000000        2.44323000000000      -2.460067210299616E-002
   6.71538250000000        2.74838375000000      -2.221210572693999E-002
   6.71538250000000        3.05353750000000      -2.045543651878737E-002
   6.71538250000000        3.35869125000000      -1.973053802733962E-002
   6.71538250000000        3.66384500000000      -2.018919236957063E-002
   6.71538250000000        3.96899875000000      -2.098283559233195E-002
   6.71538250000000        4.27415250000000      -2.076993066629505E-002
   6.71538250000000        4.57930625000000      -1.953825691099909E-002
   6.71538250000000        4.88446000000000      -1.790974369370547E-002
   6.71538250000000        5.18961375000000      -1.641550356813071E-002
   6.71538250000000        5.49476750000000      -1.509281661445796E-002
   6.71538250000000        5.79992125000000      -1.404475631448511E-002
   6.71538250000000        6.10507500000000      -1.334060248959952E-002
   6.71538250000000        6.41022875000000      -1.277304568564991E-002
   6.71538250000000        6.71538250000000      -1.154344193408746E-002
   6.71538250000000        7.02053625000000      -9.572228617970710E-003
   6.71538250000000        7.32569000000000      -1.127552785135729E-002
   7.02053625000000       2.000000000000000E-003 -5.301637843737448E-002
   7.02053625000000       0.307153750000000      -4.561530440362995E-002
   7.02053625000000       0.612307500000000      -3.582393808225762E-002
   7.02053625000000       0.917461250000000      -3.047516392111916E-002
   7.02053625000000        1.22261500000000      -2.839273224077131E-002
   7.02053625000000        1.52776875000000      -2.742488544129545E-002
   7.02053625000000        1.83292250000000      -2.644575025035775E-002
   7.02053625000000        2.13807625000000      -2.512392761966200E-002
   7.02053625000000        2.44323000000000      -2.338776893453741E-002
   7.02053625000000        2.74838375000000      -2.157280584201613E-002
   7.02053625000000        3.05353750000000      -2.009355411836820E-002
   7.02053625000000        3.35869125000000      -1.928508415209217E-002
   7.02053625000000        3.66384500000000      -1.950122094822259E-002
   7.02053625000000        3.96899875000000      -2.080278631294620E-002
   7.02053625000000        4.27415250000000      -2.078036267545781E-002
   7.02053625000000        4.57930625000000      -1.953013832722010E-002
   7.02053625000000        4.88446000000000      -1.787052859361599E-002
   7.02053625000000        5.18961375000000      -1.630992813164229E-002
   7.02053625000000        5.49476750000000      -1.496908309766492E-002
   7.02053625000000        5.79992125000000      -1.393599908871815E-002
   7.02053625000000        6.10507500000000      -1.337818425875765E-002
   7.02053625000000        6.41022875000000      -1.343009585833222E-002
   7.02053625000000        6.71538250000000      -1.363375151810786E-002
   7.02053625000000        7.02053625000000      -1.159205147825821E-002
   7.02053625000000        7.32569000000000      -1.145798499448838E-002
   7.32569000000000       2.000000000000000E-003 -3.890178643559433E-002
   7.32569000000000       0.307153750000000      -3.105414139876085E-002
   7.32569000000000       0.612307500000000      -2.775626565071276E-002
   7.32569000000000       0.917461250000000      -2.521907378336516E-002
   7.32569000000000        1.22261500000000      -2.450297915852622E-002
   7.32569000000000        1.52776875000000      -2.451471557301323E-002
   7.32569000000000        1.83292250000000      -2.438152111707922E-002
   7.32569000000000        2.13807625000000      -2.376357577536349E-002
   7.32569000000000        2.44323000000000      -2.265630400916203E-002
   7.32569000000000        2.74838375000000      -2.130173993111992E-002
   7.32569000000000        3.05353750000000      -2.001589271250525E-002
   7.32569000000000        3.35869125000000      -1.918852568459774E-002
   7.32569000000000        3.66384500000000      -1.842776815067940E-002
   7.32569000000000        3.96899875000000      -1.949822912477413E-002
   7.32569000000000        4.27415250000000      -1.972688799763767E-002
   7.32569000000000        4.57930625000000      -1.885535822551839E-002
   7.32569000000000        4.88446000000000      -1.746731028733180E-002
   7.32569000000000        5.18961375000000      -1.600693267074669E-002
   7.32569000000000        5.49476750000000      -1.467167004605078E-002
   7.32569000000000        5.79992125000000      -1.352344940416604E-002
   7.32569000000000        6.10507500000000      -1.268500194476990E-002
   7.32569000000000        6.41022875000000      -1.229385737194538E-002
   7.32569000000000        6.71538250000000      -1.230952905159163E-002
   7.32569000000000        7.02053625000000      -1.192570588645677E-002
   7.32569000000000        7.32569000000000      -1.080726430970351E-002
