  2.000000000000000E-003  2.000000000000000E-003 -8.045132505686430E-002
  2.000000000000000E-003  0.307153750000000      -7.785000380654558E-002
  2.000000000000000E-003  0.612307500000000      -7.300001825275426E-002
  2.000000000000000E-003  0.917461250000000      -6.120375970366110E-002
  2.000000000000000E-003   1.22261500000000      -5.265892583869547E-002
  2.000000000000000E-003   1.52776875000000      -4.797293896457677E-002
  2.000000000000000E-003   1.83292250000000      -4.573133469654270E-002
  2.000000000000000E-003   2.13807625000000      -4.482806414976034E-002
  2.000000000000000E-003   2.44323000000000      -4.522993111742408E-002
  2.000000000000000E-003   2.74838375000000      -4.607240508815774E-002
  2.000000000000000E-003   3.05353750000000      -4.496761894972736E-002
  2.000000000000000E-003   3.35869125000000      -3.832290889066758E-002
  2.000000000000000E-003   3.66384500000000      -2.836422613189053E-002
  2.000000000000000E-003   3.96899875000000      -3.606654986776660E-002
  2.000000000000000E-003   4.27415250000000      -3.989581338806396E-002
  2.000000000000000E-003   4.57930625000000      -3.800621036688072E-002
  2.000000000000000E-003   4.88446000000000      -3.334980707629155E-002
  2.000000000000000E-003   5.18961375000000      -2.822438570879153E-002
  2.000000000000000E-003   5.49476750000000      -2.374153120152073E-002
  2.000000000000000E-003   5.79992125000000      -1.980044979405660E-002
  2.000000000000000E-003   6.10507500000000      -1.712269001208182E-002
  2.000000000000000E-003   6.41022875000000      -1.684530181670106E-002
  2.000000000000000E-003   6.71538250000000      -1.910708290429714E-002
  2.000000000000000E-003   7.02053625000000      -1.810996317862865E-002
  2.000000000000000E-003   7.32569000000000      -1.363361934059919E-002
  0.307153750000000       2.000000000000000E-003 -0.126594710229824     
  0.307153750000000       0.307153750000000      -8.638921772035092E-002
  0.307153750000000       0.612307500000000      -6.957172875998337E-002
  0.307153750000000       0.917461250000000      -6.090675312918486E-002
  0.307153750000000        1.22261500000000      -5.403358170303945E-002
  0.307153750000000        1.52776875000000      -4.960089512669143E-002
  0.307153750000000        1.83292250000000      -4.703053726912763E-002
  0.307153750000000        2.13807625000000      -4.559294723158809E-002
  0.307153750000000        2.44323000000000      -4.525132455019849E-002
  0.307153750000000        2.74838375000000      -4.540764059633131E-002
  0.307153750000000        3.05353750000000      -4.339725316134307E-002
  0.307153750000000        3.35869125000000      -3.590523942071837E-002
  0.307153750000000        3.66384500000000      -2.690757641015211E-002
  0.307153750000000        3.96899875000000      -3.080912315093344E-002
  0.307153750000000        4.27415250000000      -3.573813314595385E-002
  0.307153750000000        4.57930625000000      -3.544991962287602E-002
  0.307153750000000        4.88446000000000      -3.188730425016532E-002
  0.307153750000000        5.18961375000000      -2.759701910960957E-002
  0.307153750000000        5.49476750000000      -2.359825099203421E-002
  0.307153750000000        5.79992125000000      -2.007412875449492E-002
  0.307153750000000        6.10507500000000      -1.775130455088328E-002
  0.307153750000000        6.41022875000000      -1.748724252606217E-002
  0.307153750000000        6.71538250000000      -1.884700911680843E-002
  0.307153750000000        7.02053625000000      -1.763538792550111E-002
  0.307153750000000        7.32569000000000      -1.528937004647129E-002
  0.612307500000000       2.000000000000000E-003 -0.140424752603461     
  0.612307500000000       0.307153750000000      -0.109366767401815     
  0.612307500000000       0.612307500000000      -7.716066232098985E-002
  0.612307500000000       0.917461250000000      -6.355713250201497E-002
  0.612307500000000        1.22261500000000      -5.638006071254240E-002
  0.612307500000000        1.52776875000000      -5.159847095493335E-002
  0.612307500000000        1.83292250000000      -4.825781311722072E-002
  0.612307500000000        2.13807625000000      -4.571240713338811E-002
  0.612307500000000        2.44323000000000      -4.367682465614640E-002
  0.612307500000000        2.74838375000000      -4.183706612858595E-002
  0.612307500000000        3.05353750000000      -3.797345990125658E-002
  0.612307500000000        3.35869125000000      -3.101149086343998E-002
  0.612307500000000        3.66384500000000      -2.510741314063607E-002
  0.612307500000000        3.96899875000000      -2.634613051819192E-002
  0.612307500000000        4.27415250000000      -3.019675289531765E-002
  0.612307500000000        4.57930625000000      -3.122746048617113E-002
  0.612307500000000        4.88446000000000      -2.927254839798799E-002
  0.612307500000000        5.18961375000000      -2.635642795775642E-002
  0.612307500000000        5.49476750000000      -2.312706983615769E-002
  0.612307500000000        5.79992125000000      -2.012824665398621E-002
  0.612307500000000        6.10507500000000      -1.800407202951688E-002
  0.612307500000000        6.41022875000000      -1.705941493761455E-002
  0.612307500000000        6.71538250000000      -1.657926848771009E-002
  0.612307500000000        7.02053625000000      -1.547353041364726E-002
  0.612307500000000        7.32569000000000      -1.589237067112756E-002
  0.917461250000000       2.000000000000000E-003 -0.126003867132420     
  0.917461250000000       0.307153750000000      -0.110917689305740     
  0.917461250000000       0.612307500000000      -8.629760851137047E-002
  0.917461250000000       0.917461250000000      -7.000608922695067E-002
  0.917461250000000        1.22261500000000      -6.049092583122114E-002
  0.917461250000000        1.52776875000000      -5.420419800259043E-002
  0.917461250000000        1.83292250000000      -4.955876703414594E-002
  0.917461250000000        2.13807625000000      -4.568703353505005E-002
  0.917461250000000        2.44323000000000      -4.217463302153750E-002
  0.917461250000000        2.74838375000000      -3.863670399015212E-002
  0.917461250000000        3.05353750000000      -3.422196227842372E-002
  0.917461250000000        3.35869125000000      -2.893934208261629E-002
  0.917461250000000        3.66384500000000      -2.521048062154862E-002
  0.917461250000000        3.96899875000000      -2.518777018817903E-002
  0.917461250000000        4.27415250000000      -2.706330638958271E-002
  0.917461250000000        4.57930625000000      -2.784615758755227E-002
  0.917461250000000        4.88446000000000      -2.689323426643947E-002
  0.917461250000000        5.18961375000000      -2.488860260336855E-002
  0.917461250000000        5.49476750000000      -2.233674439815514E-002
  0.917461250000000        5.79992125000000      -1.979992247878734E-002
  0.917461250000000        6.10507500000000      -1.781759087891605E-002
  0.917461250000000        6.41022875000000      -1.649283513729521E-002
  0.917461250000000        6.71538250000000      -1.548657756101401E-002
  0.917461250000000        7.02053625000000      -1.472322119808221E-002
  0.917461250000000        7.32569000000000      -1.465525985371910E-002
   1.22261500000000       2.000000000000000E-003 -0.111743475611025     
   1.22261500000000       0.307153750000000      -0.104387588930559     
   1.22261500000000       0.612307500000000      -8.904728531734132E-002
   1.22261500000000       0.917461250000000      -7.498794254601641E-002
   1.22261500000000        1.22261500000000      -6.456708439150882E-002
   1.22261500000000        1.52776875000000      -5.688385896969381E-002
   1.22261500000000        1.83292250000000      -5.090676372667974E-002
   1.22261500000000        2.13807625000000      -4.586923387754362E-002
   1.22261500000000        2.44323000000000      -4.136120621949366E-002
   1.22261500000000        2.74838375000000      -3.708726720885080E-002
   1.22261500000000        3.05353750000000      -3.283463247042537E-002
   1.22261500000000        3.35869125000000      -2.882806560434540E-002
   1.22261500000000        3.66384500000000      -2.612648852742626E-002
   1.22261500000000        3.96899875000000      -2.540204448697397E-002
   1.22261500000000        4.27415250000000      -2.577468291507923E-002
   1.22261500000000        4.57930625000000      -2.584218605408875E-002
   1.22261500000000        4.88446000000000      -2.503372810812224E-002
   1.22261500000000        5.18961375000000      -2.340051701739753E-002
   1.22261500000000        5.49476750000000      -2.127622798410679E-002
   1.22261500000000        5.79992125000000      -1.910720325784011E-002
   1.22261500000000        6.10507500000000      -1.730374511816268E-002
   1.22261500000000        6.41022875000000      -1.596896060356700E-002
   1.22261500000000        6.71538250000000      -1.496732485979203E-002
   1.22261500000000        7.02053625000000      -1.424470466885638E-002
   1.22261500000000        7.32569000000000      -1.378052521572540E-002
   1.52776875000000       2.000000000000000E-003 -0.102839446691337     
   1.52776875000000       0.307153750000000      -9.866203408895506E-002
   1.52776875000000       0.612307500000000      -8.876862617617901E-002
   1.52776875000000       0.917461250000000      -7.751183073592621E-002
   1.52776875000000        1.22261500000000      -6.743848236320019E-002
   1.52776875000000        1.52776875000000      -5.910784813354791E-002
   1.52776875000000        1.83292250000000      -5.222391812970059E-002
   1.52776875000000        2.13807625000000      -4.634440412010885E-002
   1.52776875000000        2.44323000000000      -4.120206466785447E-002
   1.52776875000000        2.74838375000000      -3.662775460567830E-002
   1.52776875000000        3.05353750000000      -3.257993535135419E-002
   1.52776875000000        3.35869125000000      -2.922880464852829E-002
   1.52776875000000        3.66384500000000      -2.689534519357362E-002
   1.52776875000000        3.96899875000000      -2.566698392009133E-002
   1.52776875000000        4.27415250000000      -2.510602306679671E-002
   1.52776875000000        4.57930625000000      -2.454076764899793E-002
   1.52776875000000        4.88446000000000      -2.351845289022457E-002
   1.52776875000000        5.18961375000000      -2.195661543501484E-002
   1.52776875000000        5.49476750000000      -2.006679691737288E-002
   1.52776875000000        5.79992125000000      -1.818937955329712E-002
   1.52776875000000        6.10507500000000      -1.660386875607207E-002
   1.52776875000000        6.41022875000000      -1.542564667516863E-002
   1.52776875000000        6.71538250000000      -1.457895751331227E-002
   1.52776875000000        7.02053625000000      -1.396236645835721E-002
   1.52776875000000        7.32569000000000      -1.347749700590959E-002
   1.83292250000000       2.000000000000000E-003 -9.847725672455519E-002
   1.83292250000000       0.307153750000000      -9.553120357057307E-002
   1.83292250000000       0.612307500000000      -8.796895971530065E-002
   1.83292250000000       0.917461250000000      -7.844521911691731E-002
   1.83292250000000        1.22261500000000      -6.907980573015014E-002
   1.83292250000000        1.52776875000000      -6.067421630433449E-002
   1.83292250000000        1.83292250000000      -5.333256607964924E-002
   1.83292250000000        2.13807625000000      -4.697292919133312E-002
   1.83292250000000        2.44323000000000      -4.147793772513191E-002
   1.83292250000000        2.74838375000000      -3.675009193456478E-002
   1.83292250000000        3.05353750000000      -3.275963486607810E-002
   1.83292250000000        3.35869125000000      -2.956085246087518E-002
   1.83292250000000        3.66384500000000      -2.721694028902148E-002
   1.83292250000000        3.96899875000000      -2.564617919201846E-002
   1.83292250000000        4.27415250000000      -2.454287139861209E-002
   1.83292250000000        4.57930625000000      -2.349524097969872E-002
   1.83292250000000        4.88446000000000      -2.219948885511517E-002
   1.83292250000000        5.18961375000000      -2.059246975457216E-002
   1.83292250000000        5.49476750000000      -1.883727540452474E-002
   1.83292250000000        5.79992125000000      -1.719729885094991E-002
   1.83292250000000        6.10507500000000      -1.587982505864693E-002
   1.83292250000000        6.41022875000000      -1.493990625688488E-002
   1.83292250000000        6.71538250000000      -1.430497210466021E-002
   1.83292250000000        7.02053625000000      -1.386649788155229E-002
   1.83292250000000        7.32569000000000      -1.350594103520774E-002
   2.13807625000000       2.000000000000000E-003 -9.785650211274037E-002
   2.13807625000000       0.307153750000000      -9.494236113393198E-002
   2.13807625000000       0.612307500000000      -8.770087947842176E-002
   2.13807625000000       0.917461250000000      -7.865292756951621E-002
   2.13807625000000        1.22261500000000      -6.958944625710885E-002
   2.13807625000000        1.52776875000000      -6.126781354447054E-002
   2.13807625000000        1.83292250000000      -5.388981936286929E-002
   2.13807625000000        2.13807625000000      -4.745228451427781E-002
   2.13807625000000        2.44323000000000      -4.188629293871884E-002
   2.13807625000000        2.74838375000000      -3.711972342020946E-002
   2.13807625000000        3.05353750000000      -3.311621520532680E-002
   2.13807625000000        3.35869125000000      -2.987417826353042E-002
   2.13807625000000        3.66384500000000      -2.737082905647013E-002
   2.13807625000000        3.96899875000000      -2.548491041219016E-002
   2.13807625000000        4.27415250000000      -2.397398167604972E-002
   2.13807625000000        4.57930625000000      -2.255109835641129E-002
   2.13807625000000        4.88446000000000      -2.101687705225229E-002
   2.13807625000000        5.18961375000000      -1.935096892392801E-002
   2.13807625000000        5.49476750000000      -1.769941466344873E-002
   2.13807625000000        5.79992125000000      -1.627121588510008E-002
   2.13807625000000        6.10507500000000      -1.521370416879101E-002
   2.13807625000000        6.41022875000000      -1.454298478203137E-002
   2.13807625000000        6.71538250000000      -1.416008415561719E-002
   2.13807625000000        7.02053625000000      -1.391565116599573E-002
   2.13807625000000        7.32569000000000      -1.366684447894118E-002
   2.44323000000000       2.000000000000000E-003 -0.103082902831159     
   2.44323000000000       0.307153750000000      -9.851509236815403E-002
   2.44323000000000       0.612307500000000      -8.823782691501593E-002
   2.44323000000000       0.917461250000000      -7.759789813398377E-002
   2.44323000000000        1.22261500000000      -6.836272585370608E-002
   2.44323000000000        1.52776875000000      -6.043966605145754E-002
   2.44323000000000        1.83292250000000      -5.353177637689774E-002
   2.44323000000000        2.13807625000000      -4.745827936246734E-002
   2.44323000000000        2.44323000000000      -4.211303200060769E-002
   2.44323000000000        2.74838375000000      -3.743684801541163E-002
   2.44323000000000        3.05353750000000      -3.341598048467487E-002
   2.44323000000000        3.35869125000000      -3.005995745229976E-002
   2.44323000000000        3.66384500000000      -2.734748825636412E-002
   2.44323000000000        3.96899875000000      -2.517321980466476E-002
   2.44323000000000        4.27415250000000      -2.334473914968183E-002
   2.44323000000000        4.57930625000000      -2.164901615564375E-002
   2.44323000000000        4.88446000000000      -1.995321823433403E-002
   2.44323000000000        5.18961375000000      -1.826908621361197E-002
   2.44323000000000        5.49476750000000      -1.673144429205116E-002
   2.44323000000000        5.79992125000000      -1.550628461711422E-002
   2.44323000000000        6.10507500000000      -1.469043300535385E-002
   2.44323000000000        6.41022875000000      -1.426583195400904E-002
   2.44323000000000        6.71538250000000      -1.412291405119713E-002
   2.44323000000000        7.02053625000000      -1.409079197453537E-002
   2.44323000000000        7.32569000000000      -1.392469123619986E-002
   2.74838375000000       2.000000000000000E-003 -0.109951373186497     
   2.74838375000000       0.307153750000000      -0.102548021312781     
   2.74838375000000       0.612307500000000      -8.747952244956070E-002
   2.74838375000000       0.917461250000000      -7.403174110447142E-002
   2.74838375000000        1.22261500000000      -6.486026371818222E-002
   2.74838375000000        1.52776875000000      -5.801931163491217E-002
   2.74838375000000        1.83292250000000      -5.215557922586840E-002
   2.74838375000000        2.13807625000000      -4.684382812368937E-002
   2.74838375000000        2.44323000000000      -4.195670364684680E-002
   2.74838375000000        2.74838375000000      -3.748046685313538E-002
   2.74838375000000        3.05353750000000      -3.346795097415477E-002
   2.74838375000000        3.35869125000000      -2.999271955911315E-002
   2.74838375000000        3.66384500000000      -2.708436747667203E-002
   2.74838375000000        3.96899875000000      -2.467980146338310E-002
   2.74838375000000        4.27415250000000      -2.263015101160284E-002
   2.74838375000000        4.57930625000000      -2.076938559646419E-002
   2.74838375000000        4.88446000000000      -1.900434208585540E-002
   2.74838375000000        5.18961375000000      -1.736313101812961E-002
   2.74838375000000        5.49476750000000      -1.596646028747911E-002
   2.74838375000000        5.79992125000000      -1.494354387602055E-002
   2.74838375000000        6.10507500000000      -1.435031532548690E-002
   2.74838375000000        6.41022875000000      -1.414815928634969E-002
   2.74838375000000        6.71538250000000      -1.425791534555286E-002
   2.74838375000000        7.02053625000000      -1.439191375773717E-002
   2.74838375000000        7.32569000000000      -1.413009006746048E-002
   3.05353750000000       2.000000000000000E-003 -0.110648946507481     
   3.05353750000000       0.307153750000000      -9.844382576789640E-002
   3.05353750000000       0.612307500000000      -7.864059561367727E-002
   3.05353750000000       0.917461250000000      -6.583687544267632E-002
   3.05353750000000        1.22261500000000      -5.915081993647646E-002
   3.05353750000000        1.52776875000000      -5.449444736496901E-002
   3.05353750000000        1.83292250000000      -5.012202029749925E-002
   3.05353750000000        2.13807625000000      -4.576122040673077E-002
   3.05353750000000        2.44323000000000      -4.141291570931322E-002
   3.05353750000000        2.74838375000000      -3.716956239586251E-002
   3.05353750000000        3.05353750000000      -3.318388563279956E-002
   3.05353750000000        3.35869125000000      -2.961712931259227E-002
   3.05353750000000        3.66384500000000      -2.656588867789434E-002
   3.05353750000000        3.96899875000000      -2.401341696127113E-002
   3.05353750000000        4.27415250000000      -2.184420609728318E-002
   3.05353750000000        4.57930625000000      -1.992059394240013E-002
   3.05353750000000        4.88446000000000      -1.817089701286276E-002
   3.05353750000000        5.18961375000000      -1.662788045967401E-002
   3.05353750000000        5.49476750000000      -1.539602818071620E-002
   3.05353750000000        5.79992125000000      -1.457499839656388E-002
   3.05353750000000        6.10507500000000      -1.419137005810694E-002
   3.05353750000000        6.41022875000000      -1.421572606147894E-002
   3.05353750000000        6.71538250000000      -1.451235847293291E-002
   3.05353750000000        7.02053625000000      -1.464702810089534E-002
   3.05353750000000        7.32569000000000      -1.407839911566470E-002
   3.35869125000000       2.000000000000000E-003 -9.464894115941805E-002
   3.35869125000000       0.307153750000000      -7.833306340626230E-002
   3.35869125000000       0.612307500000000      -6.099089602934508E-002
   3.35869125000000       0.917461250000000      -5.463311863291520E-002
   3.35869125000000        1.22261500000000      -5.293633611838490E-002
   3.35869125000000        1.52776875000000      -5.115108601580666E-002
   3.35869125000000        1.83292250000000      -4.818457714557861E-002
   3.35869125000000        2.13807625000000      -4.458780113880637E-002
   3.35869125000000        2.44323000000000      -4.063136566561618E-002
   3.35869125000000        2.74838375000000      -3.654329460601403E-002
   3.35869125000000        3.05353750000000      -3.257286505515224E-002
   3.35869125000000        3.35869125000000      -2.895369014899131E-002
   3.35869125000000        3.66384500000000      -2.583231549030821E-002
   3.35869125000000        3.96899875000000      -2.322304201330194E-002
   3.35869125000000        4.27415250000000      -2.102885029032721E-002
   3.35869125000000        4.57930625000000      -1.912645048804156E-002
   3.35869125000000        4.88446000000000      -1.745414211925368E-002
   3.35869125000000        5.18961375000000      -1.604326213269215E-002
   3.35869125000000        5.49476750000000      -1.498412535888688E-002
   3.35869125000000        5.79992125000000      -1.435877051024671E-002
   3.35869125000000        6.10507500000000      -1.419005749419498E-002
   3.35869125000000        6.41022875000000      -1.445339751178259E-002
   3.35869125000000        6.71538250000000      -1.477046159329582E-002
   3.35869125000000        7.02053625000000      -1.445884978650735E-002
   3.35869125000000        7.32569000000000      -1.350617459820035E-002
   3.66384500000000       2.000000000000000E-003 -6.875968321867301E-002
   3.66384500000000       0.307153750000000      -5.920989583445512E-002
   3.66384500000000       0.612307500000000      -5.054965740850491E-002
   3.66384500000000       0.917461250000000      -4.935237633006197E-002
   3.66384500000000        1.22261500000000      -5.014408256648739E-002
   3.66384500000000        1.52776875000000      -4.955479411551794E-002
   3.66384500000000        1.83292250000000      -4.706500631143647E-002
   3.66384500000000        2.13807625000000      -4.366077795810152E-002
   3.66384500000000        2.44323000000000      -3.975808287600293E-002
   3.66384500000000        2.74838375000000      -3.566307096698167E-002
   3.66384500000000        3.05353750000000      -3.167352832970149E-002
   3.66384500000000        3.35869125000000      -2.804712906982547E-002
   3.66384500000000        3.66384500000000      -2.493826083532012E-002
   3.66384500000000        3.96899875000000      -2.236268558882399E-002
   3.66384500000000        4.27415250000000      -2.022497601925723E-002
   3.66384500000000        4.57930625000000      -1.840653582774938E-002
   3.66384500000000        4.88446000000000      -1.684934822628004E-002
   3.66384500000000        5.18961375000000      -1.558105247134411E-002
   3.66384500000000        5.49476750000000      -1.468148733477280E-002
   3.66384500000000        5.79992125000000      -1.422725017131889E-002
   3.66384500000000        6.10507500000000      -1.427082464706286E-002
   3.66384500000000        6.41022875000000      -1.477168472753167E-002
   3.66384500000000        6.71538250000000      -1.515846435663987E-002
   3.66384500000000        7.02053625000000      -1.417650532334858E-002
   3.66384500000000        7.32569000000000      -1.231559210137191E-002
   3.96899875000000       2.000000000000000E-003 -9.631429498845862E-002
   3.96899875000000       0.307153750000000      -8.095685417632206E-002
   3.96899875000000       0.612307500000000      -6.300503376166972E-002
   3.96899875000000       0.917461250000000      -5.535651252383706E-002
   3.96899875000000        1.22261500000000      -5.256880417513044E-002
   3.96899875000000        1.52776875000000      -5.016852545209844E-002
   3.96899875000000        1.83292250000000      -4.687804476300975E-002
   3.96899875000000        2.13807625000000      -4.299069221322427E-002
   3.96899875000000        2.44323000000000      -3.877492746537316E-002
   3.96899875000000        2.74838375000000      -3.451264040650610E-002
   3.96899875000000        3.05353750000000      -3.048358335109196E-002
   3.96899875000000        3.35869125000000      -2.691093447335362E-002
   3.96899875000000        3.66384500000000      -2.390761897665158E-002
   3.96899875000000        3.96899875000000      -2.145732889097747E-002
   3.96899875000000        4.27415250000000      -1.945056770630788E-002
   3.96899875000000        4.57930625000000      -1.776658487459559E-002
   3.96899875000000        4.88446000000000      -1.634692806879880E-002
   3.96899875000000        5.18961375000000      -1.521446939966253E-002
   3.96899875000000        5.49476750000000      -1.444067467617857E-002
   3.96899875000000        5.79992125000000      -1.409907324626686E-002
   3.96899875000000        6.10507500000000      -1.426377713982402E-002
   3.96899875000000        6.41022875000000      -1.493471624536616E-002
   3.96899875000000        6.71538250000000      -1.563036181898143E-002
   3.96899875000000        7.02053625000000      -1.537645663497266E-002
   3.96899875000000        7.32569000000000      -1.362839032906393E-002
   4.27415250000000       2.000000000000000E-003 -0.111011677517494     
   4.27415250000000       0.307153750000000      -9.913683256578815E-002
   4.27415250000000       0.612307500000000      -7.864509026516034E-002
   4.27415250000000       0.917461250000000      -6.461694036025652E-002
   4.27415250000000        1.22261500000000      -5.680648413607128E-002
   4.27415250000000        1.52776875000000      -5.165167389506713E-002
   4.27415250000000        1.83292250000000      -4.694345091718142E-002
   4.27415250000000        2.13807625000000      -4.219469103509260E-002
   4.27415250000000        2.44323000000000      -3.746933456910444E-002
   4.27415250000000        2.74838375000000      -3.298158068015027E-002
   4.27415250000000        3.05353750000000      -2.895029368473828E-002
   4.27415250000000        3.35869125000000      -2.552198848963387E-002
   4.27415250000000        3.66384500000000      -2.273214927271450E-002
   4.27415250000000        3.96899875000000      -2.050753253576950E-002
   4.27415250000000        4.27415250000000      -1.871084186479464E-002
   4.27415250000000        4.57930625000000      -1.721150599098231E-002
   4.27415250000000        4.88446000000000      -1.594598519076761E-002
   4.27415250000000        5.18961375000000      -1.493186389572986E-002
   4.27415250000000        5.49476750000000      -1.423475455747725E-002
   4.27415250000000        5.79992125000000      -1.392123282204047E-002
   4.27415250000000        6.10507500000000      -1.404436749646255E-002
   4.27415250000000        6.41022875000000      -1.464303316560699E-002
   4.27415250000000        6.71538250000000      -1.535144577758775E-002
   4.27415250000000        7.02053625000000      -1.541774121356728E-002
   4.27415250000000        7.32569000000000      -1.408664962961327E-002
   4.57930625000000       2.000000000000000E-003 -0.103148843228671     
   4.57930625000000       0.307153750000000      -9.615118095681122E-002
   4.57930625000000       0.612307500000000      -8.126166386910222E-002
   4.57930625000000       0.917461250000000      -6.772889499670903E-002
   4.57930625000000        1.22261500000000      -5.867196879242459E-002
   4.57930625000000        1.52776875000000      -5.208271408778593E-002
   4.57930625000000        1.83292250000000      -4.625534779079688E-002
   4.57930625000000        2.13807625000000      -4.073687091225703E-002
   4.57930625000000        2.44323000000000      -3.557515417583895E-002
   4.57930625000000        2.74838375000000      -3.095616485144287E-002
   4.57930625000000        3.05353750000000      -2.703792196675474E-002
   4.57930625000000        3.35869125000000      -2.387970365508216E-002
   4.57930625000000        3.66384500000000      -2.142722697726343E-002
   4.57930625000000        3.96899875000000      -1.953827074208865E-002
   4.57930625000000        4.27415250000000      -1.803600066895444E-002
   4.57930625000000        4.57930625000000      -1.677083174609773E-002
   4.57930625000000        4.88446000000000      -1.566973955079134E-002
   4.57930625000000        5.18961375000000      -1.474711206882574E-002
   4.57930625000000        5.49476750000000      -1.406940764950627E-002
   4.57930625000000        5.79992125000000      -1.370065117795846E-002
   4.57930625000000        6.10507500000000      -1.366566783255732E-002
   4.57930625000000        6.41022875000000      -1.395050232506223E-002
   4.57930625000000        6.71538250000000      -1.437496891143385E-002
   4.57930625000000        7.02053625000000      -1.439298900006677E-002
   4.57930625000000        7.32569000000000      -1.359436486253068E-002
   4.88446000000000       2.000000000000000E-003 -8.599061241757071E-002
   4.88446000000000       0.307153750000000      -8.216200703159390E-002
   4.88446000000000       0.612307500000000      -7.334531152929227E-002
   4.88446000000000       0.917461250000000      -6.452054416569483E-002
   4.88446000000000        1.22261500000000      -5.703009946978148E-002
   4.88446000000000        1.52776875000000      -5.039093400159614E-002
   4.88446000000000        1.83292250000000      -4.416047717483167E-002
   4.88446000000000        2.13807625000000      -3.829656033096759E-002
   4.88446000000000        2.44323000000000      -3.298762359529798E-002
   4.88446000000000        2.74838375000000      -2.845228026158955E-002
   4.88446000000000        3.05353750000000      -2.481761632360393E-002
   4.88446000000000        3.35869125000000      -2.207437302882710E-002
   4.88446000000000        3.66384500000000      -2.008741385046398E-002
   4.88446000000000        3.96899875000000      -1.864248080797259E-002
   4.88446000000000        4.27415250000000      -1.751146863442034E-002
   4.88446000000000        4.57930625000000      -1.651591188970526E-002
   4.88446000000000        4.88446000000000      -1.557239653578704E-002
   4.88446000000000        5.18961375000000      -1.469950347785625E-002
   4.88446000000000        5.49476750000000      -1.397729045764611E-002
   4.88446000000000        5.79992125000000      -1.348326006080150E-002
   4.88446000000000        6.10507500000000      -1.324007134790182E-002
   4.88446000000000        6.41022875000000      -1.319522735083209E-002
   4.88446000000000        6.71538250000000      -1.321928713525391E-002
   4.88446000000000        7.02053625000000      -1.309823526452205E-002
   4.88446000000000        7.32569000000000      -1.260821380846588E-002
   5.18961375000000       2.000000000000000E-003 -6.870470045794287E-002
   5.18961375000000       0.307153750000000      -6.721514716895195E-002
   5.18961375000000       0.612307500000000      -6.331173281937533E-002
   5.18961375000000       0.917461250000000      -5.819370382962503E-002
   5.18961375000000        1.22261500000000      -5.255964188675832E-002
   5.18961375000000        1.52776875000000      -4.666122629696399E-002
   5.18961375000000        1.83292250000000      -4.070331811728851E-002
   5.18961375000000        2.13807625000000      -3.499671846152368E-002
   5.18961375000000        2.44323000000000      -2.989681425783806E-002
   5.18961375000000        2.74838375000000      -2.568795214724060E-002
   5.18961375000000        3.05353750000000      -2.250337538499986E-002
   5.18961375000000        3.35869125000000      -2.030130220382906E-002
   5.18961375000000        3.66384500000000      -1.888735326040904E-002
   5.18961375000000        3.96899875000000      -1.797395540796364E-002
   5.18961375000000        4.27415250000000      -1.726608652714334E-002
   5.18961375000000        4.57930625000000      -1.654568793600766E-002
   5.18961375000000        4.88446000000000      -1.572296208631719E-002
   5.18961375000000        5.18961375000000      -1.483521327947788E-002
   5.18961375000000        5.49476750000000      -1.399511088558694E-002
   5.18961375000000        5.79992125000000      -1.331457666441936E-002
   5.18961375000000        6.10507500000000      -1.284010094201978E-002
   5.18961375000000        6.41022875000000      -1.252763362992627E-002
   5.18961375000000        6.71538250000000      -1.226520942313615E-002
   5.18961375000000        7.02053625000000      -1.193311319814501E-002
   5.18961375000000        7.32569000000000      -1.147909329874451E-002
   5.49476750000000       2.000000000000000E-003 -5.477799598734762E-002
   5.49476750000000       0.307153750000000      -5.438767462239492E-002
   5.49476750000000       0.612307500000000      -5.302596816658846E-002
   5.49476750000000       0.917461250000000      -5.047102978204819E-002
   5.49476750000000        1.22261500000000      -4.660404616680595E-002
   5.49476750000000        1.52776875000000      -4.178657356582170E-002
   5.49476750000000        1.83292250000000      -3.653118465316588E-002
   5.49476750000000        2.13807625000000      -3.136062298835587E-002
   5.49476750000000        2.44323000000000      -2.674561280556908E-002
   5.49476750000000        2.74838375000000      -2.303270008258012E-002
   5.49476750000000        3.05353750000000      -2.039217115846308E-002
   5.49476750000000        3.35869125000000      -1.879684880511100E-002
   5.49476750000000        3.66384500000000      -1.802277288547524E-002
   5.49476750000000        3.96899875000000      -1.769748968339808E-002
   5.49476750000000        4.27415250000000      -1.742762758552095E-002
   5.49476750000000        4.57930625000000      -1.694369799414180E-002
   5.49476750000000        4.88446000000000      -1.616454575278066E-002
   5.49476750000000        5.18961375000000      -1.517111791781794E-002
   5.49476750000000        5.49476750000000      -1.413144201355176E-002
   5.49476750000000        5.79992125000000      -1.321044061559794E-002
   5.49476750000000        6.10507500000000      -1.249314605161882E-002
   5.49476750000000        6.41022875000000      -1.194931928124364E-002
   5.49476750000000        6.71538250000000      -1.146486752388314E-002
   5.49476750000000        7.02053625000000      -1.094627788866110E-002
   5.49476750000000        7.32569000000000      -1.040059931889002E-002
   5.79992125000000       2.000000000000000E-003 -4.412848706410358E-002
   5.79992125000000       0.307153750000000      -4.426052800164348E-002
   5.79992125000000       0.612307500000000      -4.419427642401142E-002
   5.79992125000000       0.917461250000000      -4.319734288338506E-002
   5.79992125000000        1.22261500000000      -4.073273991844138E-002
   5.79992125000000        1.52776875000000      -3.694954824360797E-002
   5.79992125000000        1.83292250000000      -3.251886085279990E-002
   5.79992125000000        2.13807625000000      -2.805217207135210E-002
   5.79992125000000        2.44323000000000      -2.404127202600635E-002
   5.79992125000000        2.74838375000000      -2.085456031619884E-002
   5.79992125000000        3.05353750000000      -1.872106264234063E-002
   5.79992125000000        3.35869125000000      -1.770760422583909E-002
   5.79992125000000        3.66384500000000      -1.762128716598147E-002
   5.79992125000000        3.96899875000000      -1.794860616514529E-002
   5.79992125000000        4.27415250000000      -1.809930015413385E-002
   5.79992125000000        4.57930625000000      -1.774674670053019E-002
   5.79992125000000        4.88446000000000      -1.687731689799127E-002
   5.79992125000000        5.18961375000000      -1.566087603596633E-002
   5.79992125000000        5.49476750000000      -1.433822603830996E-002
   5.79992125000000        5.79992125000000      -1.313481815657181E-002
   5.79992125000000        6.10507500000000      -1.218452523554727E-002
   5.79992125000000        6.41022875000000      -1.148109249953919E-002
   5.79992125000000        6.71538250000000      -1.086148107790341E-002
   5.79992125000000        7.02053625000000      -1.017185435429004E-002
   5.79992125000000        7.32569000000000      -9.438385506572219E-003
   6.10507500000000       2.000000000000000E-003 -3.902577741895968E-002
   6.10507500000000       0.307153750000000      -3.891092942842521E-002
   6.10507500000000       0.612307500000000      -3.867909464183174E-002
   6.10507500000000       0.917461250000000      -3.799007945575241E-002
   6.10507500000000        1.22261500000000      -3.615680363867767E-002
   6.10507500000000        1.52776875000000      -3.307000899736339E-002
   6.10507500000000        1.83292250000000      -2.933288712345136E-002
   6.10507500000000        2.13807625000000      -2.557043842044496E-002
   6.10507500000000        2.44323000000000      -2.214728349730192E-002
   6.10507500000000        2.74838375000000      -1.936123855299020E-002
   6.10507500000000        3.05353750000000      -1.749049173289283E-002
   6.10507500000000        3.35869125000000      -1.689564182433498E-002
   6.10507500000000        3.66384500000000      -1.767278838390258E-002
   6.10507500000000        3.96899875000000      -1.891427795016797E-002
   6.10507500000000        4.27415250000000      -1.944893445583613E-002
   6.10507500000000        4.57930625000000      -1.897163251083091E-002
   6.10507500000000        4.88446000000000      -1.777297018957706E-002
   6.10507500000000        5.18961375000000      -1.618593426702048E-002
   6.10507500000000        5.49476750000000      -1.450248961786256E-002
   6.10507500000000        5.79992125000000      -1.298326087361337E-002
   6.10507500000000        6.10507500000000      -1.185022818066516E-002
   6.10507500000000        6.41022875000000      -1.109687381784523E-002
   6.10507500000000        6.71538250000000      -1.050424875204451E-002
   6.10507500000000        7.02053625000000      -9.762467174969229E-003
   6.10507500000000        7.32569000000000      -8.814922420992227E-003
   6.41022875000000       2.000000000000000E-003 -4.296232954790538E-002
   6.41022875000000       0.307153750000000      -4.054993081237646E-002
   6.41022875000000       0.612307500000000      -3.692161853309984E-002
   6.41022875000000       0.917461250000000      -3.478938052850100E-002
   6.41022875000000        1.22261500000000      -3.286977720205901E-002
   6.41022875000000        1.52776875000000      -3.025323970858870E-002
   6.41022875000000        1.83292250000000      -2.715104829251865E-002
   6.41022875000000        2.13807625000000      -2.407702074710368E-002
   6.41022875000000        2.44323000000000      -2.120242829187007E-002
   6.41022875000000        2.74838375000000      -1.858753902734147E-002
   6.41022875000000        3.05353750000000      -1.665517604069013E-002
   6.41022875000000        3.35869125000000      -1.642393887204946E-002
   6.41022875000000        3.66384500000000      -1.826652260980664E-002
   6.41022875000000        3.96899875000000      -2.079263258454311E-002
   6.41022875000000        4.27415250000000      -2.177767702503716E-002
   6.41022875000000        4.57930625000000      -2.069468952089765E-002
   6.41022875000000        4.88446000000000      -1.870531321470700E-002
   6.41022875000000        5.18961375000000      -1.657525949278658E-002
   6.41022875000000        5.49476750000000      -1.447330345258229E-002
   6.41022875000000        5.79992125000000      -1.263709724310532E-002
   6.41022875000000        6.10507500000000      -1.134181056950537E-002
   6.41022875000000        6.41022875000000      -1.063231921331662E-002
   6.41022875000000        6.71538250000000      -1.033304890406631E-002
   6.41022875000000        7.02053625000000      -9.905771185267864E-003
   6.41022875000000        7.32569000000000      -8.852114840254876E-003
   6.71538250000000       2.000000000000000E-003 -5.506163554081565E-002
   6.71538250000000       0.307153750000000      -4.631212036262405E-002
   6.71538250000000       0.612307500000000      -3.586583012530765E-002
   6.71538250000000       0.917461250000000      -3.187975915831744E-002
   6.71538250000000        1.22261500000000      -2.997391253272709E-002
   6.71538250000000        1.52776875000000      -2.797132416237660E-002
   6.71538250000000        1.83292250000000      -2.569581611312269E-002
   6.71538250000000        2.13807625000000      -2.343046991004263E-002
   6.71538250000000        2.44323000000000      -2.121763004482485E-002
   6.71538250000000        2.74838375000000      -1.896793734657898E-002
   6.71538250000000        3.05353750000000      -1.708205287938783E-002
   6.71538250000000        3.35869125000000      -1.651711855785497E-002
   6.71538250000000        3.66384500000000      -1.901835796763364E-002
   6.71538250000000        3.96899875000000      -2.309607057554205E-002
   6.71538250000000        4.27415250000000      -2.432467217466697E-002
   6.71538250000000        4.57930625000000      -2.249406404479647E-002
   6.71538250000000        4.88446000000000      -1.941072549115314E-002
   6.71538250000000        5.18961375000000      -1.663726842707801E-002
   6.71538250000000        5.49476750000000      -1.414388705729994E-002
   6.71538250000000        5.79992125000000      -1.205413164519119E-002
   6.71538250000000        6.10507500000000      -1.060757136029227E-002
   6.71538250000000        6.41022875000000      -9.946224787964149E-003
   6.71538250000000        6.71538250000000      -1.007129250049036E-002
   6.71538250000000        7.02053625000000      -1.049037192159330E-002
   6.71538250000000        7.32569000000000      -9.615833554908547E-003
   7.02053625000000       2.000000000000000E-003 -5.023315510344367E-002
   7.02053625000000       0.307153750000000      -4.045278459550102E-002
   7.02053625000000       0.612307500000000      -3.048237263284315E-002
   7.02053625000000       0.917461250000000      -2.791513710331058E-002
   7.02053625000000        1.22261500000000      -2.685098269190637E-002
   7.02053625000000        1.52776875000000      -2.579129235675432E-002
   7.02053625000000        1.83292250000000      -2.458721835622044E-002
   7.02053625000000        2.13807625000000      -2.332497544272276E-002
   7.02053625000000        2.44323000000000      -2.210864373675067E-002
   7.02053625000000        2.74838375000000      -2.083157802651235E-002
   7.02053625000000        3.05353750000000      -1.927335914597186E-002
   7.02053625000000        3.35869125000000      -1.755527515453916E-002
   7.02053625000000        3.66384500000000      -1.872474582485596E-002
   7.02053625000000        3.96899875000000      -2.411705424350062E-002
   7.02053625000000        4.27415250000000      -2.523597740125907E-002
   7.02053625000000        4.57930625000000      -2.282628681754829E-002
   7.02053625000000        4.88446000000000      -1.936130468570964E-002
   7.02053625000000        5.18961375000000      -1.620872735276475E-002
   7.02053625000000        5.49476750000000      -1.355365827248746E-002
   7.02053625000000        5.79992125000000      -1.137600255821726E-002
   7.02053625000000        6.10507500000000      -9.904426082661736E-003
   7.02053625000000        6.41022875000000      -9.397156217988232E-003
   7.02053625000000        6.71538250000000      -9.762820835289463E-003
   7.02053625000000        7.02053625000000      -1.046889377569657E-002
   7.02053625000000        7.32569000000000      -9.573410973669334E-003
   7.32569000000000       2.000000000000000E-003 -3.033181021980060E-002
   7.32569000000000       0.307153750000000      -2.771061944448422E-002
   7.32569000000000       0.612307500000000      -2.640854840122143E-002
   7.32569000000000       0.917461250000000      -2.477056850943851E-002
   7.32569000000000        1.22261500000000      -2.401320572358919E-002
   7.32569000000000        1.52776875000000      -2.378493425901904E-002
   7.32569000000000        1.83292250000000      -2.363287684079968E-002
   7.32569000000000        2.13807625000000      -2.337006038855730E-002
   7.32569000000000        2.44323000000000      -2.325483977390130E-002
   7.32569000000000        2.74838375000000      -2.306255395796963E-002
   7.32569000000000        3.05353750000000      -2.232262738298925E-002
   7.32569000000000        3.35869125000000      -2.038023013230251E-002
   7.32569000000000        3.66384500000000      -1.731569897191166E-002
   7.32569000000000        3.96899875000000      -2.071181492408499E-002
   7.32569000000000        4.27415250000000      -2.204521692631108E-002
   7.32569000000000        4.57930625000000      -2.064655502905088E-002
   7.32569000000000        4.88446000000000      -1.803089979457924E-002
   7.32569000000000        5.18961375000000      -1.527063081219259E-002
   7.32569000000000        5.49476750000000      -1.282465544574419E-002
   7.32569000000000        5.79992125000000      -1.080117923925917E-002
   7.32569000000000        6.10507500000000      -9.574235831132554E-003
   7.32569000000000        6.41022875000000      -9.644609402468368E-003
   7.32569000000000        6.71538250000000      -1.096764563976336E-002
   7.32569000000000        7.02053625000000      -1.063160452755053E-002
   7.32569000000000        7.32569000000000      -8.486627259168052E-003
