  2.000000000000000E-003  2.000000000000000E-003 -5.407703937127732E-002
  2.000000000000000E-003  0.307153750000000      -4.572449455389237E-002
  2.000000000000000E-003  0.612307500000000      -4.019034775682102E-002
  2.000000000000000E-003  0.917461250000000      -3.962309907625430E-002
  2.000000000000000E-003   1.22261500000000      -3.845256087753564E-002
  2.000000000000000E-003   1.52776875000000      -3.590910682713071E-002
  2.000000000000000E-003   1.83292250000000      -3.245573970127367E-002
  2.000000000000000E-003   2.13807625000000      -2.856430718962642E-002
  2.000000000000000E-003   2.44323000000000      -2.434707852429857E-002
  2.000000000000000E-003   2.74838375000000      -2.040742024016484E-002
  2.000000000000000E-003   3.05353750000000      -1.805692095808539E-002
  2.000000000000000E-003   3.35869125000000      -1.895327784771916E-002
  2.000000000000000E-003   3.66384500000000      -2.121816298672822E-002
  2.000000000000000E-003   3.96899875000000      -1.878551191232492E-002
  2.000000000000000E-003   4.27415250000000      -1.627850238300252E-002
  2.000000000000000E-003   4.57930625000000      -1.464923899271847E-002
  2.000000000000000E-003   4.88446000000000      -1.337574563574566E-002
  2.000000000000000E-003   5.18961375000000      -1.199406670106588E-002
  2.000000000000000E-003   5.49476750000000      -1.019209347265837E-002
  2.000000000000000E-003   5.79992125000000      -8.564532326497719E-003
  2.000000000000000E-003   6.10507500000000      -7.390924975646125E-003
  2.000000000000000E-003   6.41022875000000      -6.941394801193965E-003
  2.000000000000000E-003   6.71538250000000      -7.331332870790516E-003
  2.000000000000000E-003   7.02053625000000      -7.635664749930778E-003
  2.000000000000000E-003   7.32569000000000      -8.554792125649807E-003
  0.307153750000000       2.000000000000000E-003 -7.041088982993447E-002
  0.307153750000000       0.307153750000000      -6.202076706439094E-002
  0.307153750000000       0.612307500000000      -5.046002759645876E-002
  0.307153750000000       0.917461250000000      -4.620968591422395E-002
  0.307153750000000        1.22261500000000      -4.348884332186128E-002
  0.307153750000000        1.52776875000000      -3.985174094692762E-002
  0.307153750000000        1.83292250000000      -3.529469687301304E-002
  0.307153750000000        2.13807625000000      -3.029014941327791E-002
  0.307153750000000        2.44323000000000      -2.481761737962754E-002
  0.307153750000000        2.74838375000000      -1.936165761777296E-002
  0.307153750000000        3.05353750000000      -1.571510099007820E-002
  0.307153750000000        3.35869125000000      -1.637183194015929E-002
  0.307153750000000        3.66384500000000      -2.197689385231098E-002
  0.307153750000000        3.96899875000000      -2.390804452796804E-002
  0.307153750000000        4.27415250000000      -2.117124210326111E-002
  0.307153750000000        4.57930625000000      -1.804821476714083E-002
  0.307153750000000        4.88446000000000      -1.549297448035739E-002
  0.307153750000000        5.18961375000000      -1.326290139540143E-002
  0.307153750000000        5.49476750000000      -1.094753295618482E-002
  0.307153750000000        5.79992125000000      -8.930250525459711E-003
  0.307153750000000        6.10507500000000      -7.526915080559242E-003
  0.307153750000000        6.41022875000000      -7.240176071095957E-003
  0.307153750000000        6.71538250000000      -8.533273937917132E-003
  0.307153750000000        7.02053625000000      -9.953540824657140E-003
  0.307153750000000        7.32569000000000      -9.078954829321891E-003
  0.612307500000000       2.000000000000000E-003 -7.562727073295057E-002
  0.612307500000000       0.307153750000000      -6.953440681635380E-002
  0.612307500000000       0.612307500000000      -6.000641154144788E-002
  0.612307500000000       0.917461250000000      -5.419667118686859E-002
  0.612307500000000        1.22261500000000      -4.982387754627866E-002
  0.612307500000000        1.52776875000000      -4.483107637230706E-002
  0.612307500000000        1.83292250000000      -3.907132787669461E-002
  0.612307500000000        2.13807625000000      -3.308440113855571E-002
  0.612307500000000        2.44323000000000      -2.708388995512547E-002
  0.612307500000000        2.74838375000000      -2.118789618627048E-002
  0.612307500000000        3.05353750000000      -1.759476564276584E-002
  0.612307500000000        3.35869125000000      -1.826821442742901E-002
  0.612307500000000        3.66384500000000      -2.270302464721542E-002
  0.612307500000000        3.96899875000000      -2.531956572424749E-002
  0.612307500000000        4.27415250000000      -2.375706369251133E-002
  0.612307500000000        4.57930625000000      -2.052639141857305E-002
  0.612307500000000        4.88446000000000      -1.735799186611715E-002
  0.612307500000000        5.18961375000000      -1.464716847147654E-002
  0.612307500000000        5.49476750000000      -1.208561520553669E-002
  0.612307500000000        5.79992125000000      -9.871910113363868E-003
  0.612307500000000        6.10507500000000      -8.412588587738697E-003
  0.612307500000000        6.41022875000000      -8.083059680052828E-003
  0.612307500000000        6.71538250000000      -8.934611154043702E-003
  0.612307500000000        7.02053625000000      -9.388228350660837E-003
  0.612307500000000        7.32569000000000      -8.681013471023659E-003
  0.917461250000000       2.000000000000000E-003 -7.190893422055747E-002
  0.917461250000000       0.307153750000000      -6.993461508758654E-002
  0.917461250000000       0.612307500000000      -6.597303568372585E-002
  0.917461250000000       0.917461250000000      -6.177020699118209E-002
  0.917461250000000        1.22261500000000      -5.686622469863382E-002
  0.917461250000000        1.52776875000000      -5.078669241907111E-002
  0.917461250000000        1.83292250000000      -4.392375412924497E-002
  0.917461250000000        2.13807625000000      -3.708272948713071E-002
  0.917461250000000        2.44323000000000      -3.077055425095240E-002
  0.917461250000000        2.74838375000000      -2.528110821301901E-002
  0.917461250000000        3.05353750000000      -2.167701902025939E-002
  0.917461250000000        3.35869125000000      -2.143605531901757E-002
  0.917461250000000        3.66384500000000      -2.358853786759799E-002
  0.917461250000000        3.96899875000000      -2.508436438928555E-002
  0.917461250000000        4.27415250000000      -2.411909718233653E-002
  0.917461250000000        4.57930625000000      -2.145321673928911E-002
  0.917461250000000        4.88446000000000      -1.851767457959258E-002
  0.917461250000000        5.18961375000000      -1.579040119489298E-002
  0.917461250000000        5.49476750000000      -1.325176755292490E-002
  0.917461250000000        5.79992125000000      -1.100488233076328E-002
  0.917461250000000        6.10507500000000      -9.473023809659429E-003
  0.917461250000000        6.41022875000000      -8.850860957850287E-003
  0.917461250000000        6.71538250000000      -8.971937649311349E-003
  0.917461250000000        7.02053625000000      -9.111372556913109E-003
  0.917461250000000        7.32569000000000      -9.117806324458936E-003
   1.22261500000000       2.000000000000000E-003 -7.676228623530450E-002
   1.22261500000000       0.307153750000000      -7.605804211578705E-002
   1.22261500000000       0.612307500000000      -7.407283438847025E-002
   1.22261500000000       0.917461250000000      -7.047000606406364E-002
   1.22261500000000        1.22261500000000      -6.498988003186010E-002
   1.22261500000000        1.52776875000000      -5.787210636670586E-002
   1.22261500000000        1.83292250000000      -4.997714386888041E-002
   1.22261500000000        2.13807625000000      -4.225093990224586E-002
   1.22261500000000        2.44323000000000      -3.538953563445918E-002
   1.22261500000000        2.74838375000000      -2.994245921256738E-002
   1.22261500000000        3.05353750000000      -2.631638623344369E-002
   1.22261500000000        3.35869125000000      -2.478343578503027E-002
   1.22261500000000        3.66384500000000      -2.486132575979568E-002
   1.22261500000000        3.96899875000000      -2.491553991751642E-002
   1.22261500000000        4.27415250000000      -2.378748549595311E-002
   1.22261500000000        4.57930625000000      -2.167235334314106E-002
   1.22261500000000        4.88446000000000      -1.913979309277789E-002
   1.22261500000000        5.18961375000000      -1.655771773066120E-002
   1.22261500000000        5.49476750000000      -1.413228920748875E-002
   1.22261500000000        5.79992125000000      -1.198259126786845E-002
   1.22261500000000        6.10507500000000      -1.038028902417582E-002
   1.22261500000000        6.41022875000000      -9.485881256062208E-003
   1.22261500000000        6.71538250000000      -9.177629935907183E-003
   1.22261500000000        7.02053625000000      -9.144223885465784E-003
   1.22261500000000        7.32569000000000      -9.203408550696757E-003
   1.52776875000000       2.000000000000000E-003 -8.902204008531860E-002
   1.52776875000000       0.307153750000000      -8.822169724661580E-002
   1.52776875000000       0.612307500000000      -8.574316880392732E-002
   1.52776875000000       0.917461250000000      -8.119618852827434E-002
   1.52776875000000        1.22261500000000      -7.449360462311287E-002
   1.52776875000000        1.52776875000000      -6.615099998228936E-002
   1.52776875000000        1.83292250000000      -5.715704878948837E-002
   1.52776875000000        2.13807625000000      -4.839591550232454E-002
   1.52776875000000        2.44323000000000      -4.067753369981074E-002
   1.52776875000000        2.74838375000000      -3.457506040332325E-002
   1.52776875000000        3.05353750000000      -3.032521179945829E-002
   1.52776875000000        3.35869125000000      -2.778397974115101E-002
   1.52776875000000        3.66384500000000      -2.638053482025013E-002
   1.52776875000000        3.96899875000000      -2.526506038910576E-002
   1.52776875000000        4.27415250000000      -2.378669645285483E-002
   1.52776875000000        4.57930625000000      -2.178658274463369E-002
   1.52776875000000        4.88446000000000      -1.943266899688935E-002
   1.52776875000000        5.18961375000000      -1.697974907185212E-002
   1.52776875000000        5.49476750000000      -1.465751297721445E-002
   1.52776875000000        5.79992125000000      -1.263369579756569E-002
   1.52776875000000        6.10507500000000      -1.101544888567715E-002
   1.52776875000000        6.41022875000000      -9.929347423370385E-003
   1.52776875000000        6.71538250000000      -9.334333104412132E-003
   1.52776875000000        7.02053625000000      -9.064832729145676E-003
   1.52776875000000        7.32569000000000      -8.950044288325989E-003
   1.83292250000000       2.000000000000000E-003 -0.105049293323968     
   1.83292250000000       0.307153750000000      -0.103639678681742     
   1.83292250000000       0.612307500000000      -9.960624266216524E-002
   1.83292250000000       0.917461250000000      -9.320303417413711E-002
   1.83292250000000        1.22261500000000      -8.482893705387068E-002
   1.83292250000000        1.52776875000000      -7.513386007630742E-002
   1.83292250000000        1.83292250000000      -6.490525119878944E-002
   1.83292250000000        2.13807625000000      -5.502055846525214E-002
   1.83292250000000        2.44323000000000      -4.628251163301127E-002
   1.83292250000000        2.74838375000000      -3.922501796767500E-002
   1.83292250000000        3.05353750000000      -3.400250757770569E-002
   1.83292250000000        3.35869125000000      -3.039428511437818E-002
   1.83292250000000        3.66384500000000      -2.790059777720163E-002
   1.83292250000000        3.96899875000000      -2.592262924997356E-002
   1.83292250000000        4.27415250000000      -2.398246862578428E-002
   1.83292250000000        4.57930625000000      -2.185250119696871E-002
   1.83292250000000        4.88446000000000      -1.953417384175311E-002
   1.83292250000000        5.18961375000000      -1.716368846109852E-002
   1.83292250000000        5.49476750000000      -1.492054108751320E-002
   1.83292250000000        5.79992125000000      -1.295955129493763E-002
   1.83292250000000        6.10507500000000      -1.137219496795618E-002
   1.83292250000000        6.41022875000000      -1.018103581517871E-002
   1.83292250000000        6.71538250000000      -9.362319377012630E-003
   1.83292250000000        7.02053625000000      -8.854094447124653E-003
   1.83292250000000        7.32569000000000      -8.563315658707746E-003
   2.13807625000000       2.000000000000000E-003 -0.123074117458790     
   2.13807625000000       0.307153750000000      -0.120505419875370     
   2.13807625000000       0.612307500000000      -0.113915532192191     
   2.13807625000000       0.917461250000000      -0.104946873408690     
   2.13807625000000        1.22261500000000      -9.464210519308409E-002
   2.13807625000000        1.52776875000000      -8.354034089390387E-002
   2.13807625000000        1.83292250000000      -7.219524352151035E-002
   2.13807625000000        2.13807625000000      -6.132432380981143E-002
   2.13807625000000        2.44323000000000      -5.164025641045198E-002
   2.13807625000000        2.74838375000000      -4.362392076601124E-002
   2.13807625000000        3.05353750000000      -3.740478226944125E-002
   2.13807625000000        3.35869125000000      -3.278276804780736E-002
   2.13807625000000        3.66384500000000      -2.934612241552927E-002
   2.13807625000000        3.96899875000000      -2.662452023719799E-002
   2.13807625000000        4.27415250000000      -2.422265937628550E-002
   2.13807625000000        4.57930625000000      -2.189338796492969E-002
   2.13807625000000        4.88446000000000      -1.954917714204197E-002
   2.13807625000000        5.18961375000000      -1.723210262128188E-002
   2.13807625000000        5.49476750000000      -1.505658914974972E-002
   2.13807625000000        5.79992125000000      -1.314127980054503E-002
   2.13807625000000        6.10507500000000      -1.155245081442443E-002
   2.13807625000000        6.41022875000000      -1.028442534749576E-002
   2.13807625000000        6.71538250000000      -9.293181120463397E-003
   2.13807625000000        7.02053625000000      -8.565250982445415E-003
   2.13807625000000        7.32569000000000      -8.138130825666424E-003
   2.44323000000000       2.000000000000000E-003 -0.145000258578220     
   2.44323000000000       0.307153750000000      -0.139766865578622     
   2.44323000000000       0.612307500000000      -0.127699064773926     
   2.44323000000000       0.917461250000000      -0.114597983008343     
   2.44323000000000        1.22261500000000      -0.102105266882021     
   2.44323000000000        1.52776875000000      -8.991917291863108E-002
   2.44323000000000        1.83292250000000      -7.791181242556820E-002
   2.44323000000000        2.13807625000000      -6.646010139708840E-002
   2.44323000000000        2.44323000000000      -5.613522610776750E-002
   2.44323000000000        2.74838375000000      -4.737500490513155E-002
   2.44323000000000        3.05353750000000      -4.032448348720200E-002
   2.44323000000000        3.35869125000000      -3.484529702102085E-002
   2.44323000000000        3.66384500000000      -3.061960772415288E-002
   2.44323000000000        3.96899875000000      -2.727228559292328E-002
   2.44323000000000        4.27415250000000      -2.446344823446332E-002
   2.44323000000000        4.57930625000000      -2.193831011750770E-002
   2.44323000000000        4.88446000000000      -1.955323719637076E-002
   2.44323000000000        5.18961375000000      -1.728049502082456E-002
   2.44323000000000        5.49476750000000      -1.517661275999002E-002
   2.44323000000000        5.79992125000000      -1.331995806822793E-002
   2.44323000000000        6.10507500000000      -1.174108116797406E-002
   2.44323000000000        6.41022875000000      -1.038317136005391E-002
   2.44323000000000        6.71538250000000      -9.145145681203216E-003
   2.44323000000000        7.02053625000000      -8.068220239248032E-003
   2.44323000000000        7.32569000000000      -7.497923383908952E-003
   2.74838375000000       2.000000000000000E-003 -0.166933533551684     
   2.74838375000000       0.307153750000000      -0.157982976225360     
   2.74838375000000       0.612307500000000      -0.138930909653492     
   2.74838375000000       0.917461250000000      -0.120355414016674     
   2.74838375000000        1.22261500000000      -0.105823925726822     
   2.74838375000000        1.52776875000000      -9.333262896630329E-002
   2.74838375000000        1.83292250000000      -8.137750783547296E-002
   2.74838375000000        2.13807625000000      -6.990408922636217E-002
   2.74838375000000        2.44323000000000      -5.936245446551949E-002
   2.74838375000000        2.74838375000000      -5.018435209725255E-002
   2.74838375000000        3.05353750000000      -4.256661698354297E-002
   2.74838375000000        3.35869125000000      -3.645699210527691E-002
   2.74838375000000        3.66384500000000      -3.163609788727590E-002
   2.74838375000000        3.96899875000000      -2.781150341667232E-002
   2.74838375000000        4.27415250000000      -2.468571805195404E-002
   2.74838375000000        4.57930625000000      -2.200176746032502E-002
   2.74838375000000        4.88446000000000      -1.958289249671912E-002
   2.74838375000000        5.18961375000000      -1.735592651827699E-002
   2.74838375000000        5.49476750000000      -1.533584297090046E-002
   2.74838375000000        5.79992125000000      -1.356929863521318E-002
   2.74838375000000        6.10507500000000      -1.204978813030712E-002
   2.74838375000000        6.41022875000000      -1.062514577500702E-002
   2.74838375000000        6.71538250000000      -9.076672938572335E-003
   2.74838375000000        7.02053625000000      -7.581609416927735E-003
   2.74838375000000        7.32569000000000      -6.849306922527176E-003
   3.05353750000000       2.000000000000000E-003 -0.180099990458292     
   3.05353750000000       0.307153750000000      -0.165140767829474     
   3.05353750000000       0.612307500000000      -0.139004064209669     
   3.05353750000000       0.917461250000000      -0.119123901374711     
   3.05353750000000        1.22261500000000      -0.105333309452592     
   3.05353750000000        1.52776875000000      -9.388431237989853E-002
   3.05353750000000        1.83292250000000      -8.271579297615943E-002
   3.05353750000000        2.13807625000000      -7.169368069617764E-002
   3.05353750000000        2.44323000000000      -6.129105753884286E-002
   3.05353750000000        2.74838375000000      -5.199172328493612E-002
   3.05353750000000        3.05353750000000      -4.406885842016447E-002
   3.05353750000000        3.35869125000000      -3.756288840045424E-002
   3.05353750000000        3.66384500000000      -3.234903866298965E-002
   3.05353750000000        3.96899875000000      -2.820682707354673E-002
   3.05353750000000        4.27415250000000      -2.486900642959912E-002
   3.05353750000000        4.57930625000000      -2.207741058125246E-002
   3.05353750000000        4.88446000000000      -1.963950868852007E-002
   3.05353750000000        5.18961375000000      -1.745906683867721E-002
   3.05353750000000        5.49476750000000      -1.552952248339488E-002
   3.05353750000000        5.79992125000000      -1.388683609298150E-002
   3.05353750000000        6.10507500000000      -1.252273436892654E-002
   3.05353750000000        6.41022875000000      -1.126061283982928E-002
   3.05353750000000        6.71538250000000      -9.740446289836436E-003
   3.05353750000000        7.02053625000000      -7.827398250711545E-003
   3.05353750000000        7.32569000000000      -6.772588993510933E-003
   3.35869125000000       2.000000000000000E-003 -0.171186466566480     
   3.35869125000000       0.307153750000000      -0.151284207988391     
   3.35869125000000       0.612307500000000      -0.125857523590948     
   3.35869125000000       0.917461250000000      -0.111429350334585     
   3.35869125000000        1.22261500000000      -0.102077972118526     
   3.35869125000000        1.52776875000000      -9.288843550396168E-002
   3.35869125000000        1.83292250000000      -8.280002281538286E-002
   3.35869125000000        2.13807625000000      -7.235345211773662E-002
   3.35869125000000        2.44323000000000      -6.221248842573208E-002
   3.35869125000000        2.74838375000000      -5.294757754044201E-002
   3.35869125000000        3.05353750000000      -4.490305097361880E-002
   3.35869125000000        3.35869125000000      -3.819174866022036E-002
   3.35869125000000        3.66384500000000      -3.276209616372364E-002
   3.35869125000000        3.96899875000000      -2.844822719458342E-002
   3.35869125000000        4.27415250000000      -2.499813939852659E-002
   3.35869125000000        4.57930625000000      -2.214990439791229E-002
   3.35869125000000        4.88446000000000      -1.970546018634322E-002
   3.35869125000000        5.18961375000000      -1.756151780941956E-002
   3.35869125000000        5.49476750000000      -1.570721551736082E-002
   3.35869125000000        5.79992125000000      -1.419044109207211E-002
   3.35869125000000        6.10507500000000      -1.306889192169090E-002
   3.35869125000000        6.41022875000000      -1.226333437344397E-002
   3.35869125000000        6.71538250000000      -1.130940743980056E-002
   3.35869125000000        7.02053625000000      -9.531453714699850E-003
   3.35869125000000        7.32569000000000      -8.118868262432827E-003
   3.66384500000000       2.000000000000000E-003 -0.141253330601556     
   3.66384500000000       0.307153750000000      -0.132203898173505     
   3.66384500000000       0.612307500000000      -0.115606398168798     
   3.66384500000000       0.917461250000000      -0.106666388920124     
   3.66384500000000        1.22261500000000      -0.100173520448929     
   3.66384500000000        1.52776875000000      -9.227698655098338E-002
   3.66384500000000        1.83292250000000      -8.270445421448969E-002
   3.66384500000000        2.13807625000000      -7.251461899283435E-002
   3.66384500000000        2.44323000000000      -6.249638716015490E-002
   3.66384500000000        2.74838375000000      -5.326456079218567E-002
   3.66384500000000        3.05353750000000      -4.519248969688883E-002
   3.66384500000000        3.35869125000000      -3.841960393791852E-002
   3.66384500000000        3.66384500000000      -3.292239255724151E-002
   3.66384500000000        3.96899875000000      -2.855663618369532E-002
   3.66384500000000        4.27415250000000      -2.507303037702304E-002
   3.66384500000000        4.57930625000000      -2.220685873219751E-002
   3.66384500000000        4.88446000000000      -1.975967575515743E-002
   3.66384500000000        5.18961375000000      -1.762842836302998E-002
   3.66384500000000        5.49476750000000      -1.580452908957718E-002
   3.66384500000000        5.79992125000000      -1.434796947783790E-002
   3.66384500000000        6.10507500000000      -1.337080754420079E-002
   3.66384500000000        6.41022875000000      -1.286965925588941E-002
   3.66384500000000        6.71538250000000      -1.245774742481777E-002
   3.66384500000000        7.02053625000000      -1.139085873841318E-002
   3.66384500000000        7.32569000000000      -1.041744614276127E-002
   3.96899875000000       2.000000000000000E-003 -0.171189190996966     
   3.96899875000000       0.307153750000000      -0.151655276562248     
   3.96899875000000       0.612307500000000      -0.126229416748616     
   3.96899875000000       0.917461250000000      -0.111697770807066     
   3.96899875000000        1.22261500000000      -0.102258423014777     
   3.96899875000000        1.52776875000000      -9.302156989216551E-002
   3.96899875000000        1.83292250000000      -8.291185374248981E-002
   3.96899875000000        2.13807625000000      -7.245333922791143E-002
   3.96899875000000        2.44323000000000      -6.230618011917670E-002
   3.96899875000000        2.74838375000000      -5.303983640143748E-002
   3.96899875000000        3.05353750000000      -4.499746727742827E-002
   3.96899875000000        3.35869125000000      -3.829003079241865E-002
   3.96899875000000        3.66384500000000      -3.286369785376441E-002
   3.96899875000000        3.96899875000000      -2.855061509940713E-002
   3.96899875000000        4.27415250000000      -2.509776191127111E-002
   3.96899875000000        4.57930625000000      -2.224360786852848E-002
   3.96899875000000        4.88446000000000      -1.979196587548303E-002
   3.96899875000000        5.18961375000000      -1.764254614058290E-002
   3.96899875000000        5.49476750000000      -1.578808491020672E-002
   3.96899875000000        5.79992125000000      -1.428143838841082E-002
   3.96899875000000        6.10507500000000      -1.319350193240406E-002
   3.96899875000000        6.41022875000000      -1.245757388186268E-002
   3.96899875000000        6.71538250000000      -1.159163737054101E-002
   3.96899875000000        7.02053625000000      -9.825379079069992E-003
   3.96899875000000        7.32569000000000      -8.141200018463354E-003
   4.27415250000000       2.000000000000000E-003 -0.180103465335624     
   4.27415250000000       0.307153750000000      -0.165514733067981     
   4.27415250000000       0.612307500000000      -0.139465962170231     
   4.27415250000000       0.917461250000000      -0.119508803165092     
   4.27415250000000        1.22261500000000      -0.105619188165708     
   4.27415250000000        1.52776875000000      -9.411691276757261E-002
   4.27415250000000        1.83292250000000      -8.292066682633571E-002
   4.27415250000000        2.13807625000000      -7.188300896974030E-002
   4.27415250000000        2.44323000000000      -6.147364483747497E-002
   4.27415250000000        2.74838375000000      -5.217487273150297E-002
   4.27415250000000        3.05353750000000      -4.425773761033620E-002
   4.27415250000000        3.35869125000000      -3.775957645392140E-002
   4.27415250000000        3.66384500000000      -3.255203985661242E-002
   4.27415250000000        3.96899875000000      -2.841136575592664E-002
   4.27415250000000        4.27415250000000      -2.506827363521927E-002
   4.27415250000000        4.57930625000000      -2.226481955670872E-002
   4.27415250000000        4.88446000000000      -1.981143250831934E-002
   4.27415250000000        5.18961375000000      -1.761711714838291E-002
   4.27415250000000        5.49476750000000      -1.568157129153635E-002
   4.27415250000000        5.79992125000000      -1.404769051580083E-002
   4.27415250000000        6.10507500000000      -1.271917758778960E-002
   4.27415250000000        6.41022875000000      -1.153516626351839E-002
   4.27415250000000        6.71538250000000      -1.008729519373250E-002
   4.27415250000000        7.02053625000000      -8.127928901200239E-003
   4.27415250000000        7.32569000000000      -6.809733771848174E-003
   4.57930625000000       2.000000000000000E-003 -0.166936395518544     
   4.57930625000000       0.307153750000000      -0.158252378475793     
   4.57930625000000       0.612307500000000      -0.139314585276907     
   4.57930625000000       0.917461250000000      -0.120720461922733     
   4.57930625000000        1.22261500000000      -0.106143322656038     
   4.57930625000000        1.52776875000000      -9.362220094559949E-002
   4.57930625000000        1.83292250000000      -8.164978662783777E-002
   4.57930625000000        2.13807625000000      -7.016915781052828E-002
   4.57930625000000        2.44323000000000      -5.962870137493850E-002
   4.57930625000000        2.74838375000000      -5.045785997585710E-002
   4.57930625000000        3.05353750000000      -4.285058912026770E-002
   4.57930625000000        3.35869125000000      -3.675166172481269E-002
   4.57930625000000        3.66384500000000      -3.193871596487810E-002
   4.57930625000000        3.96899875000000      -2.811608450930179E-002
   4.57930625000000        4.27415250000000      -2.498327522932232E-002
   4.57930625000000        4.57930625000000      -2.228213815668881E-002
   4.57930625000000        4.88446000000000      -1.983831703024954E-002
   4.57930625000000        5.18961375000000      -1.758480693081533E-002
   4.57930625000000        5.49476750000000      -1.554474972725080E-002
   4.57930625000000        5.79992125000000      -1.377238859450043E-002
   4.57930625000000        6.10507500000000      -1.226693085797425E-002
   4.57930625000000        6.41022875000000      -1.087919996653602E-002
   4.57930625000000        6.71538250000000      -9.358481439045798E-003
   4.57930625000000        7.02053625000000      -7.799740827606209E-003
   4.57930625000000        7.32569000000000      -6.888782170236092E-003
   4.88446000000000       2.000000000000000E-003 -0.145002612704384     
   4.88446000000000       0.307153750000000      -0.139945253243191     
   4.88446000000000       0.612307500000000      -0.127978663885148     
   4.88446000000000       0.917461250000000      -0.114911754116412     
   4.88446000000000        1.22261500000000      -0.102423743942496     
   4.88446000000000        1.52776875000000      -9.023687699006323E-002
   4.88446000000000        1.83292250000000      -7.823385353765687E-002
   4.88446000000000        2.13807625000000      -6.679406863889362E-002
   4.88446000000000        2.44323000000000      -5.648602720156304E-002
   4.88446000000000        2.74838375000000      -4.774282530384468E-002
   4.88446000000000        3.05353750000000      -4.070605602600198E-002
   4.88446000000000        3.35869125000000      -3.523656699975645E-002
   4.88446000000000        3.66384500000000      -3.101697986494253E-002
   4.88446000000000        3.96899875000000      -2.767102833582556E-002
   4.88446000000000        4.27415250000000      -2.485486184967507E-002
   4.88446000000000        4.57930625000000      -2.230924575931121E-002
   4.88446000000000        4.88446000000000      -1.988979715872127E-002
   4.88446000000000        5.18961375000000      -1.757415409442660E-002
   4.88446000000000        5.49476750000000      -1.542890210367560E-002
   4.88446000000000        5.79992125000000      -1.354243121736874E-002
   4.88446000000000        6.10507500000000      -1.195002220698976E-002
   4.88446000000000        6.41022875000000      -1.058986797204626E-002
   4.88446000000000        6.71538250000000      -9.341565667386026E-003
   4.88446000000000        7.02053625000000      -8.213340016435439E-003
   4.88446000000000        7.32569000000000      -7.537414419696478E-003
   5.18961375000000       2.000000000000000E-003 -0.123076124565748     
   5.18961375000000       0.307153750000000      -0.120635577594281     
   5.18961375000000       0.612307500000000      -0.114140524389893     
   5.18961375000000       0.917461250000000      -0.105227411235986     
   5.18961375000000        1.22261500000000      -9.495433712329100E-002
   5.18961375000000        1.52776875000000      -8.387924155647924E-002
   5.18961375000000        1.83292250000000      -7.256692772995962E-002
   5.18961375000000        2.13807625000000      -6.173511291485938E-002
   5.18961375000000        2.44323000000000      -5.208850286239308E-002
   5.18961375000000        2.74838375000000      -4.409853070243688E-002
   5.18961375000000        3.05353750000000      -3.789069657632024E-002
   5.18961375000000        3.35869125000000      -3.326903602363639E-002
   5.18961375000000        3.66384500000000      -2.982987198286606E-002
   5.18961375000000        3.96899875000000      -2.710692585559859E-002
   5.18961375000000        4.27415250000000      -2.469988189963181E-002
   5.18961375000000        4.57930625000000      -2.235085986016711E-002
   5.18961375000000        4.88446000000000      -1.996481893806946E-002
   5.18961375000000        5.18961375000000      -1.758633072904683E-002
   5.18961375000000        5.49476750000000      -1.534216391491786E-002
   5.18961375000000        5.79992125000000      -1.336667247684746E-002
   5.18961375000000        6.10507500000000      -1.173653331239502E-002
   5.18961375000000        6.41022875000000      -1.044469798216411E-002
   5.18961375000000        6.71538250000000      -9.432979117705209E-003
   5.18961375000000        7.02053625000000      -8.668565280308516E-003
   5.18961375000000        7.32569000000000      -8.180692182884804E-003
   5.49476750000000       2.000000000000000E-003 -0.105051227488451     
   5.49476750000000       0.307153750000000      -0.103755279147613     
   5.49476750000000       0.612307500000000      -9.981187993597956E-002
   5.49476750000000       0.917461250000000      -9.347115044281822E-002
   5.49476750000000        1.22261500000000      -8.514702252081192E-002
   5.49476750000000        1.52776875000000      -7.550669996807653E-002
   5.49476750000000        1.83292250000000      -6.534519090971395E-002
   5.49476750000000        2.13807625000000      -5.553314099853783E-002
   5.49476750000000        2.44323000000000      -4.685610792391545E-002
   5.49476750000000        2.74838375000000      -3.983103924251918E-002
   5.49476750000000        3.05353750000000      -3.460710275391764E-002
   5.49476750000000        3.35869125000000      -3.097548132430181E-002
   5.49476750000000        3.66384500000000      -2.845885605936996E-002
   5.49476750000000        3.96899875000000      -2.647344501300065E-002
   5.49476750000000        4.27415250000000      -2.453475539698739E-002
   5.49476750000000        4.57930625000000      -2.239257547310323E-002
   5.49476750000000        4.88446000000000      -2.002872881805636E-002
   5.49476750000000        5.18961375000000      -1.757679249727944E-002
   5.49476750000000        5.49476750000000      -1.523174725535113E-002
   5.49476750000000        5.79992125000000      -1.317340723130409E-002
   5.49476750000000        6.10507500000000      -1.151546239696568E-002
   5.49476750000000        6.41022875000000      -1.028906757350595E-002
   5.49476750000000        6.71538250000000      -9.458970647244748E-003
   5.49476750000000        7.02053625000000      -8.936019266840499E-003
   5.49476750000000        7.32569000000000      -8.610956610288798E-003
   5.79992125000000       2.000000000000000E-003 -8.902391234436791E-002
   5.79992125000000       0.307153750000000      -8.833731962795037E-002
   5.79992125000000       0.612307500000000      -8.595090925005416E-002
   5.79992125000000       0.917461250000000      -8.147249268051394E-002
   5.79992125000000        1.22261500000000      -7.483585419864396E-002
   5.79992125000000        1.52776875000000      -6.658086965196432E-002
   5.79992125000000        1.83292250000000      -5.769592339004488E-002
   5.79992125000000        2.13807625000000      -4.904846594323579E-002
   5.79992125000000        2.44323000000000      -4.141949218417968E-002
   5.79992125000000        2.74838375000000      -3.535379193354213E-002
   5.79992125000000        3.05353750000000      -3.107636610303667E-002
   5.79992125000000        3.35869125000000      -2.846307050502514E-002
   5.79992125000000        3.66384500000000      -2.699372949068744E-002
   5.79992125000000        3.96899875000000      -2.586069688253543E-002
   5.79992125000000        4.27415250000000      -2.440203655064152E-002
   5.79992125000000        4.57930625000000      -2.240949338654265E-002
   5.79992125000000        4.88446000000000      -2.001083766950141E-002
   5.79992125000000        5.18961375000000      -1.745255985144715E-002
   5.79992125000000        5.49476750000000      -1.498510067455328E-002
   5.79992125000000        5.79992125000000      -1.281424230686564E-002
   5.79992125000000        6.10507500000000      -1.108884070050746E-002
   5.79992125000000        6.41022875000000      -9.959393763444971E-003
   5.79992125000000        6.71538250000000      -9.359895107313877E-003
   5.79992125000000        7.02053625000000      -9.080145821769589E-003
   5.79992125000000        7.32569000000000      -8.940459315265664E-003
   6.10507500000000       2.000000000000000E-003 -7.676389489966647E-002
   6.10507500000000       0.307153750000000      -7.617541338000562E-002
   6.10507500000000       0.612307500000000      -7.429013692419091E-002
   6.10507500000000       0.917461250000000      -7.076846102471680E-002
   6.10507500000000        1.22261500000000      -6.537458896462331E-002
   6.10507500000000        1.52776875000000      -5.837893208241445E-002
   6.10507500000000        1.83292250000000      -5.064584015960572E-002
   6.10507500000000        2.13807625000000      -4.308635803456895E-002
   6.10507500000000        2.44323000000000      -3.635708685709153E-002
   6.10507500000000        2.74838375000000      -3.096328722148130E-002
   6.10507500000000        3.05353750000000      -2.727385818818289E-002
   6.10507500000000        3.35869125000000      -2.556846987591565E-002
   6.10507500000000        3.66384500000000      -2.548108438976836E-002
   6.10507500000000        3.96899875000000      -2.550596780819105E-002
   6.10507500000000        4.27415250000000      -2.445522951271818E-002
   6.10507500000000        4.57930625000000      -2.239237239620188E-002
   6.10507500000000        4.88446000000000      -1.981715655673702E-002
   6.10507500000000        5.18961375000000      -1.709395845627007E-002
   6.10507500000000        5.49476750000000      -1.445973478959471E-002
   6.10507500000000        5.79992125000000      -1.208579182876247E-002
   6.10507500000000        6.10507500000000      -1.031835973617755E-002
   6.10507500000000        6.41022875000000      -9.361686596337624E-003
   6.10507500000000        6.71538250000000      -9.049809101315476E-003
   6.10507500000000        7.02053625000000      -8.977174011156828E-003
   6.10507500000000        7.32569000000000      -8.983269831778638E-003
   6.41022875000000       2.000000000000000E-003 -7.190981459872946E-002
   6.41022875000000       0.307153750000000      -7.003226658629343E-002
   6.41022875000000       0.612307500000000      -6.618716771398633E-002
   6.41022875000000       0.917461250000000      -6.208949540627632E-002
   6.41022875000000        1.22261500000000      -5.730010772836396E-002
   6.41022875000000        1.52776875000000      -5.138314400850115E-002
   6.41022875000000        1.83292250000000      -4.474004733397816E-002
   6.41022875000000        2.13807625000000      -3.813637508427561E-002
   6.41022875000000        2.44323000000000      -3.203325966154614E-002
   6.41022875000000        2.74838375000000      -2.667241059799241E-002
   6.41022875000000        3.05353750000000      -2.298915857701349E-002
   6.41022875000000        3.35869125000000      -2.240130775285833E-002
   6.41022875000000        3.66384500000000      -2.419797360495002E-002
   6.41022875000000        3.96899875000000      -2.564803570809850E-002
   6.41022875000000        4.27415250000000      -2.486887170524098E-002
   6.41022875000000        4.57930625000000      -2.232801295492589E-002
   6.41022875000000        4.88446000000000      -1.933196108027555E-002
   6.41022875000000        5.18961375000000      -1.639884375693003E-002
   6.41022875000000        5.49476750000000      -1.355292457782222E-002
   6.41022875000000        5.79992125000000      -1.095918075227019E-002
   6.41022875000000        6.10507500000000      -9.155618261932215E-003
   6.41022875000000        6.41022875000000      -8.430562065537536E-003
   6.41022875000000        6.71538250000000      -8.571231029278606E-003
   6.41022875000000        7.02053625000000      -8.596658352117589E-003
   6.41022875000000        7.32569000000000      -8.421923262859149E-003
   6.71538250000000       2.000000000000000E-003 -7.562708865329083E-002
   6.71538250000000       0.307153750000000      -6.957211443181441E-002
   6.71538250000000       0.612307500000000      -6.020406848685363E-002
   6.71538250000000       0.917461250000000      -5.452946823400420E-002
   6.71538250000000        1.22261500000000      -5.029883702649528E-002
   6.71538250000000        1.52776875000000      -4.551226428547134E-002
   6.71538250000000        1.83292250000000      -4.002996119448470E-002
   6.71538250000000        2.13807625000000      -3.436516048686346E-002
   6.71538250000000        2.44323000000000      -2.870503243522373E-002
   6.71538250000000        2.74838375000000      -2.312003839677186E-002
   6.71538250000000        3.05353750000000      -1.950445443087361E-002
   6.71538250000000        3.35869125000000      -1.963742079598607E-002
   6.71538250000000        3.66384500000000      -2.341427782448844E-002
   6.71538250000000        3.96899875000000      -2.600908231330853E-002
   6.71538250000000        4.27415250000000      -2.478376262996351E-002
   6.71538250000000        4.57930625000000      -2.170099647121673E-002
   6.71538250000000        4.88446000000000      -1.837761225937663E-002
   6.71538250000000        5.18961375000000      -1.534327269431179E-002
   6.71538250000000        5.49476750000000      -1.233653254059550E-002
   6.71538250000000        5.79992125000000      -9.605223313740049E-003
   6.71538250000000        6.10507500000000      -7.687441407047873E-003
   6.71538250000000        6.41022875000000      -7.137194979582691E-003
   6.71538250000000        6.71538250000000      -8.095325413762459E-003
   6.71538250000000        7.02053625000000      -8.482396177329571E-003
   6.71538250000000        7.32569000000000      -7.293057227434700E-003
   7.02053625000000       2.000000000000000E-003 -7.041204883131698E-002
   7.02053625000000       0.307153750000000      -6.209255468395332E-002
   7.02053625000000       0.612307500000000      -5.071319286306662E-002
   7.02053625000000       0.917461250000000      -4.656513134458841E-002
   7.02053625000000        1.22261500000000      -4.398859238029126E-002
   7.02053625000000        1.52776875000000      -4.059343420546142E-002
   7.02053625000000        1.83292250000000      -3.636255358960010E-002
   7.02053625000000        2.13807625000000      -3.175326307588076E-002
   7.02053625000000        2.44323000000000      -2.677636452273312E-002
   7.02053625000000        2.74838375000000      -2.183077551478597E-002
   7.02053625000000        3.05353750000000      -1.836407227158934E-002
   7.02053625000000        3.35869125000000      -1.843826489068386E-002
   7.02053625000000        3.66384500000000      -2.305507831004299E-002
   7.02053625000000        3.96899875000000      -2.514971080658560E-002
   7.02053625000000        4.27415250000000      -2.278874479411225E-002
   7.02053625000000        4.57930625000000      -1.966085764746180E-002
   7.02053625000000        4.88446000000000      -1.677779659346845E-002
   7.02053625000000        5.18961375000000      -1.406016985026547E-002
   7.02053625000000        5.49476750000000      -1.115920928903719E-002
   7.02053625000000        5.79992125000000      -8.450150296279987E-003
   7.02053625000000        6.10507500000000      -6.346003001642670E-003
   7.02053625000000        6.41022875000000      -5.559638523177685E-003
   7.02053625000000        6.71538250000000      -6.859956259823421E-003
   7.02053625000000        7.02053625000000      -8.738101753257599E-003
   7.02053625000000        7.32569000000000      -7.638163921039843E-003
   7.32569000000000       2.000000000000000E-003 -5.407901818629143E-002
   7.32569000000000       0.307153750000000      -4.595857551281179E-002
   7.32569000000000       0.612307500000000      -4.056150145385484E-002
   7.32569000000000       0.917461250000000      -3.999632083508387E-002
   7.32569000000000        1.22261500000000      -3.895648428826327E-002
   7.32569000000000        1.52776875000000      -3.667465471547139E-002
   7.32569000000000        1.83292250000000      -3.356990697936468E-002
   7.32569000000000        2.13807625000000      -3.009776137092935E-002
   7.32569000000000        2.44323000000000      -2.642653444551791E-002
   7.32569000000000        2.74838375000000      -2.305174969446508E-002
   7.32569000000000        3.05353750000000      -2.097228992837735E-002
   7.32569000000000        3.35869125000000      -2.135410379013578E-002
   7.32569000000000        3.66384500000000      -2.249938266090839E-002
   7.32569000000000        3.96899875000000      -2.073955898399536E-002
   7.32569000000000        4.27415250000000      -1.843475267414373E-002
   7.32569000000000        4.57930625000000      -1.659395433235868E-002
   7.32569000000000        4.88446000000000      -1.485492383951324E-002
   7.32569000000000        5.18961375000000      -1.288269412499305E-002
   7.32569000000000        5.49476750000000      -1.042507351751050E-002
   7.32569000000000        5.79992125000000      -8.026611313469175E-003
   7.32569000000000        6.10507500000000      -6.038998033580301E-003
   7.32569000000000        6.41022875000000      -4.903138505728876E-003
   7.32569000000000        6.71538250000000      -4.977960339941466E-003
   7.32569000000000        7.02053625000000      -5.420536483888400E-003
   7.32569000000000        7.32569000000000      -7.367815730825083E-003
