  2.000000000000000E-003  2.000000000000000E-003 -0.207697251114345     
  2.000000000000000E-003  0.307153750000000      -0.212981589779704     
  2.000000000000000E-003  0.612307500000000      -0.209561853460436     
  2.000000000000000E-003  0.917461250000000      -0.205605157618178     
  2.000000000000000E-003   1.22261500000000      -0.199915887517965     
  2.000000000000000E-003   1.52776875000000      -0.193058288702836     
  2.000000000000000E-003   1.83292250000000      -0.185537556611711     
  2.000000000000000E-003   2.13807625000000      -0.177599209172230     
  2.000000000000000E-003   2.44323000000000      -0.169389398165739     
  2.000000000000000E-003   2.74838375000000      -0.160825950101083     
  2.000000000000000E-003   3.05353750000000      -0.153358926024939     
  2.000000000000000E-003   3.35869125000000      -0.149683460781629     
  2.000000000000000E-003   3.66384500000000      -0.146597015435853     
  2.000000000000000E-003   3.96899875000000      -0.143741965561058     
  2.000000000000000E-003   4.27415250000000      -0.138682063767731     
  2.000000000000000E-003   4.57930625000000      -0.128835816996410     
  2.000000000000000E-003   4.88446000000000      -0.118268668507126     
  2.000000000000000E-003   5.18961375000000      -0.109144265865338     
  2.000000000000000E-003   5.49476750000000      -0.101694188900091     
  2.000000000000000E-003   5.79992125000000      -9.600824619163288E-002
  2.000000000000000E-003   6.10507500000000      -9.197027662954543E-002
  2.000000000000000E-003   6.41022875000000      -8.927397230048666E-002
  2.000000000000000E-003   6.71538250000000      -8.735196273383342E-002
  2.000000000000000E-003   7.02053625000000      -8.543063542506135E-002
  2.000000000000000E-003   7.32569000000000      -8.422532213125969E-002
  0.307153750000000       2.000000000000000E-003 -0.214695346740950     
  0.307153750000000       0.307153750000000      -0.222424695298241     
  0.307153750000000       0.612307500000000      -0.224483070542075     
  0.307153750000000       0.917461250000000      -0.221680088612372     
  0.307153750000000        1.22261500000000      -0.215685285686034     
  0.307153750000000        1.52776875000000      -0.208277430062243     
  0.307153750000000        1.83292250000000      -0.200105714136602     
  0.307153750000000        2.13807625000000      -0.191203706033653     
  0.307153750000000        2.44323000000000      -0.181830796798488     
  0.307153750000000        2.74838375000000      -0.171741771641329     
  0.307153750000000        3.05353750000000      -0.161934867082462     
  0.307153750000000        3.35869125000000      -0.154877185791828     
  0.307153750000000        3.66384500000000      -0.151232971089595     
  0.307153750000000        3.96899875000000      -0.148298630075174     
  0.307153750000000        4.27415250000000      -0.142481360684566     
  0.307153750000000        4.57930625000000      -0.133008900480552     
  0.307153750000000        4.88446000000000      -0.122724526185966     
  0.307153750000000        5.18961375000000      -0.113652973583787     
  0.307153750000000        5.49476750000000      -0.106082446274789     
  0.307153750000000        5.79992125000000      -0.100234060339186     
  0.307153750000000        6.10507500000000      -9.603907596458813E-002
  0.307153750000000        6.41022875000000      -9.318921138897132E-002
  0.307153750000000        6.71538250000000      -9.108759833418317E-002
  0.307153750000000        7.02053625000000      -8.919556425384662E-002
  0.307153750000000        7.32569000000000      -8.546756873354182E-002
  0.612307500000000       2.000000000000000E-003 -0.234729024633161     
  0.612307500000000       0.307153750000000      -0.239020052693870     
  0.612307500000000       0.612307500000000      -0.241766376266407     
  0.612307500000000       0.917461250000000      -0.238458444767088     
  0.612307500000000        1.22261500000000      -0.231863368466588     
  0.612307500000000        1.52776875000000      -0.223993733468676     
  0.612307500000000        1.83292250000000      -0.215268549588788     
  0.612307500000000        2.13807625000000      -0.205644281996618     
  0.612307500000000        2.44323000000000      -0.195368800742541     
  0.612307500000000        2.74838375000000      -0.184312803431971     
  0.612307500000000        3.05353750000000      -0.173044531242552     
  0.612307500000000        3.35869125000000      -0.163272550021453     
  0.612307500000000        3.66384500000000      -0.156491476656465     
  0.612307500000000        3.96899875000000      -0.151335450973441     
  0.612307500000000        4.27415250000000      -0.144691814354835     
  0.612307500000000        4.57930625000000      -0.135907932266211     
  0.612307500000000        4.88446000000000      -0.126506201469906     
  0.612307500000000        5.18961375000000      -0.117949324008010     
  0.612307500000000        5.49476750000000      -0.110548342784420     
  0.612307500000000        5.79992125000000      -0.104647117744548     
  0.612307500000000        6.10507500000000      -0.100368369423603     
  0.612307500000000        6.41022875000000      -9.738710882314248E-002
  0.612307500000000        6.71538250000000      -9.482538032508701E-002
  0.612307500000000        7.02053625000000      -9.098188736314966E-002
  0.612307500000000        7.32569000000000      -8.608113890820117E-002
  0.917461250000000       2.000000000000000E-003 -0.265887743906013     
  0.917461250000000       0.307153750000000      -0.266284546916843     
  0.917461250000000       0.612307500000000      -0.264591020547170     
  0.917461250000000       0.917461250000000      -0.258855427081656     
  0.917461250000000        1.22261500000000      -0.250562858021539     
  0.917461250000000        1.52776875000000      -0.241234605638177     
  0.917461250000000        1.83292250000000      -0.231201473766414     
  0.917461250000000        2.13807625000000      -0.220505029929735     
  0.917461250000000        2.44323000000000      -0.209250286110638     
  0.917461250000000        2.74838375000000      -0.197395849969804     
  0.917461250000000        3.05353750000000      -0.185282275129098     
  0.917461250000000        3.35869125000000      -0.173924311327125     
  0.917461250000000        3.66384500000000      -0.164311783453796     
  0.917461250000000        3.96899875000000      -0.156099222897899     
  0.917461250000000        4.27415250000000      -0.147924800378751     
  0.917461250000000        4.57930625000000      -0.139195496296927     
  0.917461250000000        4.88446000000000      -0.130416958501191     
  0.917461250000000        5.18961375000000      -0.122209346128512     
  0.917461250000000        5.49476750000000      -0.114943377207271     
  0.917461250000000        5.79992125000000      -0.108905655298035     
  0.917461250000000        6.10507500000000      -0.104270162859192     
  0.917461250000000        6.41022875000000      -0.100661011002190     
  0.917461250000000        6.71538250000000      -9.717167669431385E-002
  0.917461250000000        7.02053625000000      -9.265740401580358E-002
  0.917461250000000        7.32569000000000      -8.754391185293726E-002
   1.22261500000000       2.000000000000000E-003 -0.307920697129744     
   1.22261500000000       0.307153750000000      -0.305789748867613     
   1.22261500000000       0.612307500000000      -0.299244667000652     
   1.22261500000000       0.917461250000000      -0.288714702309802     
   1.22261500000000        1.22261500000000      -0.275947914619560     
   1.22261500000000        1.52776875000000      -0.262544808963911     
   1.22261500000000        1.83292250000000      -0.249053766693990     
   1.22261500000000        2.13807625000000      -0.235802941333548     
   1.22261500000000        2.44323000000000      -0.222847750716054     
   1.22261500000000        2.74838375000000      -0.209839734877336     
   1.22261500000000        3.05353750000000      -0.196765208968048     
   1.22261500000000        3.35869125000000      -0.184116235851026     
   1.22261500000000        3.66384500000000      -0.172488783457285     
   1.22261500000000        3.96899875000000      -0.162039302482339     
   1.22261500000000        4.27415250000000      -0.152434844156058     
   1.22261500000000        4.57930625000000      -0.143332681146480     
   1.22261500000000        4.88446000000000      -0.134641205981219     
   1.22261500000000        5.18961375000000      -0.126501399314916     
   1.22261500000000        5.49476750000000      -0.119157187551973     
   1.22261500000000        5.79992125000000      -0.112824907541807     
   1.22261500000000        6.10507500000000      -0.107597212416013     
   1.22261500000000        6.41022875000000      -0.103158374980390     
   1.22261500000000        6.71538250000000      -9.884086640280197E-002
   1.22261500000000        7.02053625000000      -9.403606780262608E-002
   1.22261500000000        7.32569000000000      -8.891307743089134E-002
   1.52776875000000       2.000000000000000E-003 -0.370932190073469     
   1.52776875000000       0.307153750000000      -0.366334160861446     
   1.52776875000000       0.612307500000000      -0.353382693119243     
   1.52776875000000       0.917461250000000      -0.334596898801126     
   1.52776875000000        1.22261500000000      -0.313054018758887     
   1.52776875000000        1.52776875000000      -0.291151970370959     
   1.52776875000000        1.83292250000000      -0.270393836930825     
   1.52776875000000        2.13807625000000      -0.252115408510903     
   1.52776875000000        2.44323000000000      -0.236022313450444     
   1.52776875000000        2.74838375000000      -0.221171630172036     
   1.52776875000000        3.05353750000000      -0.206855627738261     
   1.52776875000000        3.35869125000000      -0.192990706774426     
   1.52776875000000        3.66384500000000      -0.179941818598596     
   1.52776875000000        3.96899875000000      -0.168073489670797     
   1.52776875000000        4.27415250000000      -0.157448689560520     
   1.52776875000000        4.57930625000000      -0.147849156118532     
   1.52776875000000        4.88446000000000      -0.138993415359223     
   1.52776875000000        5.18961375000000      -0.130740420145336     
   1.52776875000000        5.49476750000000      -0.123146148701448     
   1.52776875000000        5.79992125000000      -0.116358616146050     
   1.52776875000000        6.10507500000000      -0.110441937676926     
   1.52776875000000        6.41022875000000      -0.105199954078537     
   1.52776875000000        6.71538250000000      -0.100213393858660     
   1.52776875000000        7.02053625000000      -9.513700368477292E-002
   1.52776875000000        7.32569000000000      -9.002233727208575E-002
   1.83292250000000       2.000000000000000E-003 -0.466270808229477     
   1.83292250000000       0.307153750000000      -0.457900218407937     
   1.83292250000000       0.612307500000000      -0.435075252654283     
   1.83292250000000       0.917461250000000      -0.402581862876848     
   1.83292250000000        1.22261500000000      -0.365433441167382     
   1.83292250000000        1.52776875000000      -0.328883800205713     
   1.83292250000000        1.83292250000000      -0.296723552158550     
   1.83292250000000        2.13807625000000      -0.270337640957739     
   1.83292250000000        2.44323000000000      -0.249096441673805     
   1.83292250000000        2.74838375000000      -0.231341726937645     
   1.83292250000000        3.05353750000000      -0.215457247388737     
   1.83292250000000        3.35869125000000      -0.200555857679639     
   1.83292250000000        3.66384500000000      -0.186548179421110     
   1.83292250000000        3.96899875000000      -0.173741351520874     
   1.83292250000000        4.27415250000000      -0.162356356927601     
   1.83292250000000        4.57930625000000      -0.152288550671225     
   1.83292250000000        4.88446000000000      -0.143193150615566     
   1.83292250000000        5.18961375000000      -0.134741831775963     
   1.83292250000000        5.49476750000000      -0.126814510846954     
   1.83292250000000        5.79992125000000      -0.119485653236187     
   1.83292250000000        6.10507500000000      -0.112852777711948     
   1.83292250000000        6.41022875000000      -0.106870197409238     
   1.83292250000000        6.71538250000000      -0.101323549031203     
   1.83292250000000        7.02053625000000      -9.599480951799587E-002
   1.83292250000000        7.32569000000000      -9.086357775399229E-002
   2.13807625000000       2.000000000000000E-003 -0.606383261934969     
   2.13807625000000       0.307153750000000      -0.591122877340404     
   2.13807625000000       0.612307500000000      -0.550042788255147     
   2.13807625000000       0.917461250000000      -0.493698326474953     
   2.13807625000000        1.22261500000000      -0.433156996622701     
   2.13807625000000        1.52776875000000      -0.376643530462145     
   2.13807625000000        1.83292250000000      -0.328807504953064     
   2.13807625000000        2.13807625000000      -0.291099345242681     
   2.13807625000000        2.44323000000000      -0.262501222891518     
   2.13807625000000        2.74838375000000      -0.240560772911925     
   2.13807625000000        3.05353750000000      -0.222604067264473     
   2.13807625000000        3.35869125000000      -0.206714673033068     
   2.13807625000000        3.66384500000000      -0.192079320205992     
   2.13807625000000        3.96899875000000      -0.178694905523425     
   2.13807625000000        4.27415250000000      -0.166782811277396     
   2.13807625000000        4.57930625000000      -0.156327524859778     
   2.13807625000000        4.88446000000000      -0.146983313164361     
   2.13807625000000        5.18961375000000      -0.138300389117478     
   2.13807625000000        5.49476750000000      -0.130011025039049     
   2.13807625000000        5.79992125000000      -0.122124001903249     
   2.13807625000000        6.10507500000000      -0.114792584621773     
   2.13807625000000        6.41022875000000      -0.108118789634173     
   2.13807625000000        6.71538250000000      -0.102067743602632     
   2.13807625000000        7.02053625000000      -9.652464612827201E-002
   2.13807625000000        7.32569000000000      -9.139845543046632E-002
   2.44323000000000       2.000000000000000E-003 -0.807461951221804     
   2.44323000000000       0.307153750000000      -0.779068086091015     
   2.44323000000000       0.612307500000000      -0.704741264283089     
   2.44323000000000       0.917461250000000      -0.610325248989021     
   2.44323000000000        1.22261500000000      -0.516299444596073     
   2.44323000000000        1.52776875000000      -0.433396644590461     
   2.44323000000000        1.83292250000000      -0.365814776539718     
   2.44323000000000        2.13807625000000      -0.314071210391382     
   2.44323000000000        2.44323000000000      -0.276283117198804     
   2.44323000000000        2.74838375000000      -0.249030398978788     
   2.44323000000000        3.05353750000000      -0.228477750369062     
   2.44323000000000        3.35869125000000      -0.211531013048462     
   2.44323000000000        3.66384500000000      -0.196456840017977     
   2.44323000000000        3.96899875000000      -0.182750397396809     
   2.44323000000000        4.27415250000000      -0.170505537263249     
   2.44323000000000        4.57930625000000      -0.159755560393874     
   2.44323000000000        4.88446000000000      -0.150180866873288     
   2.44323000000000        5.18961375000000      -0.141258121669639     
   2.44323000000000        5.49476750000000      -0.132602630707557     
   2.44323000000000        5.79992125000000      -0.124160366918527     
   2.44323000000000        6.10507500000000      -0.116130003842888     
   2.44323000000000        6.41022875000000      -0.108758067276321     
   2.44323000000000        6.71538250000000      -0.102206956274619     
   2.44323000000000        7.02053625000000      -9.650899334566158E-002
   2.44323000000000        7.32569000000000      -9.148787955631875E-002
   2.74838375000000       2.000000000000000E-003  -1.07509223618168     
   2.74838375000000       0.307153750000000       -1.02949649859982     
   2.74838375000000       0.612307500000000      -0.909560129939796     
   2.74838375000000       0.917461250000000      -0.755406840433120     
   2.74838375000000        1.22261500000000      -0.611506507514077     
   2.74838375000000        1.52776875000000      -0.495008385542626     
   2.74838375000000        1.83292250000000      -0.404676349104546     
   2.74838375000000        2.13807625000000      -0.337512205236658     
   2.74838375000000        2.44323000000000      -0.289736300283745     
   2.74838375000000        2.74838375000000      -0.256660321365205     
   2.74838375000000        3.05353750000000      -0.233235573367988     
   2.74838375000000        3.35869125000000      -0.215160524504126     
   2.74838375000000        3.66384500000000      -0.199723779575490     
   2.74838375000000        3.96899875000000      -0.185843343979312     
   2.74838375000000        4.27415250000000      -0.173409559890540     
   2.74838375000000        4.57930625000000      -0.162456733405587     
   2.74838375000000        4.88446000000000      -0.152687735322374     
   2.74838375000000        5.18961375000000      -0.143535751914008     
   2.74838375000000        5.49476750000000      -0.134526924779225     
   2.74838375000000        5.79992125000000      -0.125539385705535     
   2.74838375000000        6.10507500000000      -0.116774426569107     
   2.74838375000000        6.41022875000000      -0.108577223930057     
   2.74838375000000        6.71538250000000      -0.101388646474385     
   2.74838375000000        7.02053625000000      -9.561132544841539E-002
   2.74838375000000        7.32569000000000      -9.093888678151374E-002
   3.05353750000000       2.000000000000000E-003  -1.36889804767378     
   3.05353750000000       0.307153750000000       -1.30470767744255     
   3.05353750000000       0.612307500000000       -1.13224408254604     
   3.05353750000000       0.917461250000000      -0.913385169429409     
   3.05353750000000        1.22261500000000      -0.708449073948435     
   3.05353750000000        1.52776875000000      -0.553313243713517     
   3.05353750000000        1.83292250000000      -0.440043218914700     
   3.05353750000000        2.13807625000000      -0.358352162811816     
   3.05353750000000        2.44323000000000      -0.301391818289461     
   3.05353750000000        2.74838375000000      -0.262957218364372     
   3.05353750000000        3.05353750000000      -0.236853735316866     
   3.05353750000000        3.35869125000000      -0.217709817271077     
   3.05353750000000        3.66384500000000      -0.201953263326829     
   3.05353750000000        3.96899875000000      -0.187980178834143     
   3.05353750000000        4.27415250000000      -0.175459641973288     
   3.05353750000000        4.57930625000000      -0.164386361787092     
   3.05353750000000        4.88446000000000      -0.154471876878352     
   3.05353750000000        5.18961375000000      -0.145124076047363     
   3.05353750000000        5.49476750000000      -0.135802658410210     
   3.05353750000000        5.79992125000000      -0.126305324478220     
   3.05353750000000        6.10507500000000      -0.116750727074715     
   3.05353750000000        6.41022875000000      -0.107450074904852     
   3.05353750000000        6.71538250000000      -9.930595728665739E-002
   3.05353750000000        7.02053625000000      -9.344287734504669E-002
   3.05353750000000        7.32569000000000      -8.942649582574978E-002
   3.35869125000000       2.000000000000000E-003  -1.59511470744051     
   3.35869125000000       0.307153750000000       -1.52286025255317     
   3.35869125000000       0.612307500000000       -1.31381117135391     
   3.35869125000000       0.917461250000000       -1.03905777130206     
   3.35869125000000        1.22261500000000      -0.785867394066258     
   3.35869125000000        1.52776875000000      -0.596455424627809     
   3.35869125000000        1.83292250000000      -0.465235687872465     
   3.35869125000000        2.13807625000000      -0.372920301459058     
   3.35869125000000        2.44323000000000      -0.309422275851303     
   3.35869125000000        2.74838375000000      -0.267184271277386     
   3.35869125000000        3.05353750000000      -0.239153146305885     
   3.35869125000000        3.35869125000000      -0.219214472278620     
   3.35869125000000        3.66384500000000      -0.203218009710450     
   3.35869125000000        3.96899875000000      -0.189210077423744     
   3.35869125000000        4.27415250000000      -0.176672493469073     
   3.35869125000000        4.57930625000000      -0.165543378507827     
   3.35869125000000        4.88446000000000      -0.155538877824393     
   3.35869125000000        5.18961375000000      -0.146056308329950     
   3.35869125000000        5.49476750000000      -0.136509208676715     
   3.35869125000000        5.79992125000000      -0.126614085249444     
   3.35869125000000        6.10507500000000      -0.116322211869881     
   3.35869125000000        6.41022875000000      -0.105854530625513     
   3.35869125000000        6.71538250000000      -9.642917935157853E-002
   3.35869125000000        7.02053625000000      -9.018462149377232E-002
   3.35869125000000        7.32569000000000      -8.669367884197897E-002
   3.66384500000000       2.000000000000000E-003  -1.73599102569832     
   3.66384500000000       0.307153750000000       -1.60470727049031     
   3.66384500000000       0.612307500000000       -1.38374665922767     
   3.66384500000000       0.917461250000000       -1.08748276404706     
   3.66384500000000        1.22261500000000      -0.815608232833651     
   3.66384500000000        1.52776875000000      -0.612547095279355     
   3.66384500000000        1.83292250000000      -0.474407749750085     
   3.66384500000000        2.13807625000000      -0.378167989104598     
   3.66384500000000        2.44323000000000      -0.312298894119394     
   3.66384500000000        2.74838375000000      -0.268685964776292     
   3.66384500000000        3.05353750000000      -0.239952682839857     
   3.66384500000000        3.35869125000000      -0.219717440456419     
   3.66384500000000        3.66384500000000      -0.203630718691072     
   3.66384500000000        3.96899875000000      -0.189622574891687     
   3.66384500000000        4.27415250000000      -0.177092914635141     
   3.66384500000000        4.57930625000000      -0.165950303377273     
   3.66384500000000        4.88446000000000      -0.155914214541187     
   3.66384500000000        5.18961375000000      -0.146380100947882     
   3.66384500000000        5.49476750000000      -0.136743104979513     
   3.66384500000000        5.79992125000000      -0.126680818181321     
   3.66384500000000        6.10507500000000      -0.116045890836284     
   3.66384500000000        6.41022875000000      -0.105000828073249     
   3.66384500000000        6.71538250000000      -9.480361135537116E-002
   3.66384500000000        7.02053625000000      -8.810587800253120E-002
   3.66384500000000        7.32569000000000      -8.395022836915966E-002
   3.96899875000000       2.000000000000000E-003  -1.59511507588664     
   3.96899875000000       0.307153750000000       -1.52243700994347     
   3.96899875000000       0.612307500000000       -1.31341340949251     
   3.96899875000000       0.917461250000000       -1.03880371210267     
   3.96899875000000        1.22261500000000      -0.785729761704032     
   3.96899875000000        1.52776875000000      -0.596382645353672     
   3.96899875000000        1.83292250000000      -0.465196416878197     
   3.96899875000000        2.13807625000000      -0.372903497570916     
   3.96899875000000        2.44323000000000      -0.309422796595714     
   3.96899875000000        2.74838375000000      -0.267199632098642     
   3.96899875000000        3.05353750000000      -0.239182393029155     
   3.96899875000000        3.35869125000000      -0.219257303091798     
   3.96899875000000        3.66384500000000      -0.203273906887123     
   3.96899875000000        3.96899875000000      -0.189277377563317     
   3.96899875000000        4.27415250000000      -0.176748010169687     
   3.96899875000000        4.57930625000000      -0.165622356745531     
   3.96899875000000        4.88446000000000      -0.155615067290662     
   3.96899875000000        5.18961375000000      -0.146122184642488     
   3.96899875000000        5.49476750000000      -0.136555390459775     
   3.96899875000000        5.79992125000000      -0.126626139225513     
   3.96899875000000        6.10507500000000      -0.116268799631385     
   3.96899875000000        6.41022875000000      -0.105687628778003     
   3.96899875000000        6.71538250000000      -9.611632853485615E-002
   3.96899875000000        7.02053625000000      -8.977355096920879E-002
   3.96899875000000        7.32569000000000      -8.633629882251823E-002
   4.27415250000000       2.000000000000000E-003  -1.36890243936700     
   4.27415250000000       0.307153750000000       -1.30430988754092     
   4.27415250000000       0.612307500000000       -1.13178336469759     
   4.27415250000000       0.917461250000000      -0.913048256810563     
   4.27415250000000        1.22261500000000      -0.708251044264556     
   4.27415250000000        1.52776875000000      -0.553197877509508     
   4.27415250000000        1.83292250000000      -0.439979785895573     
   4.27415250000000        2.13807625000000      -0.358326893411805     
   4.27415250000000        2.44323000000000      -0.301397325644740     
   4.27415250000000        2.74838375000000      -0.262989539273645     
   4.27415250000000        3.05353750000000      -0.236911346251741     
   4.27415250000000        3.35869125000000      -0.217792391019900     
   4.27415250000000        3.66384500000000      -0.202060079024816     
   4.27415250000000        3.96899875000000      -0.188108911673693     
   4.27415250000000        4.27415250000000      -0.175605469276350     
   4.27415250000000        4.57930625000000      -0.164541676045806     
   4.27415250000000        4.88446000000000      -0.154626352342125     
   4.27415250000000        5.18961375000000      -0.145264772015880     
   4.27415250000000        5.49476750000000      -0.135913398650660     
   4.27415250000000        5.79992125000000      -0.126363513245349     
   4.27415250000000        6.10507500000000      -0.116716492024320     
   4.27415250000000        6.41022875000000      -0.107255174548571     
   4.27415250000000        6.71538250000000      -9.891401581976024E-002
   4.27415250000000        7.02053625000000      -9.289451757964799E-002
   4.27415250000000        7.32569000000000      -8.885782123563152E-002
   4.57930625000000       2.000000000000000E-003  -1.07509764814884     
   4.57930625000000       0.307153750000000       -1.02924366842669     
   4.57930625000000       0.612307500000000      -0.909222537150292     
   4.57930625000000       0.917461250000000      -0.755130118100405     
   4.57930625000000        1.22261500000000      -0.611316626299856     
   4.57930625000000        1.52776875000000      -0.494886467707393     
   4.57930625000000        1.83292250000000      -0.404608741861873     
   4.57930625000000        2.13807625000000      -0.337489496180169     
   4.57930625000000        2.44323000000000      -0.289751820747353     
   4.57930625000000        2.74838375000000      -0.256710159680797     
   4.57930625000000        3.05353750000000      -0.233318089890233     
   4.57930625000000        3.35869125000000      -0.215275560325784     
   4.57930625000000        3.66384500000000      -0.199871204944279     
   4.57930625000000        3.96899875000000      -0.186021668405226     
   4.57930625000000        4.27415250000000      -0.173614845648008     
   4.57930625000000        4.57930625000000      -0.162681729487176     
   4.57930625000000        4.88446000000000      -0.152921411763810     
   4.57930625000000        5.18961375000000      -0.143762782942811     
   4.57930625000000        5.49476750000000      -0.134727611538694     
   4.57930625000000        5.79992125000000      -0.125688584229240     
   4.57930625000000        6.10507500000000      -0.116838047607450     
   4.57930625000000        6.41022875000000      -0.108506073039817     
   4.57930625000000        6.71538250000000      -0.101145911972052     
   4.57930625000000        7.02053625000000      -9.523191566275087E-002
   4.57930625000000        7.32569000000000      -9.051853249961724E-002
   4.88446000000000       2.000000000000000E-003 -0.807466399003580     
   4.88446000000000       0.307153750000000      -0.778929525469399     
   4.88446000000000       0.612307500000000      -0.704538823438350     
   4.88446000000000       0.917461250000000      -0.610130310444911     
   4.88446000000000        1.22261500000000      -0.516144343115485     
   4.88446000000000        1.52776875000000      -0.433290294241551     
   4.88446000000000        1.83292250000000      -0.365756688147665     
   4.88446000000000        2.13807625000000      -0.314057510590399     
   4.88446000000000        2.44323000000000      -0.276309546423451     
   4.88446000000000        2.74838375000000      -0.249094011437191     
   4.88446000000000        3.05353750000000      -0.228577230336607     
   4.88446000000000        3.35869125000000      -0.211666521964591     
   4.88446000000000        3.66384500000000      -0.196629332294413     
   4.88446000000000        3.96899875000000      -0.182960826606725     
   4.88446000000000        4.27415250000000      -0.170753509736601     
   4.88446000000000        4.57930625000000      -0.160037603295703     
   4.88446000000000        4.88446000000000      -0.150488504262136     
   4.88446000000000        5.18961375000000      -0.141576611855372     
   4.88446000000000        5.49476750000000      -0.132911005427460     
   4.88446000000000        5.79992125000000      -0.124432942564831     
   4.88446000000000        6.10507500000000      -0.116338020461073     
   4.88446000000000        6.41022875000000      -0.108872481360163     
   4.88446000000000        6.71538250000000      -0.102207362873621     
   4.88446000000000        7.02053625000000      -9.640382312636338E-002
   4.88446000000000        7.32569000000000      -9.132587084174867E-002
   5.18961375000000       2.000000000000000E-003 -0.606385909029906     
   5.18961375000000       0.307153750000000      -0.591041317679262     
   5.18961375000000       0.612307500000000      -0.549910320506424     
   5.18961375000000       0.917461250000000      -0.493556282107210     
   5.18961375000000        1.22261500000000      -0.433034979241421     
   5.18961375000000        1.52776875000000      -0.376556723170575     
   5.18961375000000        1.83292250000000      -0.328760979282437     
   5.18961375000000        2.13807625000000      -0.291093025916840     
   5.18961375000000        2.44323000000000      -0.262533267884025     
   5.18961375000000        2.74838375000000      -0.240629398631773     
   5.18961375000000        3.05353750000000      -0.222708199265043     
   5.18961375000000        3.35869125000000      -0.206854607827999     
   5.18961375000000        3.66384500000000      -0.192257442357491     
   5.18961375000000        3.96899875000000      -0.178915732596212     
   5.18961375000000        4.27415250000000      -0.167051549769386     
   5.18961375000000        4.57930625000000      -0.156647015376653     
   5.18961375000000        4.88446000000000      -0.147350167554450     
   5.18961375000000        5.18961375000000      -0.138702509377262     
   5.18961375000000        5.49476750000000      -0.130427886768759     
   5.18961375000000        5.79992125000000      -0.122529663345718     
   5.18961375000000        6.10507500000000      -0.115159861171330     
   5.18961375000000        6.41022875000000      -0.108422899077188     
   5.18961375000000        6.71538250000000      -0.102290458078173     
   5.18961375000000        7.02053625000000      -9.666004835205264E-002
   5.18961375000000        7.32569000000000      -9.145647752144631E-002
   5.49476750000000       2.000000000000000E-003 -0.466271834509287     
   5.49476750000000       0.307153750000000      -0.457833481110588     
   5.49476750000000       0.612307500000000      -0.434964793734240     
   5.49476750000000       0.917461250000000      -0.402460994348034     
   5.49476750000000        1.22261500000000      -0.365327624792808     
   5.49476750000000        1.52776875000000      -0.328806790958382     
   5.49476750000000        1.83292250000000      -0.296680975623260     
   5.49476750000000        2.13807625000000      -0.270330715173976     
   5.49476750000000        2.44323000000000      -0.249124789115198     
   5.49476750000000        2.74838375000000      -0.231404024495965     
   5.49476750000000        3.05353750000000      -0.215551844981698     
   5.49476750000000        3.35869125000000      -0.200682470679493     
   5.49476750000000        3.66384500000000      -0.186710403409330     
   5.49476750000000        3.96899875000000      -0.173948256058125     
   5.49476750000000        4.27415250000000      -0.162620218195463     
   5.49476750000000        4.57930625000000      -0.152619821805560     
   5.49476750000000        4.88446000000000      -0.143594763737845     
   5.49476750000000        5.18961375000000      -0.135205776538459     
   5.49476750000000        5.49476750000000      -0.127322612370337     
   5.49476750000000        5.79992125000000      -0.120013764933658     
   5.49476750000000        6.10507500000000      -0.113375255820304     
   5.49476750000000        6.41022875000000      -0.107361051604310     
   5.49476750000000        6.71538250000000      -0.101751642406158     
   5.49476750000000        7.02053625000000      -9.632509817369385E-002
   5.49476750000000        7.32569000000000      -9.107825857604397E-002
   5.79992125000000       2.000000000000000E-003 -0.370932017843368     
   5.79992125000000       0.307153750000000      -0.366262429496886     
   5.79992125000000       0.612307500000000      -0.353262487054955     
   5.79992125000000       0.917461250000000      -0.334463735807008     
   5.79992125000000        1.22261500000000      -0.312938329927866     
   5.79992125000000        1.52776875000000      -0.291067828811529     
   5.79992125000000        1.83292250000000      -0.270343456464524     
   5.79992125000000        2.13807625000000      -0.252098622071342     
   5.79992125000000        2.44323000000000      -0.236038290071461     
   5.79992125000000        2.74838375000000      -0.221217990491493     
   5.79992125000000        3.05353750000000      -0.206928224190430     
   5.79992125000000        3.35869125000000      -0.193086547508001     
   5.79992125000000        3.66384500000000      -0.180065323284732     
   5.79992125000000        3.96899875000000      -0.168239719440903     
   5.79992125000000        4.27415250000000      -0.157679054696918     
   5.79992125000000        4.57930625000000      -0.148162537033225     
   5.79992125000000        4.88446000000000      -0.139398975397895     
   5.79992125000000        5.18961375000000      -0.131234974821269     
   5.79992125000000        5.49476750000000      -0.123716662529386     
   5.79992125000000        5.79992125000000      -0.116988016565432     
   5.79992125000000        6.10507500000000      -0.111113502487146     
   5.79992125000000        6.41022875000000      -0.105867727332395     
   5.79992125000000        6.71538250000000      -0.100812143266004     
   5.79992125000000        7.02053625000000      -9.560567757970581E-002
   5.79992125000000        7.32569000000000      -9.032876464284807E-002
   6.10507500000000       2.000000000000000E-003 -0.307919609483540     
   6.10507500000000       0.307153750000000      -0.305710328303586     
   6.10507500000000       0.612307500000000      -0.299103459001725     
   6.10507500000000       0.917461250000000      -0.288550529286933     
   6.10507500000000        1.22261500000000      -0.275800802183462     
   6.10507500000000        1.52776875000000      -0.262436437063908     
   6.10507500000000        1.83292250000000      -0.248986229724612     
   6.10507500000000        2.13807625000000      -0.235771124166094     
   6.10507500000000        2.44323000000000      -0.222848321779136     
   6.10507500000000        2.74838375000000      -0.209867002486450     
   6.10507500000000        3.05353750000000      -0.196808309522586     
   6.10507500000000        3.35869125000000      -0.184163733126670     
   6.10507500000000        3.66384500000000      -0.172544522247864     
   6.10507500000000        3.96899875000000      -0.162129991925287     
   6.10507500000000        4.27415250000000      -0.152598297447672     
   6.10507500000000        4.57930625000000      -0.143596931744922     
   6.10507500000000        4.88446000000000      -0.135019073502260     
   6.10507500000000        5.18961375000000      -0.126993320928578     
   6.10507500000000        5.49476750000000      -0.119758036687663     
   6.10507500000000        5.79992125000000      -0.113533750564776     
   6.10507500000000        6.10507500000000      -0.108383809693240     
   6.10507500000000        6.41022875000000      -0.103954206601890     
   6.10507500000000        6.71538250000000      -9.955738294717813E-002
   6.10507500000000        7.02053625000000      -9.459419296239686E-002
   6.10507500000000        7.32569000000000      -8.927297398454014E-002
   6.41022875000000       2.000000000000000E-003 -0.265886512450563     
   6.41022875000000       0.307153750000000      -0.266231129023046     
   6.41022875000000       0.612307500000000      -0.264452624272517     
   6.41022875000000       0.917461250000000      -0.258667342092313     
   6.41022875000000        1.22261500000000      -0.250383792915713     
   6.41022875000000        1.52776875000000      -0.241097868137106     
   6.41022875000000        1.83292250000000      -0.231115137611389     
   6.41022875000000        2.13807625000000      -0.220460820419258     
   6.41022875000000        2.44323000000000      -0.209241015271417     
   6.41022875000000        2.74838375000000      -0.197411495298490     
   6.41022875000000        3.05353750000000      -0.185300386016103     
   6.41022875000000        3.35869125000000      -0.173919686290885     
   6.41022875000000        3.66384500000000      -0.164283728235768     
   6.41022875000000        3.96899875000000      -0.156085070209608     
   6.41022875000000        4.27415250000000      -0.147984691167041     
   6.41022875000000        4.57930625000000      -0.139379769323018     
   6.41022875000000        4.88446000000000      -0.130740531220852     
   6.41022875000000        5.18961375000000      -0.122669945837780     
   6.41022875000000        5.49476750000000      -0.115544299092856     
   6.41022875000000        5.79992125000000      -0.109649743658363     
   6.41022875000000        6.10507500000000      -0.105113962098465     
   6.41022875000000        6.41022875000000      -0.101522338047982     
   6.41022875000000        6.71538250000000      -9.794178991537886E-002
   6.41022875000000        7.02053625000000      -9.325970446205660E-002
   6.41022875000000        7.32569000000000      -8.796781927563729E-002
   6.71538250000000       2.000000000000000E-003 -0.234728722959974     
   6.71538250000000       0.307153750000000      -0.239075917257320     
   6.71538250000000       0.612307500000000      -0.241690458063632     
   6.71538250000000       0.917461250000000      -0.238281569302597     
   6.71538250000000        1.22261500000000      -0.231679197714973     
   6.71538250000000        1.52776875000000      -0.223847416965474     
   6.71538250000000        1.83292250000000      -0.215173382639743     
   6.71538250000000        2.13807625000000      -0.205598053662825     
   6.71538250000000        2.44323000000000      -0.195363538272973     
   6.71538250000000        2.74838375000000      -0.184339202848691     
   6.71538250000000        3.05353750000000      -0.173070685247948     
   6.71538250000000        3.35869125000000      -0.163253472699749     
   6.71538250000000        3.66384500000000      -0.156413883933707     
   6.71538250000000        3.96899875000000      -0.151234564543998     
   6.71538250000000        4.27415250000000      -0.144649276356096     
   6.71538250000000        4.57930625000000      -0.135998226258845     
   6.71538250000000        4.88446000000000      -0.126760294811681     
   6.71538250000000        5.18961375000000      -0.118358452418979     
   6.71538250000000        5.49476750000000      -0.111117567333799     
   6.71538250000000        5.79992125000000      -0.105369701432321     
   6.71538250000000        6.10507500000000      -0.101199571347728     
   6.71538250000000        6.41022875000000      -9.823612300741368E-002
   6.71538250000000        6.71538250000000      -9.555880489246174E-002
   6.71538250000000        7.02053625000000      -9.155809897189347E-002
   6.71538250000000        7.32569000000000      -8.661535162572732E-002
   7.02053625000000       2.000000000000000E-003 -0.214694672533234     
   7.02053625000000       0.307153750000000      -0.222532971943515     
   7.02053625000000       0.612307500000000      -0.224457425752625     
   7.02053625000000       0.917461250000000      -0.221550415171269     
   7.02053625000000        1.22261500000000      -0.215543263302947     
   7.02053625000000        1.52776875000000      -0.208159572263843     
   7.02053625000000        1.83292250000000      -0.200025177376721     
   7.02053625000000        2.13807625000000      -0.191170126506055     
   7.02053625000000        2.44323000000000      -0.181846285456325     
   7.02053625000000        2.74838375000000      -0.171810076620750     
   7.02053625000000        3.05353750000000      -0.162024471247496     
   7.02053625000000        3.35869125000000      -0.154922712485952     
   7.02053625000000        3.66384500000000      -0.151222943532389     
   7.02053625000000        3.96899875000000      -0.148202405774065     
   7.02053625000000        4.27415250000000      -0.142386567812911     
   7.02053625000000        4.57930625000000      -0.133033804221026     
   7.02053625000000        4.88446000000000      -0.122913687788748     
   7.02053625000000        5.18961375000000      -0.114001111067954     
   7.02053625000000        5.49476750000000      -0.106585590179071     
   7.02053625000000        5.79992125000000      -0.100877117153560     
   7.02053625000000        6.10507500000000      -9.678190979177846E-002
   7.02053625000000        6.41022875000000      -9.394507382994710E-002
   7.02053625000000        6.71538250000000      -9.172643325124108E-002
   7.02053625000000        7.02053625000000      -8.971645578787185E-002
   7.02053625000000        7.32569000000000      -8.601932828441458E-002
   7.32569000000000       2.000000000000000E-003 -0.207695319352832     
   7.32569000000000       0.307153750000000      -0.212842523984445     
   7.32569000000000       0.612307500000000      -0.209441284000146     
   7.32569000000000       0.917461250000000      -0.205535617102233     
   7.32569000000000        1.22261500000000      -0.199863945147034     
   7.32569000000000        1.52776875000000      -0.193007983080737     
   7.32569000000000        1.83292250000000      -0.185496829169872     
   7.32569000000000        2.13807625000000      -0.177590207658493     
   7.32569000000000        2.44323000000000      -0.169433921929939     
   7.32569000000000        2.74838375000000      -0.160952463118456     
   7.32569000000000        3.05353750000000      -0.153554190612875     
   7.32569000000000        3.35869125000000      -0.149851147350749     
   7.32569000000000        3.66384500000000      -0.146719781533855     
   7.32569000000000        3.96899875000000      -0.143739069486223     
   7.32569000000000        4.27415250000000      -0.138618719585852     
   7.32569000000000        4.57930625000000      -0.128852635939359     
   7.32569000000000        4.88446000000000      -0.118420703035660     
   7.32569000000000        5.18961375000000      -0.109432770310854     
   7.32569000000000        5.49476750000000      -0.102107795888151     
   7.32569000000000        5.79992125000000      -9.652760361871145E-002
   7.32569000000000        6.10507500000000      -9.255747899202410E-002
   7.32569000000000        6.41022875000000      -8.986473737485827E-002
   7.32569000000000        6.71538250000000      -8.787776373615337E-002
   7.32569000000000        7.02053625000000      -8.595826089282964E-002
   7.32569000000000        7.32569000000000      -8.475916298792477E-002
