  2.000000000000000E-003  2.000000000000000E-003  -2.32360172494259     
  2.000000000000000E-003  0.307153750000000       -2.12078155170457     
  2.000000000000000E-003  0.612307500000000       -1.67690632989108     
  2.000000000000000E-003  0.917461250000000       -1.24209806186628     
  2.000000000000000E-003   1.22261500000000      -0.926292711152456     
  2.000000000000000E-003   1.52776875000000      -0.709565828658690     
  2.000000000000000E-003   1.83292250000000      -0.559689697200265     
  2.000000000000000E-003   2.13807625000000      -0.454545618245910     
  2.000000000000000E-003   2.44323000000000      -0.378698411627339     
  2.000000000000000E-003   2.74838375000000      -0.323982487098949     
  2.000000000000000E-003   3.05353750000000      -0.284520425400433     
  2.000000000000000E-003   3.35869125000000      -0.254663289402264     
  2.000000000000000E-003   3.66384500000000      -0.232790714866218     
  2.000000000000000E-003   3.96899875000000      -0.208883763156032     
  2.000000000000000E-003   4.27415250000000      -0.190225766943716     
  2.000000000000000E-003   4.57930625000000      -0.171815299500391     
  2.000000000000000E-003   4.88446000000000      -0.155147740060118     
  2.000000000000000E-003   5.18961375000000      -0.141427856803962     
  2.000000000000000E-003   5.49476750000000      -0.130589706979534     
  2.000000000000000E-003   5.79992125000000      -0.122798429085811     
  2.000000000000000E-003   6.10507500000000      -0.117675535539306     
  2.000000000000000E-003   6.41022875000000      -0.113893439128023     
  2.000000000000000E-003   6.71538250000000      -0.109300350702320     
  2.000000000000000E-003   7.02053625000000      -0.104125322640841     
  2.000000000000000E-003   7.32569000000000      -9.814320090488231E-002
  0.307153750000000       2.000000000000000E-003  -2.12094192805416     
  0.307153750000000       0.307153750000000       -1.96602167335394     
  0.307153750000000       0.612307500000000       -1.57353910571413     
  0.307153750000000       0.917461250000000       -1.18591576375952     
  0.307153750000000        1.22261500000000      -0.896284802936279     
  0.307153750000000        1.52776875000000      -0.692821116144991     
  0.307153750000000        1.83292250000000      -0.550036196618728     
  0.307153750000000        2.13807625000000      -0.448923733034191     
  0.307153750000000        2.44323000000000      -0.375685433926417     
  0.307153750000000        2.74838375000000      -0.322739519632293     
  0.307153750000000        3.05353750000000      -0.285140952123864     
  0.307153750000000        3.35869125000000      -0.257741254866244     
  0.307153750000000        3.66384500000000      -0.235097850596014     
  0.307153750000000        3.96899875000000      -0.212197407570745     
  0.307153750000000        4.27415250000000      -0.190974473713521     
  0.307153750000000        4.57930625000000      -0.171626907479251     
  0.307153750000000        4.88446000000000      -0.154840621260915     
  0.307153750000000        5.18961375000000      -0.141278150344770     
  0.307153750000000        5.49476750000000      -0.130503692539257     
  0.307153750000000        5.79992125000000      -0.122619524972898     
  0.307153750000000        6.10507500000000      -0.117184547622049     
  0.307153750000000        6.41022875000000      -0.112752348900750     
  0.307153750000000        6.71538250000000      -0.106802201951965     
  0.307153750000000        7.02053625000000      -0.100725089620875     
  0.307153750000000        7.32569000000000      -0.102391565321785     
  0.612307500000000       2.000000000000000E-003  -1.67708179206720     
  0.612307500000000       0.307153750000000       -1.57363708564536     
  0.612307500000000       0.612307500000000       -1.31887101701665     
  0.612307500000000       0.917461250000000       -1.04335981176288     
  0.612307500000000        1.22261500000000      -0.817127090624898     
  0.612307500000000        1.52776875000000      -0.647537512163007     
  0.612307500000000        1.83292250000000      -0.523376791415737     
  0.612307500000000        2.13807625000000      -0.432994091555924     
  0.612307500000000        2.44323000000000      -0.366601197042157     
  0.612307500000000        2.74838375000000      -0.318070422468466     
  0.612307500000000        3.05353750000000      -0.283627454949071     
  0.612307500000000        3.35869125000000      -0.258358323433179     
  0.612307500000000        3.66384500000000      -0.236113899646274     
  0.612307500000000        3.96899875000000      -0.212929500413092     
  0.612307500000000        4.27415250000000      -0.190296752540312     
  0.612307500000000        4.57930625000000      -0.170408410380400     
  0.612307500000000        4.88446000000000      -0.153860036860990     
  0.612307500000000        5.18961375000000      -0.140817409829958     
  0.612307500000000        5.49476750000000      -0.130336643113495     
  0.612307500000000        5.79992125000000      -0.122298690740007     
  0.612307500000000        6.10507500000000      -0.116449754565262     
  0.612307500000000        6.41022875000000      -0.111673313717741     
  0.612307500000000        6.71538250000000      -0.106905970352767     
  0.612307500000000        7.02053625000000      -0.104192969548731     
  0.612307500000000        7.32569000000000      -0.104116892392937     
  0.917461250000000       2.000000000000000E-003  -1.24221763745269     
  0.917461250000000       0.307153750000000       -1.18600205322923     
  0.917461250000000       0.612307500000000       -1.04339038075366     
  0.917461250000000       0.917461250000000      -0.871596114645823     
  0.917461250000000        1.22261500000000      -0.713891932317386     
  0.917461250000000        1.52776875000000      -0.585045070407019     
  0.917461250000000        1.83292250000000      -0.485061810232642     
  0.917461250000000        2.13807625000000      -0.409078987169434     
  0.917461250000000        2.44323000000000      -0.351625153637063     
  0.917461250000000        2.74838375000000      -0.308550749560574     
  0.917461250000000        3.05353750000000      -0.276694442958111     
  0.917461250000000        3.35869125000000      -0.251956205644337     
  0.917461250000000        3.66384500000000      -0.229795691541688     
  0.917461250000000        3.96899875000000      -0.207738265519384     
  0.917461250000000        4.27415250000000      -0.186513193169268     
  0.917461250000000        4.57930625000000      -0.167767032915901     
  0.917461250000000        4.88446000000000      -0.152408702834760     
  0.917461250000000        5.18961375000000      -0.140169403465141     
  0.917461250000000        5.49476750000000      -0.130296360312991     
  0.917461250000000        5.79992125000000      -0.122348466093114     
  0.917461250000000        6.10507500000000      -0.116411332597140     
  0.917461250000000        6.41022875000000      -0.111971845882320     
  0.917461250000000        6.71538250000000      -0.108758470776740     
  0.917461250000000        7.02053625000000      -0.107029890008071     
  0.917461250000000        7.32569000000000      -0.105019031894066     
   1.22261500000000       2.000000000000000E-003 -0.926350772113722     
   1.22261500000000       0.307153750000000      -0.896328820098391     
   1.22261500000000       0.612307500000000      -0.817145649440382     
   1.22261500000000       0.917461250000000      -0.713893780502845     
   1.22261500000000        1.22261500000000      -0.609754338913531     
   1.22261500000000        1.52776875000000      -0.517553991381861     
   1.22261500000000        1.83292250000000      -0.441357036301334     
   1.22261500000000        2.13807625000000      -0.380392877002084     
   1.22261500000000        2.44323000000000      -0.332433851319368     
   1.22261500000000        2.74838375000000      -0.294994214773048     
   1.22261500000000        3.05353750000000      -0.265606166425287     
   1.22261500000000        3.35869125000000      -0.241657050264055     
   1.22261500000000        3.66384500000000      -0.220292256887492     
   1.22261500000000        3.96899875000000      -0.200001366525200     
   1.22261500000000        4.27415250000000      -0.181093271941578     
   1.22261500000000        4.57930625000000      -0.164558526217514     
   1.22261500000000        4.88446000000000      -0.150742754059078     
   1.22261500000000        5.18961375000000      -0.139485512311490     
   1.22261500000000        5.49476750000000      -0.130376478231800     
   1.22261500000000        5.79992125000000      -0.122905174278670     
   1.22261500000000        6.10507500000000      -0.117065153645406     
   1.22261500000000        6.41022875000000      -0.112747907965402     
   1.22261500000000        6.71538250000000      -0.109687545488202     
   1.22261500000000        7.02053625000000      -0.107368921763330     
   1.22261500000000        7.32569000000000      -0.104494237198139     
   1.52776875000000       2.000000000000000E-003 -0.709572136569925     
   1.52776875000000       0.307153750000000      -0.692822263235841     
   1.52776875000000       0.612307500000000      -0.647530408803638     
   1.52776875000000       0.917461250000000      -0.585033879250441     
   1.52776875000000        1.22261500000000      -0.517545753121498     
   1.52776875000000        1.52776875000000      -0.453642170401391     
   1.52776875000000        1.83292250000000      -0.397434853790994     
   1.52776875000000        2.13807625000000      -0.350069683007298     
   1.52776875000000        2.44323000000000      -0.311109088501281     
   1.52776875000000        2.74838375000000      -0.279295164507491     
   1.52776875000000        3.05353750000000      -0.253015897159347     
   1.52776875000000        3.35869125000000      -0.230608418937296     
   1.52776875000000        3.66384500000000      -0.210663054831922     
   1.52776875000000        3.96899875000000      -0.192424433546037     
   1.52776875000000        4.27415250000000      -0.175889610339491     
   1.52776875000000        4.57930625000000      -0.161371116193450     
   1.52776875000000        4.88446000000000      -0.149052562180868     
   1.52776875000000        5.18961375000000      -0.138863855878258     
   1.52776875000000        5.49476750000000      -0.130538443597039     
   1.52776875000000        5.79992125000000      -0.123716466808746     
   1.52776875000000        6.10507500000000      -0.118071032750884     
   1.52776875000000        6.41022875000000      -0.113586314036053     
   1.52776875000000        6.71538250000000      -0.110044906849935     
   1.52776875000000        7.02053625000000      -0.106945272747940     
   1.52776875000000        7.32569000000000      -0.103593136006704     
   1.83292250000000       2.000000000000000E-003 -0.559655864003941     
   1.83292250000000       0.307153750000000      -0.550002061790304     
   1.83292250000000       0.612307500000000      -0.523344444907883     
   1.83292250000000       0.917461250000000      -0.485034268065957     
   1.83292250000000        1.22261500000000      -0.441336981853304     
   1.83292250000000        1.52776875000000      -0.397424166571970     
   1.83292250000000        1.83292250000000      -0.356608720407240     
   1.83292250000000        2.13807625000000      -0.320477817769609     
   1.83292250000000        2.44323000000000      -0.289356281551085     
   1.83292250000000        2.74838375000000      -0.262777066016622     
   1.83292250000000        3.05353750000000      -0.239890126373238     
   1.83292250000000        3.35869125000000      -0.219795178582331     
   1.83292250000000        3.66384500000000      -0.201793569419122     
   1.83292250000000        3.96899875000000      -0.185535026914774     
   1.83292250000000        4.27415250000000      -0.170990431399882     
   1.83292250000000        4.57930625000000      -0.158263427529116     
   1.83292250000000        4.88446000000000      -0.147396261940087     
   1.83292250000000        5.18961375000000      -0.138286791123120     
   1.83292250000000        5.49476750000000      -0.130706530278426     
   1.83292250000000        5.79992125000000      -0.124365178681757     
   1.83292250000000        6.10507500000000      -0.118985234376658     
   1.83292250000000        6.41022875000000      -0.114354859936315     
   1.83292250000000        6.71538250000000      -0.110313114017431     
   1.83292250000000        7.02053625000000      -0.106619446856631     
   1.83292250000000        7.32569000000000      -0.102936316684779     
   2.13807625000000       2.000000000000000E-003 -0.454481664856516     
   2.13807625000000       0.307153750000000      -0.448863400595235     
   2.13807625000000       0.612307500000000      -0.432942180919306     
   2.13807625000000       0.917461250000000      -0.409037392014615     
   2.13807625000000        1.22261500000000      -0.380361484774505     
   2.13807625000000        1.52776875000000      -0.350047932932171     
   2.13807625000000        1.83292250000000      -0.320466048937998     
   2.13807625000000        2.13807625000000      -0.293029414364593     
   2.13807625000000        2.44323000000000      -0.268315338438251     
   2.13807625000000        2.74838375000000      -0.246313804350963     
   2.13807625000000        3.05353750000000      -0.226705852118728     
   2.13807625000000        3.35869125000000      -0.209107735908323     
   2.13807625000000        3.66384500000000      -0.193233939943263     
   2.13807625000000        3.96899875000000      -0.178959051235312     
   2.13807625000000        4.27415250000000      -0.166279298258994     
   2.13807625000000        4.57930625000000      -0.155212753504984     
   2.13807625000000        4.88446000000000      -0.145708375253149     
   2.13807625000000        5.18961375000000      -0.137613692736042     
   2.13807625000000        5.49476750000000      -0.130698890110522     
   2.13807625000000        5.79992125000000      -0.124711408128286     
   2.13807625000000        6.10507500000000      -0.119432340519517     
   2.13807625000000        6.41022875000000      -0.114708006415408     
   2.13807625000000        6.71538250000000      -0.110428414757595     
   2.13807625000000        7.02053625000000      -0.106457276194201     
   2.13807625000000        7.32569000000000      -0.102606158889334     
   2.44323000000000       2.000000000000000E-003 -0.378614539050816     
   2.44323000000000       0.307153750000000      -0.375610122780059     
   2.44323000000000       0.612307500000000      -0.366539404997260     
   2.44323000000000       0.917461250000000      -0.351576182335930     
   2.44323000000000        1.22261500000000      -0.332394776885827     
   2.44323000000000        1.52776875000000      -0.311077447230064     
   2.44323000000000        1.83292250000000      -0.289331863398263     
   2.44323000000000        2.13807625000000      -0.268300824641167     
   2.44323000000000        2.44323000000000      -0.248603475175601     
   2.44323000000000        2.74838375000000      -0.230463428105941     
   2.44323000000000        3.05353750000000      -0.213872406293458     
   2.44323000000000        3.35869125000000      -0.198743809874817     
   2.44323000000000        3.66384500000000      -0.185012608362979     
   2.44323000000000        3.96899875000000      -0.172666374359299     
   2.44323000000000        4.27415250000000      -0.161717930693420     
   2.44323000000000        4.57930625000000      -0.152145822958258     
   2.44323000000000        4.88446000000000      -0.143847746061956     
   2.44323000000000        5.18961375000000      -0.136635777728018     
   2.44323000000000        5.49476750000000      -0.130274253341264     
   2.44323000000000        5.79992125000000      -0.124541731774188     
   2.44323000000000        6.10507500000000      -0.119291976656994     
   2.44323000000000        6.41022875000000      -0.114487870534904     
   2.44323000000000        6.71538250000000      -0.110169547301521     
   2.44323000000000        7.02053625000000      -0.106292584065237     
   2.44323000000000        7.32569000000000      -0.102533049785555     
   2.74838375000000       2.000000000000000E-003 -0.323885726088953     
   2.74838375000000       0.307153750000000      -0.322662715817843     
   2.74838375000000       0.612307500000000      -0.318017316177877     
   2.74838375000000       0.917461250000000      -0.308508213804604     
   2.74838375000000        1.22261500000000      -0.294954005851387     
   2.74838375000000        1.52776875000000      -0.279255903724584     
   2.74838375000000        1.83292250000000      -0.262739535880795     
   2.74838375000000        2.13807625000000      -0.246282173911599     
   2.74838375000000        2.44323000000000      -0.230444326127670     
   2.74838375000000        2.74838375000000      -0.215530723990246     
   2.74838375000000        3.05353750000000      -0.201665987150770     
   2.74838375000000        3.35869125000000      -0.188885827453544     
   2.74838375000000        3.66384500000000      -0.177207630922736     
   2.74838375000000        3.96899875000000      -0.166657227902165     
   2.74838375000000        4.27415250000000      -0.157252591510996     
   2.74838375000000        4.57930625000000      -0.148960825135297     
   2.74838375000000        4.88446000000000      -0.141664679871989     
   2.74838375000000        5.18961375000000      -0.135165938129693     
   2.74838375000000        5.49476750000000      -0.129232311857232     
   2.74838375000000        5.79992125000000      -0.123671633547894     
   2.74838375000000        6.10507500000000      -0.118406200022211     
   2.74838375000000        6.41022875000000      -0.113539090968257     
   2.74838375000000        6.71538250000000      -0.109308990072409     
   2.74838375000000        7.02053625000000      -0.105797149220782     
   2.74838375000000        7.32569000000000      -0.102472959841026     
   3.05353750000000       2.000000000000000E-003 -0.284407847016066     
   3.05353750000000       0.307153750000000      -0.285070364633630     
   3.05353750000000       0.612307500000000      -0.283599110714730     
   3.05353750000000       0.917461250000000      -0.276675806635449     
   3.05353750000000        1.22261500000000      -0.265573471813243     
   3.05353750000000        1.52776875000000      -0.252971586279915     
   3.05353750000000        1.83292250000000      -0.239839457835569     
   3.05353750000000        2.13807625000000      -0.226655513399465     
   3.05353750000000        2.44323000000000      -0.213831263926161     
   3.05353750000000        2.74838375000000      -0.201642589073101     
   3.05353750000000        3.05353750000000      -0.190221918752133     
   3.05353750000000        3.35869125000000      -0.179610097169234     
   3.05353750000000        3.66384500000000      -0.169821825928509     
   3.05353750000000        3.96899875000000      -0.160879379078210     
   3.05353750000000        4.27415250000000      -0.152802348427933     
   3.05353750000000        4.57930625000000      -0.145566348218551     
   3.05353750000000        4.88446000000000      -0.139066589398999     
   3.05353750000000        5.18961375000000      -0.133117902527540     
   3.05353750000000        5.49476750000000      -0.127503610829473     
   3.05353750000000        5.79992125000000      -0.122053717333400     
   3.05353750000000        6.10507500000000      -0.116714199762143     
   3.05353750000000        6.41022875000000      -0.111617563806215     
   3.05353750000000        6.71538250000000      -0.107279900363881     
   3.05353750000000        7.02053625000000      -0.104368537640756     
   3.05353750000000        7.32569000000000      -0.101996050891564     
   3.35869125000000       2.000000000000000E-003 -0.254519316179227     
   3.35869125000000       0.307153750000000      -0.257676705879466     
   3.35869125000000       0.612307500000000      -0.258365126660131     
   3.35869125000000       0.917461250000000      -0.251967215049154     
   3.35869125000000        1.22261500000000      -0.241637300489440     
   3.35869125000000        1.52776875000000      -0.230560058275755     
   3.35869125000000        1.83292250000000      -0.219731299786796     
   3.35869125000000        2.13807625000000      -0.209038250934026     
   3.35869125000000        2.44323000000000      -0.198679818248287     
   3.35869125000000        2.74838375000000      -0.188837693419641     
   3.35869125000000        3.05353750000000      -0.179584730801563     
   3.35869125000000        3.35869125000000      -0.170913075397290     
   3.35869125000000        3.66384500000000      -0.162800906464711     
   3.35869125000000        3.96899875000000      -0.155253891466979     
   3.35869125000000        4.27415250000000      -0.148295954480030     
   3.35869125000000        4.57930625000000      -0.141922071080597     
   3.35869125000000        4.88446000000000      -0.136053820120560     
   3.35869125000000        5.18961375000000      -0.130534581779157     
   3.35869125000000        5.49476750000000      -0.125176254850068     
   3.35869125000000        5.79992125000000      -0.119826951634279     
   3.35869125000000        6.10507500000000      -0.114388666127727     
   3.35869125000000        6.41022875000000      -0.108937697700462     
   3.35869125000000        6.71538250000000      -0.104228318980172     
   3.35869125000000        7.02053625000000      -0.101712546044848     
   3.35869125000000        7.32569000000000      -0.100505121912998     
   3.66384500000000       2.000000000000000E-003 -0.232629309668203     
   3.66384500000000       0.307153750000000      -0.235048142609005     
   3.66384500000000       0.612307500000000      -0.236152090665696     
   3.66384500000000       0.917461250000000      -0.229826385218297     
   3.66384500000000        1.22261500000000      -0.220278038533631     
   3.66384500000000        1.52776875000000      -0.210608089289849     
   3.66384500000000        1.83292250000000      -0.201715821461843     
   3.66384500000000        2.13807625000000      -0.193145720962384     
   3.66384500000000        2.44323000000000      -0.184926672522808     
   3.66384500000000        2.74838375000000      -0.177135700427124     
   3.66384500000000        3.05353750000000      -0.169771822991115     
   3.66384500000000        3.35869125000000      -0.162776023811874     
   3.66384500000000        3.66384500000000      -0.156096646190258     
   3.66384500000000        3.96899875000000      -0.149730610188918     
   3.66384500000000        4.27415250000000      -0.143711118282978     
   3.66384500000000        4.57930625000000      -0.138053716213767     
   3.66384500000000        4.88446000000000      -0.132707613630580     
   3.66384500000000        5.18961375000000      -0.127551864226574     
   3.66384500000000        5.49476750000000      -0.122441119920005     
   3.66384500000000        5.79992125000000      -0.117260526106664     
   3.66384500000000        6.10507500000000      -0.111903052329429     
   3.66384500000000        6.41022875000000      -0.106485664129181     
   3.66384500000000        6.71538250000000      -0.101816759874647     
   3.66384500000000        7.02053625000000      -9.942796697130735E-002
   3.66384500000000        7.32569000000000      -9.813571685013345E-002
   3.96899875000000       2.000000000000000E-003 -0.208827759974151     
   3.96899875000000       0.307153750000000      -0.212207050477660     
   3.96899875000000       0.612307500000000      -0.212981828610601     
   3.96899875000000       0.917461250000000      -0.207765581726090     
   3.96899875000000        1.22261500000000      -0.199976903302625     
   3.96899875000000        1.52776875000000      -0.192357516009377     
   3.96899875000000        1.83292250000000      -0.185442417502688     
   3.96899875000000        2.13807625000000      -0.178853253873431     
   3.96899875000000        2.44323000000000      -0.172560594747233     
   3.96899875000000        2.74838375000000      -0.166563710098939     
   3.96899875000000        3.05353750000000      -0.160806658981591     
   3.96899875000000        3.35869125000000      -0.155205790466486     
   3.96899875000000        3.66384500000000      -0.149707336457131     
   3.96899875000000        3.96899875000000      -0.144317649380293     
   3.96899875000000        4.27415250000000      -0.139082954944970     
   3.96899875000000        4.57930625000000      -0.134034359128758     
   3.96899875000000        4.88446000000000      -0.129143302287320     
   3.96899875000000        5.18961375000000      -0.124324899549436     
   3.96899875000000        5.49476750000000      -0.119486516985006     
   3.96899875000000        5.79992125000000      -0.114582042245477     
   3.96899875000000        6.10507500000000      -0.109613632358151     
   3.96899875000000        6.41022875000000      -0.104858234081955     
   3.96899875000000        6.71538250000000      -0.101246869865908     
   3.96899875000000        7.02053625000000      -9.980227273069980E-002
   3.96899875000000        7.32569000000000      -9.850216364730596E-002
   4.27415250000000       2.000000000000000E-003 -0.190247040307212     
   4.27415250000000       0.307153750000000      -0.191012409976710     
   4.27415250000000       0.612307500000000      -0.190330625907303     
   4.27415250000000       0.917461250000000      -0.186511754870251     
   4.27415250000000        1.22261500000000      -0.181044607549034     
   4.27415250000000        1.52776875000000      -0.175805948518021     
   4.27415250000000        1.83292250000000      -0.170882746595646     
   4.27415250000000        2.13807625000000      -0.166158237838931     
   4.27415250000000        2.44323000000000      -0.161595611126983     
   4.27415250000000        2.74838375000000      -0.157140631450197     
   4.27415250000000        3.05353750000000      -0.152709380118384     
   4.27415250000000        3.35869125000000      -0.148226588145011     
   4.27415250000000        3.66384500000000      -0.143666529224739     
   4.27415250000000        3.96899875000000      -0.139062057638499     
   4.27415250000000        4.27415250000000      -0.134474598636237     
   4.27415250000000        4.57930625000000      -0.129944584702429     
   4.27415250000000        4.88446000000000      -0.125458869490598     
   4.27415250000000        5.18961375000000      -0.120963726967607     
   4.27415250000000        5.49476750000000      -0.116416575822124     
   4.27415250000000        5.79992125000000      -0.111843094218625     
   4.27415250000000        6.10507500000000      -0.107377772014624     
   4.27415250000000        6.41022875000000      -0.103380903542371     
   4.27415250000000        6.71538250000000      -0.100612279896168     
   4.27415250000000        7.02053625000000      -9.930008947827425E-002
   4.27415250000000        7.32569000000000      -9.758612205693321E-002
   4.57930625000000       2.000000000000000E-003 -0.171818873744800     
   4.57930625000000       0.307153750000000      -0.171629534886488     
   4.57930625000000       0.612307500000000      -0.170393228947849     
   4.57930625000000       0.917461250000000      -0.167719764631177     
   4.57930625000000        1.22261500000000      -0.164480361109461     
   4.57930625000000        1.52776875000000      -0.161268518987033     
   4.57930625000000        1.83292250000000      -0.158142228830027     
   4.57930625000000        2.13807625000000      -0.155080509201336     
   4.57930625000000        2.44323000000000      -0.152011945087790     
   4.57930625000000        2.74838375000000      -0.148834979199263     
   4.57930625000000        3.05353750000000      -0.145456675820634     
   4.57930625000000        3.35869125000000      -0.141834228509598     
   4.57930625000000        3.66384500000000      -0.137990631325154     
   4.57930625000000        3.96899875000000      -0.133996211188086     
   4.57930625000000        4.27415250000000      -0.129928587478298     
   4.57930625000000        4.57930625000000      -0.125832545174097     
   4.57930625000000        4.88446000000000      -0.121703600286999     
   4.57930625000000        5.18961375000000      -0.117510504253503     
   4.57930625000000        5.49476750000000      -0.113246428606019     
   4.57930625000000        5.79992125000000      -0.108978409065483     
   4.57930625000000        6.10507500000000      -0.104878894597309     
   4.57930625000000        6.41022875000000      -0.101259934407666     
   4.57930625000000        6.71538250000000      -9.853529011313195E-002
   4.57930625000000        7.02053625000000      -9.655996845260281E-002
   4.57930625000000        7.32569000000000      -9.419281973715390E-002
   4.88446000000000       2.000000000000000E-003 -0.155084209898268     
   4.88446000000000       0.307153750000000      -0.154772145693089     
   4.88446000000000       0.612307500000000      -0.153778651776577     
   4.88446000000000       0.917461250000000      -0.152312770952808     
   4.88446000000000        1.22261500000000      -0.150633277709232     
   4.88446000000000        1.52776875000000      -0.148931045669880     
   4.88446000000000        1.83292250000000      -0.147264905324835     
   4.88446000000000        2.13807625000000      -0.145570754715448     
   4.88446000000000        2.44323000000000      -0.143708988697982     
   4.88446000000000        2.74838375000000      -0.141531139608674     
   4.88446000000000        3.05353750000000      -0.138945326415128     
   4.88446000000000        3.35869125000000      -0.135951830051642     
   4.88446000000000        3.66384500000000      -0.132630475826814     
   4.88446000000000        3.96899875000000      -0.129093447279448     
   4.88446000000000        4.27415250000000      -0.125434135961744     
   4.88446000000000        4.57930625000000      -0.121696755787931     
   4.88446000000000        4.88446000000000      -0.117877784393547     
   4.88446000000000        5.18961375000000      -0.113958290475082     
   4.88446000000000        5.49476750000000      -0.109950080504422     
   4.88446000000000        5.79992125000000      -0.105928771706221     
   4.88446000000000        6.10507500000000      -0.102037763609041     
   4.88446000000000        6.41022875000000      -9.846446108306682E-002
   4.88446000000000        6.71538250000000      -9.536959296696401E-002
   4.88446000000000        7.02053625000000      -9.267899583689003E-002
   4.88446000000000        7.32569000000000      -8.984894748713064E-002
   5.18961375000000       2.000000000000000E-003 -0.141280649720861     
   5.18961375000000       0.307153750000000      -0.141129417326303     
   5.18961375000000       0.612307500000000      -0.140669613645366     
   5.18961375000000       0.917461250000000      -0.140024035073674     
   5.18961375000000        1.22261500000000      -0.139343176110493     
   5.18961375000000        1.52776875000000      -0.138724417426143     
   5.18961375000000        1.83292250000000      -0.138149369332567     
   5.18961375000000        2.13807625000000      -0.137476988265364     
   5.18961375000000        2.44323000000000      -0.136499200452839     
   5.18961375000000        2.74838375000000      -0.135031292447950     
   5.18961375000000        3.05353750000000      -0.132990649015091     
   5.18961375000000        3.35869125000000      -0.130423412372943     
   5.18961375000000        3.66384500000000      -0.127465970139894     
   5.18961375000000        3.96899875000000      -0.124269937448845     
   5.18961375000000        4.27415250000000      -0.120938643962807     
   5.18961375000000        4.57930625000000      -0.117506973535200     
   5.18961375000000        4.88446000000000      -0.113963206790556     
   5.18961375000000        5.18961375000000      -0.110291312772964     
   5.18961375000000        5.49476750000000      -0.106509598018863     
   5.18961375000000        5.79992125000000      -0.102684286332298     
   5.18961375000000        6.10507500000000      -9.891221240248754E-002
   5.18961375000000        6.41022875000000      -9.528404856507287E-002
   5.18961375000000        6.71538250000000      -9.184738498517446E-002
   5.18961375000000        7.02053625000000      -8.858163467147119E-002
   5.18961375000000        7.32569000000000      -8.541422718016098E-002
   5.49476750000000       2.000000000000000E-003 -0.130347716288739     
   5.49476750000000       0.307153750000000      -0.130265994854538     
   5.49476750000000       0.612307500000000      -0.130115969874252     
   5.49476750000000       0.917461250000000      -0.130097565591431     
   5.49476750000000        1.22261500000000      -0.130199761703049     
   5.49476750000000        1.52776875000000      -0.130382045213352     
   5.49476750000000        1.83292250000000      -0.130566235309971     
   5.49476750000000        2.13807625000000      -0.130567777946356     
   5.49476750000000        2.44323000000000      -0.130144914458777     
   5.49476750000000        2.74838375000000      -0.129100954702573     
   5.49476750000000        3.05353750000000      -0.127373663051032     
   5.49476750000000        3.35869125000000      -0.125058677903470     
   5.49476750000000        3.66384500000000      -0.122349990380921     
   5.49476750000000        3.96899875000000      -0.119431695795857     
   5.49476750000000        4.27415250000000      -0.116398153539088     
   5.49476750000000        4.57930625000000      -0.113254391031446     
   5.49476750000000        4.88446000000000      -0.109968684034218     
   5.49476750000000        5.18961375000000      -0.106523626757498     
   5.49476750000000        5.49476750000000      -0.102941507003373     
   5.49476750000000        5.79992125000000      -9.927821171219064E-002
   5.49476750000000        6.10507500000000      -9.558653103027198E-002
   5.49476750000000        6.41022875000000      -9.187086625679240E-002
   5.49476750000000        6.71538250000000      -8.810109544966924E-002
   5.49476750000000        7.02053625000000      -8.436384974707527E-002
   5.49476750000000        7.32569000000000      -8.091238020598189E-002
   5.79992125000000       2.000000000000000E-003 -0.122431205066389     
   5.79992125000000       0.307153750000000      -0.122269353894952     
   5.79992125000000       0.612307500000000      -0.121993731128754     
   5.79992125000000       0.917461250000000      -0.122092886080463     
   5.79992125000000        1.22261500000000      -0.122693828775050     
   5.79992125000000        1.52776875000000      -0.123543392911386     
   5.79992125000000        1.83292250000000      -0.124222871029242     
   5.79992125000000        2.13807625000000      -0.124587216044176     
   5.79992125000000        2.44323000000000      -0.124420758768996     
   5.79992125000000        2.74838375000000      -0.123543399764708     
   5.79992125000000        3.05353750000000      -0.121918908440591     
   5.79992125000000        3.35869125000000      -0.119699846204891     
   5.79992125000000        3.66384500000000      -0.117162789228473     
   5.79992125000000        3.96899875000000      -0.114529292360555     
   5.79992125000000        4.27415250000000      -0.111835417428656     
   5.79992125000000        4.57930625000000      -0.109002136597546     
   5.79992125000000        4.88446000000000      -0.105964460263100     
   5.79992125000000        5.18961375000000      -0.102714680348860     
   5.79992125000000        5.49476750000000      -9.929362071781883E-002
   5.79992125000000        5.79992125000000      -9.576588593695837E-002
   5.79992125000000        6.10507500000000      -9.216191201176294E-002
   5.79992125000000        6.41022875000000      -8.835380159735744E-002
   5.79992125000000        6.71538250000000      -8.421965796258633E-002
   5.79992125000000        7.02053625000000      -7.994389004936484E-002
   5.79992125000000        7.32569000000000      -7.613977466853789E-002
   6.10507500000000       2.000000000000000E-003 -0.117140628685538     
   6.10507500000000       0.307153750000000      -0.116693726566538     
   6.10507500000000       0.612307500000000      -0.116051223739457     
   6.10507500000000       0.917461250000000      -0.116095279937243     
   6.10507500000000        1.22261500000000      -0.116816618749129     
   6.10507500000000        1.52776875000000      -0.117880067657950     
   6.10507500000000        1.83292250000000      -0.118838843291207     
   6.10507500000000        2.13807625000000      -0.119313084211497     
   6.10507500000000        2.44323000000000      -0.119177091563285     
   6.10507500000000        2.74838375000000      -0.118276488675790     
   6.10507500000000        3.05353750000000      -0.116564847013082     
   6.10507500000000        3.35869125000000      -0.114238862463609     
   6.10507500000000        3.66384500000000      -0.111790731279815     
   6.10507500000000        3.96899875000000      -0.109564308735393     
   6.10507500000000        4.27415250000000      -0.107385411506206     
   6.10507500000000        4.57930625000000      -0.104920378760294     
   6.10507500000000        4.88446000000000      -0.102089019663840     
   6.10507500000000        5.18961375000000      -9.895491691537904E-002
   6.10507500000000        5.49476750000000      -9.561157315373343E-002
   6.10507500000000        5.79992125000000      -9.217011612387979E-002
   6.10507500000000        6.10507500000000      -8.862556342092585E-002
   6.10507500000000        6.41022875000000      -8.474521537278716E-002
   6.10507500000000        6.71538250000000      -8.021511262491202E-002
   6.10507500000000        7.02053625000000      -7.517282878607245E-002
   6.10507500000000        7.32569000000000      -7.084454374603399E-002
   6.41022875000000       2.000000000000000E-003 -0.113152737782662     
   6.41022875000000       0.307153750000000      -0.112115064823967     
   6.41022875000000       0.612307500000000      -0.111189359164480     
   6.41022875000000       0.917461250000000      -0.111587932968778     
   6.41022875000000        1.22261500000000      -0.112448448454232     
   6.41022875000000        1.52776875000000      -0.113367831748307     
   6.41022875000000        1.83292250000000      -0.114199725057270     
   6.41022875000000        2.13807625000000      -0.114590859137697     
   6.41022875000000        2.44323000000000      -0.114377935333690     
   6.41022875000000        2.74838375000000      -0.113404666897535     
   6.41022875000000        3.05353750000000      -0.111441274394895     
   6.41022875000000        3.35869125000000      -0.108749801845627     
   6.41022875000000        3.66384500000000      -0.106353198070306     
   6.41022875000000        3.96899875000000      -0.104820162440551     
   6.41022875000000        4.27415250000000      -0.103417405834044     
   6.41022875000000        4.57930625000000      -0.101325368336629     
   6.41022875000000        4.88446000000000      -9.852792268549083E-002
   6.41022875000000        5.18961375000000      -9.533127520288404E-002
   6.41022875000000        5.49476750000000      -9.189552044241303E-002
   6.41022875000000        5.79992125000000      -8.835992048291050E-002
   6.41022875000000        6.10507500000000      -8.474472288779772E-002
   6.41022875000000        6.41022875000000      -8.079162239880651E-002
   6.41022875000000        6.71538250000000      -7.591892470572000E-002
   6.41022875000000        7.02053625000000      -6.982722483220585E-002
   6.41022875000000        7.32569000000000      -6.465492327401318E-002
   6.71538250000000       2.000000000000000E-003 -0.108369574271633     
   6.71538250000000       0.307153750000000      -0.106089550101400     
   6.71538250000000       0.612307500000000      -0.106351385585717     
   6.71538250000000       0.917461250000000      -0.108273506154260     
   6.71538250000000        1.22261500000000      -0.109307236814263     
   6.71538250000000        1.52776875000000      -0.109781559011349     
   6.71538250000000        1.83292250000000      -0.110143119359261     
   6.71538250000000        2.13807625000000      -0.110313704326833     
   6.71538250000000        2.44323000000000      -0.110072735984595     
   6.71538250000000        2.74838375000000      -0.109184957350963     
   6.71538250000000        3.05353750000000      -0.107095308064772     
   6.71538250000000        3.35869125000000      -0.104020627422048     
   6.71538250000000        3.66384500000000      -0.101692670154924     
   6.71538250000000        3.96899875000000      -0.101250945692479     
   6.71538250000000        4.27415250000000      -0.100693374662274     
   6.71538250000000        4.57930625000000      -9.863149433177019E-002
   6.71538250000000        4.88446000000000      -9.544247771382591E-002
   6.71538250000000        5.18961375000000      -9.189072045179898E-002
   6.71538250000000        5.49476750000000      -8.811478363097636E-002
   6.71538250000000        5.79992125000000      -8.421530492100930E-002
   6.71538250000000        6.10507500000000      -8.021139229438176E-002
   6.71538250000000        6.41022875000000      -7.592777560258308E-002
   6.71538250000000        6.71538250000000      -7.087130221094695E-002
   6.71538250000000        7.02053625000000      -6.402150250960871E-002
   6.71538250000000        7.32569000000000      -5.758385588700234E-002
   7.02053625000000       2.000000000000000E-003 -0.103179674038550     
   7.02053625000000       0.307153750000000      -0.100005238407086     
   7.02053625000000       0.612307500000000      -0.103450590253064     
   7.02053625000000       0.917461250000000      -0.106369755894304     
   7.02053625000000        1.22261500000000      -0.106881630127902     
   7.02053625000000        1.52776875000000      -0.106628457831132     
   7.02053625000000        1.83292250000000      -0.106432105750383     
   7.02053625000000        2.13807625000000      -0.106350765034371     
   7.02053625000000        2.44323000000000      -0.106230548042448     
   7.02053625000000        2.74838375000000      -0.105731015861953     
   7.02053625000000        3.05353750000000      -0.104253539740532     
   7.02053625000000        3.35869125000000      -0.101574411691322     
   7.02053625000000        3.66384500000000      -9.939474418723326E-002
   7.02053625000000        3.96899875000000      -9.989045991191960E-002
   7.02053625000000        4.27415250000000      -9.943573592389582E-002
   7.02053625000000        4.57930625000000      -9.668173537912071E-002
   7.02053625000000        4.88446000000000      -9.275663921456799E-002
   7.02053625000000        5.18961375000000      -8.861422756042020E-002
   7.02053625000000        5.49476750000000      -8.435978129524657E-002
   7.02053625000000        5.79992125000000      -7.992420008022312E-002
   7.02053625000000        6.10507500000000      -7.516701752179009E-002
   7.02053625000000        6.41022875000000      -6.986588032205812E-002
   7.02053625000000        6.71538250000000      -6.409986260515971E-002
   7.02053625000000        7.02053625000000      -5.883401426350027E-002
   7.02053625000000        7.32569000000000      -5.210197085179561E-002
   7.32569000000000       2.000000000000000E-003 -9.731839636298617E-002
   7.32569000000000       0.307153750000000      -0.101330028151411     
   7.32569000000000       0.612307500000000      -0.103101005208808     
   7.32569000000000       0.917461250000000      -0.104224852899999     
   7.32569000000000        1.22261500000000      -0.103942053264990     
   7.32569000000000        1.52776875000000      -0.103244993047030     
   7.32569000000000        1.83292250000000      -0.102740366189397     
   7.32569000000000        2.13807625000000      -0.102515518056000     
   7.32569000000000        2.44323000000000      -0.102524526810707     
   7.32569000000000        2.74838375000000      -0.102518009471167     
   7.32569000000000        3.05353750000000      -0.102064986270439     
   7.32569000000000        3.35869125000000      -0.100579445819435     
   7.32569000000000        3.66384500000000      -9.817836126365817E-002
   7.32569000000000        3.96899875000000      -9.864919502487367E-002
   7.32569000000000        4.27415250000000      -9.776570031470937E-002
   7.32569000000000        4.57930625000000      -9.433016417365085E-002
   7.32569000000000        4.88446000000000      -8.992300473433242E-002
   7.32569000000000        5.18961375000000      -8.543254469186787E-002
   7.32569000000000        5.49476750000000      -8.088880288264658E-002
   7.32569000000000        5.79992125000000      -7.610214320752337E-002
   7.32569000000000        6.10507500000000      -7.083104230276301E-002
   7.32569000000000        6.41022875000000      -6.471153600059493E-002
   7.32569000000000        6.71538250000000      -5.773556659670546E-002
   7.32569000000000        7.02053625000000      -5.223938323723192E-002
   7.32569000000000        7.32569000000000      -5.046764882742912E-002
