  2.000000000000000E-003  2.000000000000000E-003 -0.696785094240840     
  2.000000000000000E-003  0.307153750000000      -0.760396682284700     
  2.000000000000000E-003  0.612307500000000      -0.668309506732590     
  2.000000000000000E-003  0.917461250000000      -0.539846844397407     
  2.000000000000000E-003   1.22261500000000      -0.413706318255516     
  2.000000000000000E-003   1.52776875000000      -0.309380100891274     
  2.000000000000000E-003   1.83292250000000      -0.232788989886855     
  2.000000000000000E-003   2.13807625000000      -0.181742000814936     
  2.000000000000000E-003   2.44323000000000      -0.149913254070528     
  2.000000000000000E-003   2.74838375000000      -0.134093643366284     
  2.000000000000000E-003   3.05353750000000      -0.125143403395745     
  2.000000000000000E-003   3.35869125000000      -0.105536061518677     
  2.000000000000000E-003   3.66384500000000      -8.454075476415353E-002
  2.000000000000000E-003   3.96899875000000      -7.039307423148150E-002
  2.000000000000000E-003   4.27415250000000      -6.157944941910212E-002
  2.000000000000000E-003   4.57930625000000      -5.955565368224969E-002
  2.000000000000000E-003   4.88446000000000      -5.867328865699584E-002
  2.000000000000000E-003   5.18961375000000      -5.685506815158888E-002
  2.000000000000000E-003   5.49476750000000      -5.450517381269192E-002
  2.000000000000000E-003   5.79992125000000      -5.050371914861394E-002
  2.000000000000000E-003   6.10507500000000      -4.448825428699286E-002
  2.000000000000000E-003   6.41022875000000      -3.660834840816038E-002
  2.000000000000000E-003   6.71538250000000      -2.891867089262608E-002
  2.000000000000000E-003   7.02053625000000      -3.007921614465903E-002
  2.000000000000000E-003   7.32569000000000      -3.712319238221928E-002
  0.307153750000000       2.000000000000000E-003 -0.760645963283172     
  0.307153750000000       0.307153750000000      -0.649756932666923     
  0.307153750000000       0.612307500000000      -0.583820716915801     
  0.307153750000000       0.917461250000000      -0.497191229963002     
  0.307153750000000        1.22261500000000      -0.392351111979317     
  0.307153750000000        1.52776875000000      -0.298532698896719     
  0.307153750000000        1.83292250000000      -0.227337278391740     
  0.307153750000000        2.13807625000000      -0.178811721152876     
  0.307153750000000        2.44323000000000      -0.147805234296697     
  0.307153750000000        2.74838375000000      -0.131139438840090     
  0.307153750000000        3.05353750000000      -0.120831138970298     
  0.307153750000000        3.35869125000000      -0.102640339140742     
  0.307153750000000        3.66384500000000      -7.897937126585132E-002
  0.307153750000000        3.96899875000000      -6.637521728724162E-002
  0.307153750000000        4.27415250000000      -6.084193273882620E-002
  0.307153750000000        4.57930625000000      -5.943746121278535E-002
  0.307153750000000        4.88446000000000      -5.850859770686361E-002
  0.307153750000000        5.18961375000000      -5.667709757415279E-002
  0.307153750000000        5.49476750000000      -5.431964667302024E-002
  0.307153750000000        5.79992125000000      -5.054189538959052E-002
  0.307153750000000        6.10507500000000      -4.529744104482873E-002
  0.307153750000000        6.41022875000000      -3.947320770794407E-002
  0.307153750000000        6.71538250000000      -3.633924833230475E-002
  0.307153750000000        7.02053625000000      -4.037755054034557E-002
  0.307153750000000        7.32569000000000      -3.922519208660236E-002
  0.612307500000000       2.000000000000000E-003 -0.668580641179596     
  0.612307500000000       0.307153750000000      -0.583966059586851     
  0.612307500000000       0.612307500000000      -0.492971787561081     
  0.612307500000000       0.917461250000000      -0.422760929944991     
  0.612307500000000        1.22261500000000      -0.345588611226901     
  0.612307500000000        1.52776875000000      -0.272380046824258     
  0.612307500000000        1.83292250000000      -0.213355993037463     
  0.612307500000000        2.13807625000000      -0.170968092263948     
  0.612307500000000        2.44323000000000      -0.142381518116104     
  0.612307500000000        2.74838375000000      -0.124513267939459     
  0.612307500000000        3.05353750000000      -0.112183550851060     
  0.612307500000000        3.35869125000000      -9.681771370378071E-002
  0.612307500000000        3.66384500000000      -7.851708411674550E-002
  0.612307500000000        3.96899875000000      -6.630099311292256E-002
  0.612307500000000        4.27415250000000      -6.136038923054289E-002
  0.612307500000000        4.57930625000000      -5.970461230618328E-002
  0.612307500000000        4.88446000000000      -5.827194333547531E-002
  0.612307500000000        5.18961375000000      -5.625561153988345E-002
  0.612307500000000        5.49476750000000      -5.375240997501074E-002
  0.612307500000000        5.79992125000000      -5.040332238475256E-002
  0.612307500000000        6.10507500000000      -4.646313051871694E-002
  0.612307500000000        6.41022875000000      -4.323718150100254E-002
  0.612307500000000        6.71538250000000      -4.258432603529838E-002
  0.612307500000000        7.02053625000000      -4.299576623461594E-002
  0.612307500000000        7.32569000000000      -3.935712446504376E-002
  0.917461250000000       2.000000000000000E-003 -0.540003037184109     
  0.917461250000000       0.307153750000000      -0.497301849866306     
  0.917461250000000       0.612307500000000      -0.422799951443453     
  0.917461250000000       0.917461250000000      -0.356840060978574     
  0.917461250000000        1.22261500000000      -0.296272725145715     
  0.917461250000000        1.52776875000000      -0.240969086372393     
  0.917461250000000        1.83292250000000      -0.194914890741639     
  0.917461250000000        2.13807625000000      -0.160002658688403     
  0.917461250000000        2.44323000000000      -0.134968005992830     
  0.917461250000000        2.74838375000000      -0.117548237514465     
  0.917461250000000        3.05353750000000      -0.104644702000058     
  0.917461250000000        3.35869125000000      -9.201473058000349E-002
  0.917461250000000        3.66384500000000      -7.897796498961776E-002
  0.917461250000000        3.96899875000000      -6.894909850517808E-002
  0.917461250000000        4.27415250000000      -6.337351724667648E-002
  0.917461250000000        4.57930625000000      -6.045952142257124E-002
  0.917461250000000        4.88446000000000      -5.810927005134527E-002
  0.917461250000000        5.18961375000000      -5.564113093183118E-002
  0.917461250000000        5.49476750000000      -5.287105812356316E-002
  0.917461250000000        5.79992125000000      -4.977894155312968E-002
  0.917461250000000        6.10507500000000      -4.664072712169900E-002
  0.917461250000000        6.41022875000000      -4.430919676231777E-002
  0.917461250000000        6.71538250000000      -4.321309980158809E-002
  0.917461250000000        7.02053625000000      -4.206816718478151E-002
  0.917461250000000        7.32569000000000      -3.988550909142387E-002
   1.22261500000000       2.000000000000000E-003 -0.413788086545545     
   1.22261500000000       0.307153750000000      -0.392418014606654     
   1.22261500000000       0.612307500000000      -0.345627182982947     
   1.22261500000000       0.917461250000000      -0.296288417503418     
   1.22261500000000        1.22261500000000      -0.250764819581283     
   1.22261500000000        1.52776875000000      -0.209913652474742     
   1.22261500000000        1.83292250000000      -0.175198091085714     
   1.22261500000000        2.13807625000000      -0.147624540599071     
   1.22261500000000        2.44323000000000      -0.126709764474258     
   1.22261500000000        2.74838375000000      -0.111160334371056     
   1.22261500000000        3.05353750000000      -9.905853389817580E-002
   1.22261500000000        3.35869125000000      -8.846546349773217E-002
   1.22261500000000        3.66384500000000      -7.864234829354624E-002
   1.22261500000000        3.96899875000000      -7.054048071853064E-002
   1.22261500000000        4.27415250000000      -6.483781188143085E-002
   1.22261500000000        4.57930625000000      -6.086610631514376E-002
   1.22261500000000        4.88446000000000      -5.771748563335016E-002
   1.22261500000000        5.18961375000000      -5.478399392749363E-002
   1.22261500000000        5.49476750000000      -5.177742740296612E-002
   1.22261500000000        5.79992125000000      -4.874151044937412E-002
   1.22261500000000        6.10507500000000      -4.593767903617970E-002
   1.22261500000000        6.41022875000000      -4.379601760308193E-002
   1.22261500000000        6.71538250000000      -4.236601367948224E-002
   1.22261500000000        7.02053625000000      -4.109816825032142E-002
   1.22261500000000        7.32569000000000      -3.961210200229630E-002
   1.52776875000000       2.000000000000000E-003 -0.309441886658916     
   1.52776875000000       0.307153750000000      -0.298589361144257     
   1.52776875000000       0.612307500000000      -0.272423420121382     
   1.52776875000000       0.917461250000000      -0.240997537179366     
   1.52776875000000        1.22261500000000      -0.209927831911376     
   1.52776875000000        1.52776875000000      -0.181162573489297     
   1.52776875000000        1.83292250000000      -0.155994638634541     
   1.52776875000000        2.13807625000000      -0.135005932842908     
   1.52776875000000        2.44323000000000      -0.118225622803743     
   1.52776875000000        2.74838375000000      -0.105040014951211     
   1.52776875000000        3.05353750000000      -9.439611144530549E-002
   1.52776875000000        3.35869125000000      -8.527375158409591E-002
   1.52776875000000        3.66384500000000      -7.719852393967189E-002
   1.52776875000000        3.96899875000000      -7.030479441102068E-002
   1.52776875000000        4.27415250000000      -6.478324621138172E-002
   1.52776875000000        4.57930625000000      -6.045335764504154E-002
   1.52776875000000        4.88446000000000      -5.687778906172315E-002
   1.52776875000000        5.18961375000000      -5.363255684005832E-002
   1.52776875000000        5.49476750000000      -5.049021043995292E-002
   1.52776875000000        5.79992125000000      -4.748560271096705E-002
   1.52776875000000        6.10507500000000      -4.484827705872593E-002
   1.52776875000000        6.41022875000000      -4.279716021059825E-002
   1.52776875000000        6.71538250000000      -4.130637844001220E-002
   1.52776875000000        7.02053625000000      -4.005590640155236E-002
   1.52776875000000        7.32569000000000      -3.873298739967826E-002
   1.83292250000000       2.000000000000000E-003 -0.232865854437445     
   1.83292250000000       0.307153750000000      -0.227410003146360     
   1.83292250000000       0.612307500000000      -0.213416220860607     
   1.83292250000000       0.917461250000000      -0.194959342504766     
   1.83292250000000        1.22261500000000      -0.175226712789784     
   1.83292250000000        1.52776875000000      -0.156008578146789     
   1.83292250000000        1.83292250000000      -0.138348878800659     
   1.83292250000000        2.13807625000000      -0.122876739656087     
   1.83292250000000        2.44323000000000      -0.109810281075362     
   1.83292250000000        2.74838375000000      -9.894662522039269E-002
   1.83292250000000        3.05353750000000      -8.979895226972305E-002
   1.83292250000000        3.35869125000000      -8.186344584008119E-002
   1.83292250000000        3.66384500000000      -7.486118667352742E-002
   1.83292250000000        3.96899875000000      -6.876699128068633E-002
   1.83292250000000        4.27415250000000      -6.361392932038579E-002
   1.83292250000000        4.57930625000000      -5.930141213955712E-002
   1.83292250000000        4.88446000000000      -5.558636057358738E-002
   1.83292250000000        5.18961375000000      -5.221215069070455E-002
   1.83292250000000        5.49476750000000      -4.904598092570588E-002
   1.83292250000000        5.79992125000000      -4.613050505561238E-002
   1.83292250000000        6.10507500000000      -4.361980602275294E-002
   1.83292250000000        6.41022875000000      -4.164227969005259E-002
   1.83292250000000        6.71538250000000      -4.015965009175616E-002
   1.83292250000000        7.02053625000000      -3.891672957787304E-002
   1.83292250000000        7.32569000000000      -3.762848092373858E-002
   2.13807625000000       2.000000000000000E-003 -0.181852533192312     
   2.13807625000000       0.307153750000000      -0.178913986063906     
   2.13807625000000       0.612307500000000      -0.171049740708725     
   2.13807625000000       0.917461250000000      -0.160061664633504     
   2.13807625000000        1.22261500000000      -0.147664953705040     
   2.13807625000000        1.52776875000000      -0.135032103583707     
   2.13807625000000        1.83292250000000      -0.122890336290166     
   2.13807625000000        2.13807625000000      -0.111686519363206     
   2.13807625000000        2.44323000000000      -0.101645127462306     
   2.13807625000000        2.74838375000000      -9.278501064701236E-002
   2.13807625000000        3.05353750000000      -8.497611957438218E-002
   2.13807625000000        3.35869125000000      -7.804720547544489E-002
   2.13807625000000        3.66384500000000      -7.188547084141095E-002
   2.13807625000000        3.96899875000000      -6.645508351769833E-002
   2.13807625000000        4.27415250000000      -6.172904608629295E-002
   2.13807625000000        4.57930625000000      -5.761584985873915E-002
   2.13807625000000        4.88446000000000      -5.396071021537133E-002
   2.13807625000000        5.18961375000000      -5.061831647401391E-002
   2.13807625000000        5.49476750000000      -4.752994957917468E-002
   2.13807625000000        5.79992125000000      -4.474447667207519E-002
   2.13807625000000        6.10507500000000      -4.236529607737489E-002
   2.13807625000000        6.41022875000000      -4.045798552286424E-002
   2.13807625000000        6.71538250000000      -3.897786648653737E-002
   2.13807625000000        7.02053625000000      -3.775804972087771E-002
   2.13807625000000        7.32569000000000      -3.656721322085001E-002
   2.44323000000000       2.000000000000000E-003 -0.150070620753563     
   2.44323000000000       0.307153750000000      -0.147943061594656     
   2.44323000000000       0.612307500000000      -0.142479472049809     
   2.44323000000000       0.917461250000000      -0.135032557308908     
   2.44323000000000        1.22261500000000      -0.126754503225628     
   2.44323000000000        1.52776875000000      -0.118259763935873     
   2.44323000000000        1.83292250000000      -0.109836468882876     
   2.44323000000000        2.13807625000000      -0.101660752985707     
   2.44323000000000        2.44323000000000      -9.387862124804321E-002
   2.44323000000000        2.74838375000000      -8.661145907944903E-002
   2.44323000000000        3.05353750000000      -7.993987893818516E-002
   2.44323000000000        3.35869125000000      -7.389818088532894E-002
   2.44323000000000        3.66384500000000      -6.848650037595912E-002
   2.44323000000000        3.96899875000000      -6.367994301855685E-002
   2.44323000000000        4.27415250000000      -5.942204168560865E-002
   2.44323000000000        4.57930625000000      -5.561911072099185E-002
   2.44323000000000        4.88446000000000      -5.216267115911713E-002
   2.44323000000000        5.18961375000000      -4.897412040390597E-002
   2.44323000000000        5.49476750000000      -4.603739990282178E-002
   2.44323000000000        5.79992125000000      -4.339757912978005E-002
   2.44323000000000        6.10507500000000      -4.112414390563515E-002
   2.44323000000000        6.41022875000000      -3.926504429332983E-002
   2.44323000000000        6.71538250000000      -3.782372541436355E-002
   2.44323000000000        7.02053625000000      -3.673565806287679E-002
   2.44323000000000        7.32569000000000      -3.578842666500455E-002
   2.74838375000000       2.000000000000000E-003 -0.134294289122307     
   2.74838375000000       0.307153750000000      -0.131300038226730     
   2.74838375000000       0.612307500000000      -0.124603873302362     
   2.74838375000000       0.917461250000000      -0.117595284429285     
   2.74838375000000        1.22261500000000      -0.111195174280213     
   2.74838375000000        1.52776875000000      -0.105075092418067     
   2.74838375000000        1.83292250000000      -9.898319454476880E-002
   2.74838375000000        2.13807625000000      -9.281765222911859E-002
   2.74838375000000        2.44323000000000      -8.663169479970168E-002
   2.74838375000000        2.74838375000000      -8.058537928099012E-002
   2.74838375000000        3.05353750000000      -7.486941152122016E-002
   2.74838375000000        3.35869125000000      -6.962819772486804E-002
   2.74838375000000        3.66384500000000      -6.491969853666853E-002
   2.74838375000000        3.96899875000000      -6.072004297384928E-002
   2.74838375000000        4.27415250000000      -5.695250236311292E-002
   2.74838375000000        4.57930625000000      -5.352182281564018E-002
   2.74838375000000        4.88446000000000      -5.034754309446672E-002
   2.74838375000000        5.18961375000000      -4.738694622106508E-002
   2.74838375000000        5.49476750000000      -4.463884009038530E-002
   2.74838375000000        5.79992125000000      -4.213102087781760E-002
   2.74838375000000        6.10507500000000      -3.989762419532226E-002
   2.74838375000000        6.41022875000000      -3.797376152948904E-002
   2.74838375000000        6.71538250000000      -3.654014293420380E-002
   2.74838375000000        7.02053625000000      -3.575703211918690E-002
   2.74838375000000        7.32569000000000      -3.525402588143573E-002
   3.05353750000000       2.000000000000000E-003 -0.125344954418593     
   3.05353750000000       0.307153750000000      -0.120956338801079     
   3.05353750000000       0.612307500000000      -0.112205161467420     
   3.05353750000000       0.917461250000000      -0.104631670596055     
   3.05353750000000        1.22261500000000      -9.906365387272527E-002
   3.05353750000000        1.52776875000000      -9.442474440773871E-002
   3.05353750000000        1.83292250000000      -8.984363826509996E-002
   3.05353750000000        2.13807625000000      -8.502617939953053E-002
   3.05353750000000        2.44323000000000      -7.998283105348891E-002
   3.05353750000000        2.74838375000000      -7.489421309800599E-002
   3.05353750000000        3.05353750000000      -6.999994526436858E-002
   3.05353750000000        3.35869125000000      -6.548920452943306E-002
   3.05353750000000        3.66384500000000      -6.143801734139269E-002
   3.05353750000000        3.96899875000000      -5.781445301092154E-002
   3.05353750000000        4.27415250000000      -5.452788912305937E-002
   3.05353750000000        4.57930625000000      -5.148486573688494E-002
   3.05353750000000        4.88446000000000      -4.862353235144489E-002
   3.05353750000000        5.18961375000000      -4.591784220159288E-002
   3.05353750000000        5.49476750000000      -4.336397546539004E-002
   3.05353750000000        5.79992125000000      -4.096165090641050E-002
   3.05353750000000        6.10507500000000      -3.868492287062497E-002
   3.05353750000000        6.41022875000000      -3.657908010131465E-002
   3.05353750000000        6.71538250000000      -3.515503447637508E-002
   3.05353750000000        7.02053625000000      -3.475502373930394E-002
   3.05353750000000        7.32569000000000      -3.489198506646753E-002
   3.35869125000000       2.000000000000000E-003 -0.105654977920164     
   3.35869125000000       0.307153750000000      -0.102632743473736     
   3.35869125000000       0.612307500000000      -9.670153557306627E-002
   3.35869125000000       0.917461250000000      -9.191134324352905E-002
   3.35869125000000        1.22261500000000      -8.842837076597164E-002
   3.35869125000000        1.52776875000000      -8.529410900555853E-002
   3.35869125000000        1.83292250000000      -8.191640602577263E-002
   3.35869125000000        2.13807625000000      -7.811495873824546E-002
   3.35869125000000        2.44323000000000      -7.396414570289896E-002
   3.35869125000000        2.74838375000000      -6.967849222838784E-002
   3.35869125000000        3.05353750000000      -6.551539532263016E-002
   3.35869125000000        3.35869125000000      -6.167008948077660E-002
   3.35869125000000        3.66384500000000      -5.821561760868755E-002
   3.35869125000000        3.96899875000000      -5.511256557815458E-002
   3.35869125000000        4.27415250000000      -5.226567587223519E-002
   3.35869125000000        4.57930625000000      -4.958715451400952E-002
   3.35869125000000        4.88446000000000      -4.702763378781029E-002
   3.35869125000000        5.18961375000000      -4.456851216983158E-002
   3.35869125000000        5.49476750000000      -4.220080205655610E-002
   3.35869125000000        5.79992125000000      -3.990118865095064E-002
   3.35869125000000        6.10507500000000      -3.757226400076834E-002
   3.35869125000000        6.41022875000000      -3.538614526591551E-002
   3.35869125000000        6.71538250000000      -3.390070740214444E-002
   3.35869125000000        7.02053625000000      -3.374525576344417E-002
   3.35869125000000        7.32569000000000      -3.450720661993347E-002
   3.66384500000000       2.000000000000000E-003 -8.456189172687993E-002
   3.66384500000000       0.307153750000000      -7.882772925221737E-002
   3.66384500000000       0.612307500000000      -7.828975108787195E-002
   3.66384500000000       0.917461250000000      -7.881476605530634E-002
   3.66384500000000        1.22261500000000      -7.858243014966190E-002
   3.66384500000000        1.52776875000000      -7.721978606475292E-002
   3.66384500000000        1.83292250000000      -7.492651655381229E-002
   3.66384500000000        2.13807625000000      -7.197180429676245E-002
   3.66384500000000        2.44323000000000      -6.857433204800485E-002
   3.66384500000000        2.74838375000000      -6.499324138789339E-002
   3.66384500000000        3.05353750000000      -6.148770631871805E-002
   3.66384500000000        3.35869125000000      -5.823896032896499E-002
   3.66384500000000        3.66384500000000      -5.530848397407600E-002
   3.66384500000000        3.96899875000000      -5.265384731601598E-002
   3.66384500000000        4.27415250000000      -5.018445335542449E-002
   3.66384500000000        4.57930625000000      -4.782192419933198E-002
   3.66384500000000        4.88446000000000      -4.552643606964535E-002
   3.66384500000000        5.18961375000000      -4.328633290265687E-002
   3.66384500000000        5.49476750000000      -4.109824675788670E-002
   3.66384500000000        5.79992125000000      -3.894566388368825E-002
   3.66384500000000        6.10507500000000      -3.674357786276007E-002
   3.66384500000000        6.41022875000000      -3.475323664473783E-002
   3.66384500000000        6.71538250000000      -3.347745949435731E-002
   3.66384500000000        7.02053625000000      -3.346031804232919E-002
   3.66384500000000        7.32569000000000      -3.392577215997606E-002
   3.96899875000000       2.000000000000000E-003 -7.037928570350227E-002
   3.96899875000000       0.307153750000000      -6.624216831818290E-002
   3.96899875000000       0.612307500000000      -6.610031536903289E-002
   3.96899875000000       0.917461250000000      -6.880810578454795E-002
   3.96899875000000        1.22261500000000      -7.050053962340934E-002
   3.96899875000000        1.52776875000000      -7.034360189485887E-002
   3.96899875000000        1.83292250000000      -6.885084010495131E-002
   3.96899875000000        2.13807625000000      -6.656080584523419E-002
   3.96899875000000        2.44323000000000      -6.378734094723022E-002
   3.96899875000000        2.74838375000000      -6.081278949519716E-002
   3.96899875000000        3.05353750000000      -5.788271775516141E-002
   3.96899875000000        3.35869125000000      -5.515387149716171E-002
   3.96899875000000        3.66384500000000      -5.267144798631672E-002
   3.96899875000000        3.96899875000000      -5.039113102116605E-002
   3.96899875000000        4.27415250000000      -4.823134535332774E-002
   3.96899875000000        4.57930625000000      -4.612563289729444E-002
   3.96899875000000        4.88446000000000      -4.404447479309187E-002
   3.96899875000000        5.18961375000000      -4.198805802892119E-002
   3.96899875000000        5.49476750000000      -3.997313647447980E-002
   3.96899875000000        5.79992125000000      -3.802317628761202E-002
   3.96899875000000        6.10507500000000      -3.614826997827594E-002
   3.96899875000000        6.41022875000000      -3.461807569874836E-002
   3.96899875000000        6.71538250000000      -3.390382118444619E-002
   3.96899875000000        7.02053625000000      -3.418972161156292E-002
   3.96899875000000        7.32569000000000      -3.416177296924491E-002
   4.27415250000000       2.000000000000000E-003 -6.156695200191006E-002
   4.27415250000000       0.307153750000000      -6.078101546491999E-002
   4.27415250000000       0.612307500000000      -6.126265242807502E-002
   4.27415250000000       0.917461250000000      -6.331189987713609E-002
   4.27415250000000        1.22261500000000      -6.484880276221135E-002
   4.27415250000000        1.52776875000000      -6.485218223486174E-002
   4.27415250000000        1.83292250000000      -6.372022214517405E-002
   4.27415250000000        2.13807625000000      -6.185321045165439E-002
   4.27415250000000        2.44323000000000      -5.954529051948624E-002
   4.27415250000000        2.74838375000000      -5.705939257421995E-002
   4.27415250000000        3.05353750000000      -5.460920431287345E-002
   4.27415250000000        3.35869125000000      -5.231929837759382E-002
   4.27415250000000        3.66384500000000      -5.021386922041621E-002
   4.27415250000000        3.96899875000000      -4.824290499659652E-002
   4.27415250000000        4.27415250000000      -4.633171778490358E-002
   4.27415250000000        4.57930625000000      -4.442554945722657E-002
   4.27415250000000        4.88446000000000      -4.250792699976455E-002
   4.27415250000000        5.18961375000000      -4.059709181657375E-002
   4.27415250000000        5.49476750000000      -3.873798761777779E-002
   4.27415250000000        5.79992125000000      -3.699930614659902E-002
   4.27415250000000        6.10507500000000      -3.548035855676197E-002
   4.27415250000000        6.41022875000000      -3.439024975105937E-002
   4.27415250000000        6.71538250000000      -3.401418191829844E-002
   4.27415250000000        7.02053625000000      -3.416527653322581E-002
   4.27415250000000        7.32569000000000      -3.383588296685847E-002
   4.57930625000000       2.000000000000000E-003 -5.957467209482818E-002
   4.57930625000000       0.307153750000000      -5.944209081782459E-002
   4.57930625000000       0.612307500000000      -5.970089899967371E-002
   4.57930625000000       0.917461250000000      -6.048108121335277E-002
   4.57930625000000        1.22261500000000      -6.092954720929240E-002
   4.57930625000000        1.52776875000000      -6.055462798631366E-002
   4.57930625000000        1.83292250000000      -5.942922882641315E-002
   4.57930625000000        2.13807625000000      -5.775499449278197E-002
   4.57930625000000        2.44323000000000      -5.575343779086987E-002
   4.57930625000000        2.74838375000000      -5.363786515954939E-002
   4.57930625000000        3.05353750000000      -5.157467986340868E-002
   4.57930625000000        3.35869125000000      -4.964913768720576E-002
   4.57930625000000        3.66384500000000      -4.785959772746735E-002
   4.57930625000000        3.96899875000000      -4.614527908571512E-002
   4.57930625000000        4.27415250000000      -4.443349505498913E-002
   4.57930625000000        4.57930625000000      -4.267915874648230E-002
   4.57930625000000        4.88446000000000      -4.088100051738140E-002
   4.57930625000000        5.18961375000000      -3.907918380402577E-002
   4.57930625000000        5.49476750000000      -3.734651299783356E-002
   4.57930625000000        5.79992125000000      -3.577980580542741E-002
   4.57930625000000        6.10507500000000      -3.449512475143466E-002
   4.57930625000000        6.41022875000000      -3.363553096311044E-002
   4.57930625000000        6.71538250000000      -3.328999602344956E-002
   4.57930625000000        7.02053625000000      -3.317147104397696E-002
   4.57930625000000        7.32569000000000      -3.270333043658976E-002
   4.88446000000000       2.000000000000000E-003 -5.873637999638735E-002
   4.88446000000000       0.307153750000000      -5.857019431408077E-002
   4.88446000000000       0.612307500000000      -5.833755811438773E-002
   4.88446000000000       0.917461250000000      -5.819066958805159E-002
   4.88446000000000        1.22261500000000      -5.782238421985560E-002
   4.88446000000000        1.52776875000000      -5.700605926762879E-002
   4.88446000000000        1.83292250000000      -5.573095084704510E-002
   4.88446000000000        2.13807625000000      -5.410999841817767E-002
   4.88446000000000        2.44323000000000      -5.230370066278335E-002
   4.88446000000000        2.74838375000000      -5.046944588943266E-002
   4.88446000000000        3.05353750000000      -4.871996403393051E-002
   4.88446000000000        3.35869125000000      -4.709746969205546E-002
   4.88446000000000        3.66384500000000      -4.557289145704835E-002
   4.88446000000000        3.96899875000000      -4.407325984899159E-002
   4.88446000000000        4.27415250000000      -4.252492457638907E-002
   4.88446000000000        4.57930625000000      -4.088983164846888E-002
   4.88446000000000        4.88446000000000      -3.918123167506686E-002
   4.88446000000000        5.18961375000000      -3.746055108937731E-002
   4.88446000000000        5.49476750000000      -3.582262673549388E-002
   4.88446000000000        5.79992125000000      -3.437503633472754E-002
   4.88446000000000        6.10507500000000      -3.321497490869669E-002
   4.88446000000000        6.41022875000000      -3.240472013844373E-002
   4.88446000000000        6.71538250000000      -3.192958062704772E-002
   4.88446000000000        7.02053625000000      -3.161104619735622E-002
   4.88446000000000        7.32569000000000      -3.109998387235617E-002
   5.18961375000000       2.000000000000000E-003 -5.696394788967407E-002
   5.18961375000000       0.307153750000000      -5.678666097305561E-002
   5.18961375000000       0.612307500000000      -5.636881272715155E-002
   5.18961375000000       0.917461250000000      -5.576314978764031E-002
   5.18961375000000        1.22261500000000      -5.491887058371102E-002
   5.18961375000000        1.52776875000000      -5.378027650755553E-002
   5.18961375000000        1.83292250000000      -5.236789893316087E-002
   5.18961375000000        2.13807625000000      -5.077370865488359E-002
   5.18961375000000        2.44323000000000      -4.911965797775245E-002
   5.18961375000000        2.74838375000000      -4.751465005242633E-002
   5.18961375000000        3.05353750000000      -4.602305417701022E-002
   5.18961375000000        3.35869125000000      -4.465040637164300E-002
   5.18961375000000        3.66384500000000      -4.334733811002736E-002
   5.18961375000000        3.96899875000000      -4.203260312791781E-002
   5.18961375000000        4.27415250000000      -4.062989237492903E-002
   5.18961375000000        4.57930625000000      -3.910320818142171E-002
   5.18961375000000        4.88446000000000      -3.747513134344018E-002
   5.18961375000000        5.18961375000000      -3.582220965626101E-002
   5.18961375000000        5.49476750000000      -3.425231357333926E-002
   5.18961375000000        5.79992125000000      -3.287254651163319E-002
   5.18961375000000        6.10507500000000      -3.175774304270775E-002
   5.18961375000000        6.41022875000000      -3.092729062944390E-002
   5.18961375000000        6.71538250000000      -3.033033957322586E-002
   5.18961375000000        7.02053625000000      -2.984181385706420E-002
   5.18961375000000        7.32569000000000      -2.930028325113495E-002
   5.49476750000000       2.000000000000000E-003 -5.465560203104400E-002
   5.49476750000000       0.307153750000000      -5.446932954372233E-002
   5.49476750000000       0.612307500000000      -5.390190203686834E-002
   5.49476750000000       0.917461250000000      -5.302256688634202E-002
   5.49476750000000        1.22261500000000      -5.193329846428307E-002
   5.49476750000000        1.52776875000000      -5.065085669624007E-002
   5.49476750000000        1.83292250000000      -4.920875071598717E-002
   5.49476750000000        2.13807625000000      -4.768973927146078E-002
   5.49476750000000        2.44323000000000      -4.618831548182301E-002
   5.49476750000000        2.74838375000000      -4.477595124185502E-002
   5.49476750000000        3.05353750000000      -4.348439438110847E-002
   5.49476750000000        3.35869125000000      -4.230381873526556E-002
   5.49476750000000        3.66384500000000      -4.118483566903032E-002
   5.49476750000000        3.96899875000000      -4.004535448061952E-002
   5.49476750000000        4.27415250000000      -3.879829298905699E-002
   5.49476750000000        4.57930625000000      -3.739653281804647E-002
   5.49476750000000        4.88446000000000      -3.586145309517667E-002
   5.49476750000000        5.18961375000000      -3.427544075714820E-002
   5.49476750000000        5.49476750000000      -3.274886058250582E-002
   5.49476750000000        5.79992125000000      -3.138001939896607E-002
   5.49476750000000        6.10507500000000      -3.022552822102860E-002
   5.49476750000000        6.41022875000000      -2.929380780212543E-002
   5.49476750000000        6.71538250000000      -2.856128844686380E-002
   5.49476750000000        7.02053625000000      -2.796531232647627E-002
   5.49476750000000        7.32569000000000      -2.741490244112787E-002
   5.79992125000000       2.000000000000000E-003 -5.068726829323121E-002
   5.79992125000000       0.307153750000000      -5.072191024415348E-002
   5.79992125000000       0.612307500000000      -5.057816279741512E-002
   5.79992125000000       0.917461250000000      -4.995010882171519E-002
   5.79992125000000        1.22261500000000      -4.891096928876500E-002
   5.79992125000000        1.52776875000000      -4.765419009933249E-002
   5.79992125000000        1.83292250000000      -4.629801856702056E-002
   5.79992125000000        2.13807625000000      -4.490903531046990E-002
   5.79992125000000        2.44323000000000      -4.355687513634538E-002
   5.79992125000000        2.74838375000000      -4.228343942562211E-002
   5.79992125000000        3.05353750000000      -4.110660006697030E-002
   5.79992125000000        3.35869125000000      -4.003828956965519E-002
   5.79992125000000        3.66384500000000      -3.907346231321622E-002
   5.79992125000000        3.96899875000000      -3.813917982183705E-002
   5.79992125000000        4.27415250000000      -3.710170382853677E-002
   5.79992125000000        4.57930625000000      -3.586816624933847E-002
   5.79992125000000        4.88446000000000      -3.444850650672587E-002
   5.79992125000000        5.18961375000000      -3.292779221455334E-002
   5.79992125000000        5.49476750000000      -3.141111440733064E-002
   5.79992125000000        5.79992125000000      -2.997849603436407E-002
   5.79992125000000        6.10507500000000      -2.866688938689303E-002
   5.79992125000000        6.41022875000000      -2.758217704801581E-002
   5.79992125000000        6.71538250000000      -2.669034380230099E-002
   5.79992125000000        7.02053625000000      -2.591436282486229E-002
   5.79992125000000        7.32569000000000      -2.528703320697216E-002
   6.10507500000000       2.000000000000000E-003 -4.468601857654367E-002
   6.10507500000000       0.307153750000000      -4.548951044319548E-002
   6.10507500000000       0.612307500000000      -4.664657886600065E-002
   6.10507500000000       0.917461250000000      -4.681769987215064E-002
   6.10507500000000        1.22261500000000      -4.611122513620996E-002
   6.10507500000000        1.52776875000000      -4.501999233190497E-002
   6.10507500000000        1.83292250000000      -4.379039711695177E-002
   6.10507500000000        2.13807625000000      -4.253527990983137E-002
   6.10507500000000        2.44323000000000      -4.129450172012365E-002
   6.10507500000000        2.74838375000000      -4.007075834601672E-002
   6.10507500000000        3.05353750000000      -3.886450987652611E-002
   6.10507500000000        3.35869125000000      -3.776021042500307E-002
   6.10507500000000        3.66384500000000      -3.693429782120197E-002
   6.10507500000000        3.96899875000000      -3.632939753522029E-002
   6.10507500000000        4.27415250000000      -3.564061027700980E-002
   6.10507500000000        4.57930625000000      -3.463195000416684E-002
   6.10507500000000        4.88446000000000      -3.332994923655328E-002
   6.10507500000000        5.18961375000000      -3.185068661849719E-002
   6.10507500000000        5.49476750000000      -3.029325629662829E-002
   6.10507500000000        5.79992125000000      -2.870436606610288E-002
   6.10507500000000        6.10507500000000      -2.725467888535213E-002
   6.10507500000000        6.41022875000000      -2.603751464611240E-002
   6.10507500000000        6.71538250000000      -2.492479373721616E-002
   6.10507500000000        7.02053625000000      -2.377580023566557E-002
   6.10507500000000        7.32569000000000      -2.288559331315551E-002
   6.41022875000000       2.000000000000000E-003 -3.678675647140005E-002
   6.41022875000000       0.307153750000000      -3.964820131071373E-002
   6.41022875000000       0.612307500000000      -4.340722703764537E-002
   6.41022875000000       0.917461250000000      -4.447732569780184E-002
   6.41022875000000        1.22261500000000      -4.396446308263317E-002
   6.41022875000000        1.52776875000000      -4.296665665987915E-002
   6.41022875000000        1.83292250000000      -4.181362562207746E-002
   6.41022875000000        2.13807625000000      -4.063249024115996E-002
   6.41022875000000        2.44323000000000      -3.944622270664470E-002
   6.41022875000000        2.74838375000000      -3.816932055077076E-002
   6.41022875000000        3.05353750000000      -3.679940513345491E-002
   6.41022875000000        3.35869125000000      -3.563628601806838E-002
   6.41022875000000        3.66384500000000      -3.502362456542214E-002
   6.41022875000000        3.96899875000000      -3.488148173440032E-002
   6.41022875000000        4.27415250000000      -3.462081934368918E-002
   6.41022875000000        4.57930625000000      -3.382499571698001E-002
   6.41022875000000        4.88446000000000      -3.256047442373092E-002
   6.41022875000000        5.18961375000000      -3.105685556976041E-002
   6.41022875000000        5.49476750000000      -2.939893736392116E-002
   6.41022875000000        5.79992125000000      -2.765948234237790E-002
   6.41022875000000        6.10507500000000      -2.607843230144918E-002
   6.41022875000000        6.41022875000000      -2.477389907606228E-002
   6.41022875000000        6.71538250000000      -2.355205195719910E-002
   6.41022875000000        7.02053625000000      -2.186193337500954E-002
   6.41022875000000        7.32569000000000      -2.030562001472338E-002
   6.71538250000000       2.000000000000000E-003 -2.904761726887522E-002
   6.71538250000000       0.307153750000000      -3.647177612637267E-002
   6.71538250000000       0.612307500000000      -4.272462277862707E-002
   6.71538250000000       0.917461250000000      -4.336417050358827E-002
   6.71538250000000        1.22261500000000      -4.252562172884244E-002
   6.71538250000000        1.52776875000000      -4.147131002654245E-002
   6.71538250000000        1.83292250000000      -4.032931799719988E-002
   6.71538250000000        2.13807625000000      -3.915407539203889E-002
   6.71538250000000        2.44323000000000      -3.801129961057049E-002
   6.71538250000000        2.74838375000000      -3.675039747658367E-002
   6.71538250000000        3.05353750000000      -3.540153253410848E-002
   6.71538250000000        3.35869125000000      -3.419551774510996E-002
   6.71538250000000        3.66384500000000      -3.381288432599078E-002
   6.71538250000000        3.96899875000000      -3.423421003313012E-002
   6.71538250000000        4.27415250000000      -3.429611013882383E-002
   6.71538250000000        4.57930625000000      -3.351831196149870E-002
   6.71538250000000        4.88446000000000      -3.211478065596444E-002
   6.71538250000000        5.18961375000000      -3.048746500613004E-002
   6.71538250000000        5.49476750000000      -2.869799155833720E-002
   6.71538250000000        5.79992125000000      -2.680244154238320E-002
   6.71538250000000        6.10507500000000      -2.500313721862776E-002
   6.71538250000000        6.41022875000000      -2.359037092343167E-002
   6.71538250000000        6.71538250000000      -2.265187631660415E-002
   6.71538250000000        7.02053625000000      -2.083073489388231E-002
   6.71538250000000        7.32569000000000      -1.794105477429582E-002
   7.02053625000000       2.000000000000000E-003 -3.023318357443187E-002
   7.02053625000000       0.307153750000000      -4.049243065156079E-002
   7.02053625000000       0.612307500000000      -4.311637456090805E-002
   7.02053625000000       0.917461250000000      -4.220904859991583E-002
   7.02053625000000        1.22261500000000      -4.125302303546498E-002
   7.02053625000000        1.52776875000000      -4.021805462005337E-002
   7.02053625000000        1.83292250000000      -3.908408580529139E-002
   7.02053625000000        2.13807625000000      -3.793271628532473E-002
   7.02053625000000        2.44323000000000      -3.692258008809762E-002
   7.02053625000000        2.74838375000000      -3.596652662331625E-002
   7.02053625000000        3.05353750000000      -3.499853366980603E-002
   7.02053625000000        3.35869125000000      -3.402914990499124E-002
   7.02053625000000        3.66384500000000      -3.378430178929247E-002
   7.02053625000000        3.96899875000000      -3.451531213201682E-002
   7.02053625000000        4.27415250000000      -3.444036809399958E-002
   7.02053625000000        4.57930625000000      -3.339873636598092E-002
   7.02053625000000        4.88446000000000      -3.180366151468635E-002
   7.02053625000000        5.18961375000000      -3.001126315822457E-002
   7.02053625000000        5.49476750000000      -2.812056806617028E-002
   7.02053625000000        5.79992125000000      -2.604958672813952E-002
   7.02053625000000        6.10507500000000      -2.388182894428877E-002
   7.02053625000000        6.41022875000000      -2.193032883233561E-002
   7.02053625000000        6.71538250000000      -2.085959647873592E-002
   7.02053625000000        7.02053625000000      -2.035923149315185E-002
   7.02053625000000        7.32569000000000      -1.686895879642419E-002
   7.32569000000000       2.000000000000000E-003 -3.738275333092064E-002
   7.32569000000000       0.307153750000000      -3.940144001696029E-002
   7.32569000000000       0.612307500000000      -3.949510963667935E-002
   7.32569000000000       0.917461250000000      -4.003187507568195E-002
   7.32569000000000        1.22261500000000      -3.976873151734603E-002
   7.32569000000000        1.52776875000000      -3.889485489070805E-002
   7.32569000000000        1.83292250000000      -3.779395921805493E-002
   7.32569000000000        2.13807625000000      -3.673856167191413E-002
   7.32569000000000        2.44323000000000      -3.597045291561823E-002
   7.32569000000000        2.74838375000000      -3.545643638575333E-002
   7.32569000000000        3.05353750000000      -3.512376089799264E-002
   7.32569000000000        3.35869125000000      -3.476103714557782E-002
   7.32569000000000        3.66384500000000      -3.416447438074206E-002
   7.32569000000000        3.96899875000000      -3.440035935941300E-002
   7.32569000000000        4.27415250000000      -3.404458633241605E-002
   7.32569000000000        4.57930625000000      -3.289315768727388E-002
   7.32569000000000        4.88446000000000      -3.127716690180595E-002
   7.32569000000000        5.18961375000000      -2.946644690879655E-002
   7.32569000000000        5.49476750000000      -2.757349887539874E-002
   7.32569000000000        5.79992125000000      -2.543094436995202E-002
   7.32569000000000        6.10507500000000      -2.300611110526253E-002
   7.32569000000000        6.41022875000000      -2.039765765740599E-002
   7.32569000000000        6.71538250000000      -1.800946170925724E-002
   7.32569000000000        7.02053625000000      -1.692713183192814E-002
   7.32569000000000        7.32569000000000      -1.754976313094782E-002
