  2.000000000000000E-003  2.000000000000000E-003 -4.998248095331751E-002
  2.000000000000000E-003  0.307153750000000      -4.007281334190452E-002
  2.000000000000000E-003  0.612307500000000      -3.380750258382503E-002
  2.000000000000000E-003  0.917461250000000      -3.621007219047818E-002
  2.000000000000000E-003   1.22261500000000      -3.714523190212003E-002
  2.000000000000000E-003   1.52776875000000      -3.578034733651819E-002
  2.000000000000000E-003   1.83292250000000      -3.327030868540352E-002
  2.000000000000000E-003   2.13807625000000      -3.050274225494952E-002
  2.000000000000000E-003   2.44323000000000      -2.765817793323395E-002
  2.000000000000000E-003   2.74838375000000      -2.532310827509917E-002
  2.000000000000000E-003   3.05353750000000      -2.400251213406328E-002
  2.000000000000000E-003   3.35869125000000      -2.387094242427112E-002
  2.000000000000000E-003   3.66384500000000      -2.436441066507346E-002
  2.000000000000000E-003   3.96899875000000      -2.049845548987143E-002
  2.000000000000000E-003   4.27415250000000      -1.735918275605378E-002
  2.000000000000000E-003   4.57930625000000      -1.628583599195807E-002
  2.000000000000000E-003   4.88446000000000      -1.604477793495292E-002
  2.000000000000000E-003   5.18961375000000      -1.580022564762568E-002
  2.000000000000000E-003   5.49476750000000      -1.525597300452814E-002
  2.000000000000000E-003   5.79992125000000      -1.469997678216403E-002
  2.000000000000000E-003   6.10507500000000      -1.413245177404336E-002
  2.000000000000000E-003   6.41022875000000      -1.347162711885454E-002
  2.000000000000000E-003   6.71538250000000      -1.272746440568051E-002
  2.000000000000000E-003   7.02053625000000      -1.255595061896788E-002
  2.000000000000000E-003   7.32569000000000      -1.298785841790968E-002
  0.307153750000000       2.000000000000000E-003 -5.153141233753403E-002
  0.307153750000000       0.307153750000000      -5.358925647657273E-002
  0.307153750000000       0.612307500000000      -4.669938027198461E-002
  0.307153750000000       0.917461250000000      -4.453638841566258E-002
  0.307153750000000        1.22261500000000      -4.321735499579311E-002
  0.307153750000000        1.52776875000000      -4.045693153905276E-002
  0.307153750000000        1.83292250000000      -3.659382432296011E-002
  0.307153750000000        2.13807625000000      -3.226536490129044E-002
  0.307153750000000        2.44323000000000      -2.724491810479188E-002
  0.307153750000000        2.74838375000000      -2.170538505190974E-002
  0.307153750000000        3.05353750000000      -1.682043237998588E-002
  0.307153750000000        3.35869125000000      -1.517687176555302E-002
  0.307153750000000        3.66384500000000      -1.997335467322038E-002
  0.307153750000000        3.96899875000000      -2.183079980308386E-002
  0.307153750000000        4.27415250000000      -1.994086330613281E-002
  0.307153750000000        4.57930625000000      -1.853660790927180E-002
  0.307153750000000        4.88446000000000      -1.774043508988891E-002
  0.307153750000000        5.18961375000000      -1.699800995222452E-002
  0.307153750000000        5.49476750000000      -1.605433207540193E-002
  0.307153750000000        5.79992125000000      -1.507081959208061E-002
  0.307153750000000        6.10507500000000      -1.414113365021629E-002
  0.307153750000000        6.41022875000000      -1.351124892655125E-002
  0.307153750000000        6.71538250000000      -1.373587979758881E-002
  0.307153750000000        7.02053625000000      -1.480981161833331E-002
  0.307153750000000        7.32569000000000      -1.570687125223469E-002
  0.612307500000000       2.000000000000000E-003 -5.402450050925594E-002
  0.612307500000000       0.307153750000000      -5.737543669216520E-002
  0.612307500000000       0.612307500000000      -5.725809303198539E-002
  0.612307500000000       0.917461250000000      -5.457340778786083E-002
  0.612307500000000        1.22261500000000      -5.119340169620072E-002
  0.612307500000000        1.52776875000000      -4.669585627123006E-002
  0.612307500000000        1.83292250000000      -4.131473130426437E-002
  0.612307500000000        2.13807625000000      -3.556994876068343E-002
  0.612307500000000        2.44323000000000      -2.938075488925122E-002
  0.612307500000000        2.74838375000000      -2.241163898313160E-002
  0.612307500000000        3.05353750000000      -1.660389400685461E-002
  0.612307500000000        3.35869125000000      -1.451032816349235E-002
  0.612307500000000        3.66384500000000      -1.755121173026683E-002
  0.612307500000000        3.96899875000000      -2.089755676403186E-002
  0.612307500000000        4.27415250000000      -2.135824815082663E-002
  0.612307500000000        4.57930625000000      -2.048894329181399E-002
  0.612307500000000        4.88446000000000      -1.939653198899269E-002
  0.612307500000000        5.18961375000000      -1.826046221347162E-002
  0.612307500000000        5.49476750000000      -1.699587096129214E-002
  0.612307500000000        5.79992125000000      -1.565539399044459E-002
  0.612307500000000        6.10507500000000      -1.440583106331840E-002
  0.612307500000000        6.41022875000000      -1.357614321625176E-002
  0.612307500000000        6.71538250000000      -1.377859112036427E-002
  0.612307500000000        7.02053625000000      -1.520170747708305E-002
  0.612307500000000        7.32569000000000      -1.616524009652505E-002
  0.917461250000000       2.000000000000000E-003 -6.036177861730275E-002
  0.917461250000000       0.307153750000000      -6.255673988401551E-002
  0.917461250000000       0.612307500000000      -6.470380140897446E-002
  0.917461250000000       0.917461250000000      -6.360616651861688E-002
  0.917461250000000        1.22261500000000      -5.979001455423479E-002
  0.917461250000000        1.52776875000000      -5.411267856647486E-002
  0.917461250000000        1.83292250000000      -4.744203135869302E-002
  0.917461250000000        2.13807625000000      -4.058006984306214E-002
  0.917461250000000        2.44323000000000      -3.381541920037822E-002
  0.917461250000000        2.74838375000000      -2.712996992168400E-002
  0.917461250000000        3.05353750000000      -2.143621935016292E-002
  0.917461250000000        3.35869125000000      -1.889201521956683E-002
  0.917461250000000        3.66384500000000      -1.975885260590999E-002
  0.917461250000000        3.96899875000000      -2.167475184759549E-002
  0.917461250000000        4.27415250000000      -2.240580494506102E-002
  0.917461250000000        4.57930625000000      -2.183901970198760E-002
  0.917461250000000        4.88446000000000      -2.070365934864003E-002
  0.917461250000000        5.18961375000000      -1.939316804996747E-002
  0.917461250000000        5.49476750000000      -1.796158891223426E-002
  0.917461250000000        5.79992125000000      -1.642902778358268E-002
  0.917461250000000        6.10507500000000      -1.498991700970521E-002
  0.917461250000000        6.41022875000000      -1.395010424675423E-002
  0.917461250000000        6.71538250000000      -1.373372305025598E-002
  0.917461250000000        7.02053625000000      -1.446085775623121E-002
  0.917461250000000        7.32569000000000      -1.525309579627862E-002
   1.22261500000000       2.000000000000000E-003 -7.340544406384045E-002
   1.22261500000000       0.307153750000000      -7.435566098992270E-002
   1.22261500000000       0.612307500000000      -7.531233011767546E-002
   1.22261500000000       0.917461250000000      -7.378371013203719E-002
   1.22261500000000        1.22261500000000      -6.930593945683296E-002
   1.22261500000000        1.52776875000000      -6.262315543730175E-002
   1.22261500000000        1.83292250000000      -5.489602230215118E-002
   1.22261500000000        2.13807625000000      -4.708334955587847E-002
   1.22261500000000        2.44323000000000      -3.973431849350799E-002
   1.22261500000000        2.74838375000000      -3.328296426955291E-002
   1.22261500000000        3.05353750000000      -2.814668333637319E-002
   1.22261500000000        3.35869125000000      -2.494134254367881E-002
   1.22261500000000        3.66384500000000      -2.394272016662363E-002
   1.22261500000000        3.96899875000000      -2.401406138950692E-002
   1.22261500000000        4.27415250000000      -2.382136757733729E-002
   1.22261500000000        4.57930625000000      -2.299204378507689E-002
   1.22261500000000        4.88446000000000      -2.175866121874489E-002
   1.22261500000000        5.18961375000000      -2.033378724974297E-002
   1.22261500000000        5.49476750000000      -1.882428311970272E-002
   1.22261500000000        5.79992125000000      -1.726616271774341E-002
   1.22261500000000        6.10507500000000      -1.578823551063278E-002
   1.22261500000000        6.41022875000000      -1.465539520789076E-002
   1.22261500000000        6.71538250000000      -1.414330301061292E-002
   1.22261500000000        7.02053625000000      -1.431418160654275E-002
   1.22261500000000        7.32569000000000      -1.476197254851656E-002
   1.52776875000000       2.000000000000000E-003 -9.028137176189291E-002
   1.52776875000000       0.307153750000000      -9.017791091219282E-002
   1.52776875000000       0.612307500000000      -8.910752852178554E-002
   1.52776875000000       0.917461250000000      -8.584135603431221E-002
   1.52776875000000        1.22261500000000      -7.999207393490269E-002
   1.52776875000000        1.52776875000000      -7.216574660570524E-002
   1.52776875000000        1.83292250000000      -6.345777336751958E-002
   1.52776875000000        2.13807625000000      -5.466849183564217E-002
   1.52776875000000        2.44323000000000      -4.652782050033774E-002
   1.52776875000000        2.74838375000000      -3.958940242832074E-002
   1.52776875000000        3.05353750000000      -3.418712043578390E-002
   1.52776875000000        3.35869125000000      -3.043415087783270E-002
   1.52776875000000        3.66384500000000      -2.812433459951607E-002
   1.52776875000000        3.96899875000000      -2.667902337666377E-002
   1.52776875000000        4.27415250000000      -2.546032450596523E-002
   1.52776875000000        4.57930625000000      -2.413388601138086E-002
   1.52776875000000        4.88446000000000      -2.265574137718222E-002
   1.52776875000000        5.18961375000000      -2.109469817218968E-002
   1.52776875000000        5.49476750000000      -1.952989881231043E-002
   1.52776875000000        5.79992125000000      -1.802186847807334E-002
   1.52776875000000        6.10507500000000      -1.662104587684558E-002
   1.52776875000000        6.41022875000000      -1.549493350441973E-002
   1.52776875000000        6.71538250000000      -1.483100338281524E-002
   1.52776875000000        7.02053625000000      -1.466513060909673E-002
   1.52776875000000        7.32569000000000      -1.477726107917071E-002
   1.83292250000000       2.000000000000000E-003 -0.108416787568322     
   1.83292250000000       0.307153750000000      -0.107383696344109     
   1.83292250000000       0.612307500000000      -0.104225371789780     
   1.83292250000000       0.917461250000000      -9.880175976085065E-002
   1.83292250000000        1.22261500000000      -9.131106588247512E-002
   1.83292250000000        1.52776875000000      -8.231101811984294E-002
   1.83292250000000        1.83292250000000      -7.250682300631610E-002
   1.83292250000000        2.13807625000000      -6.269445125918217E-002
   1.83292250000000        2.44323000000000      -5.362638538747145E-002
   1.83292250000000        2.74838375000000      -4.585615186953992E-002
   1.83292250000000        3.05353750000000      -3.965117788496916E-002
   1.83292250000000        3.35869125000000      -3.499135940998015E-002
   1.83292250000000        3.66384500000000      -3.161474477298664E-002
   1.83292250000000        3.96899875000000      -2.910991243370562E-002
   1.83292250000000        4.27415250000000      -2.706816729596968E-002
   1.83292250000000        4.57930625000000      -2.521425157628354E-002
   1.83292250000000        4.88446000000000      -2.343045901257214E-002
   1.83292250000000        5.18961375000000      -2.170620670270841E-002
   1.83292250000000        5.49476750000000      -2.008054684799305E-002
   1.83292250000000        5.79992125000000      -1.860399220539156E-002
   1.83292250000000        6.10507500000000      -1.732281370542995E-002
   1.83292250000000        6.41022875000000      -1.628551744572557E-002
   1.83292250000000        6.71538250000000      -1.556217646793680E-002
   1.83292250000000        7.02053625000000      -1.519348303430097E-002
   1.83292250000000        7.32569000000000      -1.506476331836224E-002
   2.13807625000000       2.000000000000000E-003 -0.126911020387443     
   2.13807625000000       0.307153750000000      -0.124740307320478     
   2.13807625000000       0.612307500000000      -0.119172276593754     
   2.13807625000000       0.917461250000000      -0.111393116079465     
   2.13807625000000        1.22261500000000      -0.102154592663027     
   2.13807625000000        1.52776875000000      -9.187878935224418E-002
   2.13807625000000        1.83292250000000      -8.104988561644612E-002
   2.13807625000000        2.13807625000000      -7.032021640735042E-002
   2.13807625000000        2.44323000000000      -6.036990856197805E-002
   2.13807625000000        2.74838375000000      -5.171539835581521E-002
   2.13807625000000        3.05353750000000      -4.459843113054666E-002
   2.13807625000000        3.35869125000000      -3.898656445678201E-002
   2.13807625000000        3.66384500000000      -3.465025623260200E-002
   2.13807625000000        3.96899875000000      -3.126813091283422E-002
   2.13807625000000        4.27415250000000      -2.852516953745480E-002
   2.13807625000000        4.57930625000000      -2.617877783635740E-002
   2.13807625000000        4.88446000000000      -2.408445314208103E-002
   2.13807625000000        5.18961375000000      -2.218783921658396E-002
   2.13807625000000        5.49476750000000      -2.049391299255403E-002
   2.13807625000000        5.79992125000000      -1.902959688167871E-002
   2.13807625000000        6.10507500000000      -1.781559830996893E-002
   2.13807625000000        6.41022875000000      -1.685810344258681E-002
   2.13807625000000        6.71538250000000      -1.615600460289568E-002
   2.13807625000000        7.02053625000000      -1.569929294154719E-002
   2.13807625000000        7.32569000000000      -1.543862904803101E-002
   2.44323000000000       2.000000000000000E-003 -0.147640546519079     
   2.44323000000000       0.307153750000000      -0.143255558620072     
   2.44323000000000       0.612307500000000      -0.133247581070698     
   2.44323000000000       0.917461250000000      -0.122033708227411     
   2.44323000000000        1.22261500000000      -0.110872923152822     
   2.44323000000000        1.52776875000000      -9.956292219185617E-002
   2.44323000000000        1.83292250000000      -8.805446806094062E-002
   2.44323000000000        2.13807625000000      -7.671911690887277E-002
   2.44323000000000        2.44323000000000      -6.611616968711170E-002
   2.44323000000000        2.74838375000000      -5.672577192916892E-002
   2.44323000000000        3.05353750000000      -4.879959561546666E-002
   2.44323000000000        3.35869125000000      -4.234366945333747E-002
   2.44323000000000        3.66384500000000      -3.718739845429553E-002
   2.44323000000000        3.96899875000000      -3.307640041681246E-002
   2.44323000000000        4.27415250000000      -2.974713945437129E-002
   2.44323000000000        4.57930625000000      -2.697385564522613E-002
   2.44323000000000        4.88446000000000      -2.459861014720288E-002
   2.44323000000000        5.18961375000000      -2.254178720901488E-002
   2.44323000000000        5.49476750000000      -2.078291902152914E-002
   2.44323000000000        5.79992125000000      -1.932336498067543E-002
   2.44323000000000        6.10507500000000      -1.815215778824940E-002
   2.44323000000000        6.41022875000000      -1.723526203046980E-002
   2.44323000000000        6.71538250000000      -1.653548946380920E-002
   2.44323000000000        7.02053625000000      -1.604698272566030E-002
   2.44323000000000        7.32569000000000      -1.578551187589714E-002
   2.74838375000000       2.000000000000000E-003 -0.168223790869911     
   2.74838375000000       0.307153750000000      -0.160569145990556     
   2.74838375000000       0.612307500000000      -0.144648583442328     
   2.74838375000000       0.917461250000000      -0.129045192930122     
   2.74838375000000        1.22261500000000      -0.116209544326343     
   2.74838375000000        1.52776875000000      -0.104499560628514     
   2.74838375000000        1.83292250000000      -9.287238533777693E-002
   2.74838375000000        2.13807625000000      -8.136767066701016E-002
   2.74838375000000        2.44323000000000      -7.044119218509884E-002
   2.74838375000000        2.74838375000000      -6.056530290430261E-002
   2.74838375000000        3.05353750000000      -5.203477012807341E-002
   2.74838375000000        3.35869125000000      -4.492329028604704E-002
   2.74838375000000        3.66384500000000      -3.913020728315835E-002
   2.74838375000000        3.96899875000000      -3.445677814404745E-002
   2.74838375000000        4.27415250000000      -3.067149151511456E-002
   2.74838375000000        4.57930625000000      -2.755823651340641E-002
   2.74838375000000        4.88446000000000      -2.495423393211227E-002
   2.74838375000000        5.18961375000000      -2.276702908332651E-002
   2.74838375000000        5.49476750000000      -2.095848498825193E-002
   2.74838375000000        5.79992125000000      -1.950753273489711E-002
   2.74838375000000        6.10507500000000      -1.837337180418638E-002
   2.74838375000000        6.41022875000000      -1.748483563458478E-002
   2.74838375000000        6.71538250000000      -1.677239445598303E-002
   2.74838375000000        7.02053625000000      -1.623199306161325E-002
   2.74838375000000        7.32569000000000      -1.601817090847985E-002
   3.05353750000000       2.000000000000000E-003 -0.183693675540166     
   3.05353750000000       0.307153750000000      -0.170294767086833     
   3.05353750000000       0.612307500000000      -0.147391477283551     
   3.05353750000000       0.917461250000000      -0.129989603712212     
   3.05353750000000        1.22261500000000      -0.117663372863692     
   3.05353750000000        1.52776875000000      -0.106668041465839     
   3.05353750000000        1.83292250000000      -9.551211245393895E-002
   3.05353750000000        2.13807625000000      -8.421860929591607E-002
   3.05353750000000        2.44323000000000      -7.325805922873303E-002
   3.05353750000000        2.74838375000000      -6.314164348451376E-002
   3.05353750000000        3.05353750000000      -5.422944946966494E-002
   3.05353750000000        3.35869125000000      -4.667287871704664E-002
   3.05353750000000        3.66384500000000      -4.044060253342047E-002
   3.05353750000000        3.96899875000000      -3.537959462108312E-002
   3.05353750000000        4.27415250000000      -3.127784328529829E-002
   3.05353750000000        4.57930625000000      -2.792431383706982E-002
   3.05353750000000        4.88446000000000      -2.515703395696310E-002
   3.05353750000000        5.18961375000000      -2.287919744972095E-002
   3.05353750000000        5.49476750000000      -2.104197139063623E-002
   3.05353750000000        5.79992125000000      -1.960872742582184E-002
   3.05353750000000        6.10507500000000      -1.852092606502437E-002
   3.05353750000000        6.41022875000000      -1.769888857995943E-002
   3.05353750000000        6.71538250000000      -1.701903493980568E-002
   3.05353750000000        7.02053625000000      -1.637169944300726E-002
   3.05353750000000        7.32569000000000      -1.614828071093280E-002
   3.35869125000000       2.000000000000000E-003 -0.185435765838077     
   3.35869125000000       0.307153750000000      -0.165677558693419     
   3.35869125000000       0.612307500000000      -0.140090943764138     
   3.35869125000000       0.917461250000000      -0.125537310359033     
   3.35869125000000        1.22261500000000      -0.116279902247893     
   3.35869125000000        1.52776875000000      -0.107010046439082     
   3.35869125000000        1.83292250000000      -9.658503375737992E-002
   3.35869125000000        2.13807625000000      -8.562900394101686E-002
   3.35869125000000        2.44323000000000      -7.476247303462674E-002
   3.35869125000000        2.74838375000000      -6.456371751969529E-002
   3.35869125000000        3.05353750000000      -5.545358105201982E-002
   3.35869125000000        3.35869125000000      -4.764486074313278E-002
   3.35869125000000        3.66384500000000      -4.115898207207895E-002
   3.35869125000000        3.96899875000000      -3.587574803182460E-002
   3.35869125000000        4.27415250000000      -3.159343123608406E-002
   3.35869125000000        4.57930625000000      -2.810212454872697E-002
   3.35869125000000        4.88446000000000      -2.524130560834199E-002
   3.35869125000000        5.18961375000000      -2.291383047514223E-002
   3.35869125000000        5.49476750000000      -2.106645592045858E-002
   3.35869125000000        5.79992125000000      -1.965599067848250E-002
   3.35869125000000        6.10507500000000      -1.862778433074316E-002
   3.35869125000000        6.41022875000000      -1.793707459208672E-002
   3.35869125000000        6.71538250000000      -1.742206600148517E-002
   3.35869125000000        7.02053625000000      -1.673182188839615E-002
   3.35869125000000        7.32569000000000      -1.627391231417241E-002
   3.66384500000000       2.000000000000000E-003 -0.166088720274587     
   3.66384500000000       0.307153750000000      -0.155067127858547     
   3.66384500000000       0.612307500000000      -0.133934579083519     
   3.66384500000000       0.917461250000000      -0.122653198159750     
   3.66384500000000        1.22261500000000      -0.115297263908132     
   3.66384500000000        1.52776875000000      -0.106965587106545     
   3.66384500000000        1.83292250000000      -9.687444795564477E-002
   3.66384500000000        2.13807625000000      -8.605733688320057E-002
   3.66384500000000        2.44323000000000      -7.523060672359348E-002
   3.66384500000000        2.74838375000000      -6.500626552294082E-002
   3.66384500000000        3.05353750000000      -5.582919833731641E-002
   3.66384500000000        3.35869125000000      -4.793437310540115E-002
   3.66384500000000        3.66384500000000      -4.136272396335310E-002
   3.66384500000000        3.96899875000000      -3.600639539877629E-002
   3.66384500000000        4.27415250000000      -3.166671479299119E-002
   3.66384500000000        4.57930625000000      -2.813334691314793E-002
   3.66384500000000        4.88446000000000      -2.524580493277830E-002
   3.66384500000000        5.18961375000000      -2.290674044079110E-002
   3.66384500000000        5.49476750000000      -2.106175795742434E-002
   3.66384500000000        5.79992125000000      -1.966670646155310E-002
   3.66384500000000        6.10507500000000      -1.867583049825763E-002
   3.66384500000000        6.41022875000000      -1.807171233654742E-002
   3.66384500000000        6.71538250000000      -1.770931723545194E-002
   3.66384500000000        7.02053625000000      -1.714017696117703E-002
   3.66384500000000        7.32569000000000      -1.622984183596290E-002
   3.96899875000000       2.000000000000000E-003 -0.185444679766491     
   3.96899875000000       0.307153750000000      -0.166687679085496     
   3.96899875000000       0.612307500000000      -0.141079696775829     
   3.96899875000000       0.917461250000000      -0.126212121458887     
   3.96899875000000        1.22261500000000      -0.116679652870147     
   3.96899875000000        1.52776875000000      -0.107243675483307     
   3.96899875000000        1.83292250000000      -9.672435031816314E-002
   3.96899875000000        2.13807625000000      -8.570112148959355E-002
   3.96899875000000        2.44323000000000      -7.478468725444957E-002
   3.96899875000000        2.74838375000000      -6.455010934550963E-002
   3.96899875000000        3.05353750000000      -5.541519238301944E-002
   3.96899875000000        3.35869125000000      -4.758973012030701E-002
   3.96899875000000        3.66384500000000      -4.109315040931248E-002
   3.96899875000000        3.96899875000000      -3.580466927008202E-002
   3.96899875000000        4.27415250000000      -3.152267854348220E-002
   3.96899875000000        4.57930625000000      -2.803713066664565E-002
   3.96899875000000        4.88446000000000      -2.518646805091977E-002
   3.96899875000000        5.18961375000000      -2.287178905664997E-002
   3.96899875000000        5.49476750000000      -2.103821120777147E-002
   3.96899875000000        5.79992125000000      -1.964229174033394E-002
   3.96899875000000        6.10507500000000      -1.863235634869950E-002
   3.96899875000000        6.41022875000000      -1.796566342066532E-002
   3.96899875000000        6.71538250000000      -1.747774197412701E-002
   3.96899875000000        7.02053625000000      -1.680724866655374E-002
   3.96899875000000        7.32569000000000      -1.635622149127778E-002
   4.27415250000000       2.000000000000000E-003 -0.183701831779447     
   4.27415250000000       0.307153750000000      -0.171287965560471     
   4.27415250000000       0.612307500000000      -0.148582999858571     
   4.27415250000000       0.917461250000000      -0.130917283672477     
   4.27415250000000        1.22261500000000      -0.118257540572120     
   4.27415250000000        1.52776875000000      -0.107046817616287     
   4.27415250000000        1.83292250000000      -9.574262509297936E-002
   4.27415250000000        2.13807625000000      -8.433500499021358E-002
   4.27415250000000        2.44323000000000      -7.328770553953928E-002
   4.27415250000000        2.74838375000000      -6.310875762617524E-002
   4.27415250000000        3.05353750000000      -5.415324985328358E-002
   4.27415250000000        3.35869125000000      -4.656699204832020E-002
   4.27415250000000        3.66384500000000      -4.031497572051220E-002
   4.27415250000000        3.96899875000000      -3.524333879894963E-002
   4.27415250000000        4.27415250000000      -3.114089793060110E-002
   4.27415250000000        4.57930625000000      -2.779696595270724E-002
   4.27415250000000        4.88446000000000      -2.504799398188434E-002
   4.27415250000000        5.18961375000000      -2.279385090028289E-002
   4.27415250000000        5.49476750000000      -2.098213722291839E-002
   4.27415250000000        5.79992125000000      -1.957460956844223E-002
   4.27415250000000        6.10507500000000      -1.851502499304384E-002
   4.27415250000000        6.41022875000000      -1.772857937252538E-002
   4.27415250000000        6.71538250000000      -1.708691488953927E-002
   4.27415250000000        7.02053625000000      -1.647442068288310E-002
   4.27415250000000        7.32569000000000      -1.627384290046356E-002
   4.57930625000000       2.000000000000000E-003 -0.168229354629415     
   4.57930625000000       0.307153750000000      -0.161243574351486     
   4.57930625000000       0.612307500000000      -0.145571174960007     
   4.57930625000000       0.917461250000000      -0.129844720899288     
   4.57930625000000        1.22261500000000      -0.116798358522512     
   4.57930625000000        1.52776875000000      -0.104906420434339     
   4.57930625000000        1.83292250000000      -9.312132245988078E-002
   4.57930625000000        2.13807625000000      -8.148397458013458E-002
   4.57930625000000        2.44323000000000      -7.045431977801522E-002
   4.57930625000000        2.74838375000000      -6.050432880302936E-002
   4.57930625000000        3.05353750000000      -5.192277557529679E-002
   4.57930625000000        3.35869125000000      -4.477554655240044E-002
   4.57930625000000        3.66384500000000      -3.895680720139451E-002
   4.57930625000000        3.96899875000000      -3.426720130462958E-002
   4.57930625000000        4.27415250000000      -3.047772424805545E-002
   4.57930625000000        4.57930625000000      -2.737436559644812E-002
   4.57930625000000        4.88446000000000      -2.479333908545971E-002
   4.57930625000000        5.18961375000000      -2.263775323350014E-002
   4.57930625000000        5.49476750000000      -2.086366428229494E-002
   4.57930625000000        5.79992125000000      -1.944577852358258E-002
   4.57930625000000        6.10507500000000      -1.834273941028874E-002
   4.57930625000000        6.41022875000000      -1.748651181000629E-002
   4.57930625000000        6.71538250000000      -1.680759391803005E-002
   4.57930625000000        7.02053625000000      -1.629676906180751E-002
   4.57930625000000        7.32569000000000      -1.610414315953927E-002
   4.88446000000000       2.000000000000000E-003 -0.147644241779194     
   4.88446000000000       0.307153750000000      -0.143643020502252     
   4.88446000000000       0.612307500000000      -0.133819054393513     
   4.88446000000000       0.917461250000000      -0.122603499946592     
   4.88446000000000        1.22261500000000      -0.111346141672577     
   4.88446000000000        1.52776875000000      -9.990159417548510E-002
   4.88446000000000        1.83292250000000      -8.825164038246831E-002
   4.88446000000000        2.13807625000000      -7.678930480447838E-002
   4.88446000000000        2.44323000000000      -6.608707471337623E-002
   4.88446000000000        2.74838375000000      -5.662750383536470E-002
   4.88446000000000        3.05353750000000      -4.865539649480134E-002
   4.88446000000000        3.35869125000000      -4.216645288217191E-002
   4.88446000000000        3.66384500000000      -3.698293708968809E-002
   4.88446000000000        3.96899875000000      -3.285021571329461E-002
   4.88446000000000        4.27415250000000      -2.951004803355620E-002
   4.88446000000000        4.57930625000000      -2.674244484912459E-002
   4.88446000000000        4.88446000000000      -2.439075573760441E-002
   4.88446000000000        5.18961375000000      -2.237069357280980E-002
   4.88446000000000        5.49476750000000      -2.065342196782797E-002
   4.88446000000000        5.79992125000000      -1.923241889458876E-002
   4.88446000000000        6.10507500000000      -1.809268777389999E-002
   4.88446000000000        6.41022875000000      -1.720078049449122E-002
   4.88446000000000        6.71538250000000      -1.652243417554092E-002
   4.88446000000000        7.02053625000000      -1.605369023218044E-002
   4.88446000000000        7.32569000000000      -1.581106934426028E-002
   5.18961375000000       2.000000000000000E-003 -0.126913583619795     
   5.18961375000000       0.307153750000000      -0.124943899221336     
   5.18961375000000       0.612307500000000      -0.119501498044098     
   5.18961375000000       0.917461250000000      -0.111750827110083     
   5.18961375000000        1.22261500000000      -0.102462495255785     
   5.18961375000000        1.52776875000000      -9.208873940268202E-002
   5.18961375000000        1.83292250000000      -8.114402674203487E-002
   5.18961375000000        2.13807625000000      -7.030719187152275E-002
   5.18961375000000        2.44323000000000      -6.027588168046039E-002
   5.18961375000000        2.74838375000000      -5.157071887131502E-002
   5.18961375000000        3.05353750000000      -4.442516189913778E-002
   5.18961375000000        3.35869125000000      -3.879261077676898E-002
   5.18961375000000        3.66384500000000      -3.443274499636858E-002
   5.18961375000000        3.96899875000000      -3.102360683268314E-002
   5.18961375000000        4.27415250000000      -2.825953831506469E-002
   5.18961375000000        4.57930625000000      -2.590989253460888E-002
   5.18961375000000        4.88446000000000      -2.383614427072609E-002
   5.18961375000000        5.18961375000000      -2.198006618762157E-002
   5.18961375000000        5.49476750000000      -2.033529953564584E-002
   5.18961375000000        5.79992125000000      -1.891593783674261E-002
   5.18961375000000        6.10507500000000      -1.773408365475916E-002
   5.18961375000000        6.41022875000000      -1.679453487953815E-002
   5.18961375000000        6.71538250000000      -1.610167778029819E-002
   5.18961375000000        7.02053625000000      -1.565464223001129E-002
   5.18961375000000        7.32569000000000      -1.541185973914355E-002
   5.49476750000000       2.000000000000000E-003 -0.108418733702814     
   5.49476750000000       0.307153750000000      -0.107469309803749     
   5.49476750000000       0.612307500000000      -0.104369013373849     
   5.49476750000000       0.917461250000000      -9.896121353781626E-002
   5.49476750000000        1.22261500000000      -9.143785204662716E-002
   5.49476750000000        1.52776875000000      -8.236522785369570E-002
   5.49476750000000        1.83292250000000      -7.246981941101847E-002
   5.49476750000000        2.13807625000000      -6.257325769051815E-002
   5.49476750000000        2.44323000000000      -5.344798125008943E-002
   5.49476750000000        2.74838375000000      -4.565362223963489E-002
   5.49476750000000        3.05353750000000      -3.944772600705148E-002
   5.49476750000000        3.35869125000000      -3.478984869182760E-002
   5.49476750000000        3.66384500000000      -3.139957197125212E-002
   5.49476750000000        3.96899875000000      -2.886234934931469E-002
   5.49476750000000        4.27415250000000      -2.678494822228023E-002
   5.49476750000000        4.57930625000000      -2.491436939177528E-002
   5.49476750000000        4.88446000000000      -2.314631434128952E-002
   5.49476750000000        5.18961375000000      -2.146777840867847E-002
   5.49476750000000        5.49476750000000      -1.990264073962293E-002
   5.49476750000000        5.79992125000000      -1.848168908998534E-002
   5.49476750000000        6.10507500000000      -1.723530994964043E-002
   5.49476750000000        6.41022875000000      -1.620623525309422E-002
   5.49476750000000        6.71538250000000      -1.547410030035615E-002
   5.49476750000000        7.02053625000000      -1.510256436667983E-002
   5.49476750000000        7.32569000000000      -1.499133750017720E-002
   5.79992125000000       2.000000000000000E-003 -9.028275317896441E-002
   5.79992125000000       0.307153750000000      -9.016533033637869E-002
   5.79992125000000       0.612307500000000      -8.909006113881526E-002
   5.79992125000000       0.917461250000000      -8.581819596744865E-002
   5.79992125000000        1.22261500000000      -7.994333610499436E-002
   5.79992125000000        1.52776875000000      -7.206312044288606E-002
   5.79992125000000        1.83292250000000      -6.328118185417107E-002
   5.79992125000000        2.13807625000000      -5.442402018401216E-002
   5.79992125000000        2.44323000000000      -4.624582228720685E-002
   5.79992125000000        2.74838375000000      -3.931092913141839E-002
   5.79992125000000        3.05353750000000      -3.394409363513595E-002
   5.79992125000000        3.35869125000000      -3.022934719200635E-002
   5.79992125000000        3.66384500000000      -2.792425894280108E-002
   5.79992125000000        3.96899875000000      -2.643776820896464E-002
   5.79992125000000        4.27415250000000      -2.516007212775005E-002
   5.79992125000000        4.57930625000000      -2.379878005070933E-002
   5.79992125000000        4.88446000000000      -2.233314473572117E-002
   5.79992125000000        5.18961375000000      -2.082924588439573E-002
   5.79992125000000        5.49476750000000      -1.934530317157129E-002
   5.79992125000000        5.79992125000000      -1.791287460375523E-002
   5.79992125000000        6.10507500000000      -1.655431948641096E-002
   5.79992125000000        6.41022875000000      -1.542890994676311E-002
   5.79992125000000        6.71538250000000      -1.474756713742509E-002
   5.79992125000000        7.02053625000000      -1.457679647471738E-002
   5.79992125000000        7.32569000000000      -1.470633230076555E-002
   6.10507500000000       2.000000000000000E-003 -7.340608291171477E-002
   6.10507500000000       0.307153750000000      -7.424917492986219E-002
   6.10507500000000       0.612307500000000      -7.515194544445833E-002
   6.10507500000000       0.917461250000000      -7.360857599088019E-002
   6.10507500000000        1.22261500000000      -6.911055960446351E-002
   6.10507500000000        1.52776875000000      -6.238014630417309E-002
   6.10507500000000        1.83292250000000      -5.458526759678944E-002
   6.10507500000000        2.13807625000000      -4.670680483298564E-002
   6.10507500000000        2.44323000000000      -3.932569468329317E-002
   6.10507500000000        2.74838375000000      -3.289640808147216E-002
   6.10507500000000        3.05353750000000      -2.783932812902100E-002
   6.10507500000000        3.35869125000000      -2.473718476334135E-002
   6.10507500000000        3.66384500000000      -2.377992169793122E-002
   6.10507500000000        3.96899875000000      -2.378361113481026E-002
   6.10507500000000        4.27415250000000      -2.348251565567099E-002
   6.10507500000000        4.57930625000000      -2.259534270986360E-002
   6.10507500000000        4.88446000000000      -2.138146889978966E-002
   6.10507500000000        5.18961375000000      -2.003996342449913E-002
   6.10507500000000        5.49476750000000      -1.864852841993167E-002
   6.10507500000000        5.79992125000000      -1.720515045202926E-002
   6.10507500000000        6.10507500000000      -1.579327747105867E-002
   6.10507500000000        6.41022875000000      -1.466615109014900E-002
   6.10507500000000        6.71538250000000      -1.413678229050214E-002
   6.10507500000000        7.02053625000000      -1.431598067142842E-002
   6.10507500000000        7.32569000000000      -1.478597302684024E-002
   6.41022875000000       2.000000000000000E-003 -6.036120361547883E-002
   6.41022875000000       0.307153750000000      -6.234010537150523E-002
   6.41022875000000       0.612307500000000      -6.440616205274419E-002
   6.41022875000000       0.917461250000000      -6.331501896901814E-002
   6.41022875000000        1.22261500000000      -5.949339045156956E-002
   6.41022875000000        1.52776875000000      -5.376398787373124E-002
   6.41022875000000        1.83292250000000      -4.701289055643736E-002
   6.41022875000000        2.13807625000000      -4.006869423061572E-002
   6.41022875000000        2.44323000000000      -3.325065651942078E-002
   6.41022875000000        2.74838375000000      -2.657024106150716E-002
   6.41022875000000        3.05353750000000      -2.099636190294065E-002
   6.41022875000000        3.35869125000000      -1.866833566949199E-002
   6.41022875000000        3.66384500000000      -1.964697045264077E-002
   6.41022875000000        3.96899875000000      -2.143107194828427E-002
   6.41022875000000        4.27415250000000      -2.195204222485251E-002
   6.41022875000000        4.57930625000000      -2.130819419118899E-002
   6.41022875000000        4.88446000000000      -2.023626806740973E-002
   6.41022875000000        5.18961375000000      -1.906419715770932E-002
   6.41022875000000        5.49476750000000      -1.781410130716952E-002
   6.41022875000000        5.79992125000000      -1.646178396305299E-002
   6.41022875000000        6.10507500000000      -1.513363491464929E-002
   6.41022875000000        6.41022875000000      -1.411018425881712E-002
   6.41022875000000        6.71538250000000      -1.387403017999726E-002
   6.41022875000000        7.02053625000000      -1.466240905092440E-002
   6.41022875000000        7.32569000000000      -1.551171977601437E-002
   6.71538250000000       2.000000000000000E-003 -5.402196480992287E-002
   6.71538250000000       0.307153750000000      -5.698807962700566E-002
   6.71538250000000       0.612307500000000      -5.680472075625820E-002
   6.71538250000000       0.917461250000000      -5.420012958290218E-002
   6.71538250000000        1.22261500000000      -5.084466432353495E-002
   6.71538250000000        1.52776875000000      -4.628383249345436E-002
   6.71538250000000        1.83292250000000      -4.079444054592991E-002
   6.71538250000000        2.13807625000000      -3.493430193714078E-002
   6.71538250000000        2.44323000000000      -2.863188513675007E-002
   6.71538250000000        2.74838375000000      -2.158741650394298E-002
   6.71538250000000        3.05353750000000      -1.591326652021169E-002
   6.71538250000000        3.35869125000000      -1.419186966041044E-002
   6.71538250000000        3.66384500000000      -1.748552185942320E-002
   6.71538250000000        3.96899875000000      -2.055809115510778E-002
   6.71538250000000        4.27415250000000      -2.064987051296180E-002
   6.71538250000000        4.57930625000000      -1.970619521796950E-002
   6.71538250000000        4.88446000000000      -1.878793667911918E-002
   6.71538250000000        5.18961375000000      -1.788801630021741E-002
   6.71538250000000        5.49476750000000      -1.689420108715660E-002
   6.71538250000000        5.79992125000000      -1.581817144487998E-002
   6.71538250000000        6.10507500000000      -1.474719784096554E-002
   6.71538250000000        6.41022875000000      -1.394495248472255E-002
   6.71538250000000        6.71538250000000      -1.406886019589146E-002
   6.71538250000000        7.02053625000000      -1.560884521744508E-002
   6.71538250000000        7.32569000000000      -1.676004010012110E-002
   7.02053625000000       2.000000000000000E-003 -5.152636695232476E-002
   7.02053625000000       0.307153750000000      -5.296894873561216E-002
   7.02053625000000       0.612307500000000      -4.608049944187526E-002
   7.02053625000000       0.917461250000000      -4.412209390520883E-002
   7.02053625000000        1.22261500000000      -4.286178680584476E-002
   7.02053625000000        1.52776875000000      -4.002205814711511E-002
   7.02053625000000        1.83292250000000      -3.602218597717798E-002
   7.02053625000000        2.13807625000000      -3.154502935305913E-002
   7.02053625000000        2.44323000000000      -2.633259990994292E-002
   7.02053625000000        2.74838375000000      -2.062926770330466E-002
   7.02053625000000        3.05353750000000      -1.580409669487930E-002
   7.02053625000000        3.35869125000000      -1.462883989464203E-002
   7.02053625000000        3.66384500000000      -1.992250849744370E-002
   7.02053625000000        3.96899875000000      -2.124086397613462E-002
   7.02053625000000        4.27415250000000      -1.885209557092832E-002
   7.02053625000000        4.57930625000000      -1.746386811756164E-002
   7.02053625000000        4.88446000000000      -1.696944122880440E-002
   7.02053625000000        5.18961375000000      -1.658353450206949E-002
   7.02053625000000        5.49476750000000      -1.599578215439906E-002
   7.02053625000000        5.79992125000000      -1.535669955703384E-002
   7.02053625000000        6.10507500000000      -1.468488032397814E-002
   7.02053625000000        6.41022875000000      -1.410888809827460E-002
   7.02053625000000        6.71538250000000      -1.413805302945768E-002
   7.02053625000000        7.02053625000000      -1.514886591462138E-002
   7.02053625000000        7.32569000000000      -1.629974386297314E-002
   7.32569000000000       2.000000000000000E-003 -4.998179996945060E-002
   7.32569000000000       0.307153750000000      -3.959547113742069E-002
   7.32569000000000       0.612307500000000      -3.324179617559252E-002
   7.32569000000000       0.917461250000000      -3.585000063100183E-002
   7.32569000000000        1.22261500000000      -3.682237680391488E-002
   7.32569000000000        1.52776875000000      -3.535535724757972E-002
   7.32569000000000        1.83292250000000      -3.269605100267308E-002
   7.32569000000000        2.13807625000000      -2.977479922703338E-002
   7.32569000000000        2.44323000000000      -2.672558949049396E-002
   7.32569000000000        2.74838375000000      -2.422280283884908E-002
   7.32569000000000        3.05353750000000      -2.293561219796027E-002
   7.32569000000000        3.35869125000000      -2.322870913324879E-002
   7.32569000000000        3.66384500000000      -2.431157893125078E-002
   7.32569000000000        3.96899875000000      -1.971408935681400E-002
   7.32569000000000        4.27415250000000      -1.609063484504586E-002
   7.32569000000000        4.57930625000000      -1.509625385224085E-002
   7.32569000000000        4.88446000000000      -1.520512912046393E-002
   7.32569000000000        5.18961375000000      -1.536675293830546E-002
   7.32569000000000        5.49476750000000      -1.521250830753810E-002
   7.32569000000000        5.79992125000000      -1.503599003416362E-002
   7.32569000000000        6.10507500000000      -1.476383337208174E-002
   7.32569000000000        6.41022875000000      -1.418729800299182E-002
   7.32569000000000        6.71538250000000      -1.325024816733688E-002
   7.32569000000000        7.02053625000000      -1.308076583592191E-002
   7.32569000000000        7.32569000000000      -1.344500845655244E-002
