  2.000000000000000E-003  2.000000000000000E-003 -0.219712700433542     
  2.000000000000000E-003  0.307153750000000      -0.228124526096865     
  2.000000000000000E-003  0.612307500000000      -0.223072760778249     
  2.000000000000000E-003  0.917461250000000      -0.214442244135240     
  2.000000000000000E-003   1.22261500000000      -0.204299266348966     
  2.000000000000000E-003   1.52776875000000      -0.194137270979590     
  2.000000000000000E-003   1.83292250000000      -0.184569058377125     
  2.000000000000000E-003   2.13807625000000      -0.175643011938021     
  2.000000000000000E-003   2.44323000000000      -0.166889214719042     
  2.000000000000000E-003   2.74838375000000      -0.158434593686248     
  2.000000000000000E-003   3.05353750000000      -0.151492329128998     
  2.000000000000000E-003   3.35869125000000      -0.147998839524506     
  2.000000000000000E-003   3.66384500000000      -0.145626156132287     
  2.000000000000000E-003   3.96899875000000      -0.137245796956626     
  2.000000000000000E-003   4.27415250000000      -0.129124246302258     
  2.000000000000000E-003   4.57930625000000      -0.120816202113506     
  2.000000000000000E-003   4.88446000000000      -0.113605748618035     
  2.000000000000000E-003   5.18961375000000      -0.107906878707105     
  2.000000000000000E-003   5.49476750000000      -0.103531751979918     
  2.000000000000000E-003   5.79992125000000      -0.100578420911678     
  2.000000000000000E-003   6.10507500000000      -9.869632989477632E-002
  2.000000000000000E-003   6.41022875000000      -9.717360280387999E-002
  2.000000000000000E-003   6.71538250000000      -9.526969717071337E-002
  2.000000000000000E-003   7.02053625000000      -9.380469906129270E-002
  2.000000000000000E-003   7.32569000000000      -9.147174878710511E-002
  0.307153750000000       2.000000000000000E-003 -0.225351433600956     
  0.307153750000000       0.307153750000000      -0.232801485577235     
  0.307153750000000       0.612307500000000      -0.235245352186431     
  0.307153750000000       0.917461250000000      -0.229783440627463     
  0.307153750000000        1.22261500000000      -0.220153853729119     
  0.307153750000000        1.52776875000000      -0.209580047074708     
  0.307153750000000        1.83292250000000      -0.199117382460121     
  0.307153750000000        2.13807625000000      -0.188713977221940     
  0.307153750000000        2.44323000000000      -0.177916115156651     
  0.307153750000000        2.74838375000000      -0.166434697879713     
  0.307153750000000        3.05353750000000      -0.155533655993207     
  0.307153750000000        3.35869125000000      -0.148543935850810     
  0.307153750000000        3.66384500000000      -0.146918052405133     
  0.307153750000000        3.96899875000000      -0.141385945191915     
  0.307153750000000        4.27415250000000      -0.133417040876825     
  0.307153750000000        4.57930625000000      -0.125447016486198     
  0.307153750000000        4.88446000000000      -0.118347165957632     
  0.307153750000000        5.18961375000000      -0.112434520626438     
  0.307153750000000        5.49476750000000      -0.107705626599300     
  0.307153750000000        5.79992125000000      -0.104247539146291     
  0.307153750000000        6.10507500000000      -0.101721010069423     
  0.307153750000000        6.41022875000000      -9.943084015728225E-002
  0.307153750000000        6.71538250000000      -9.671425316338450E-002
  0.307153750000000        7.02053625000000      -9.502087764046936E-002
  0.307153750000000        7.32569000000000      -9.459852539718509E-002
  0.612307500000000       2.000000000000000E-003 -0.242919730534190     
  0.612307500000000       0.307153750000000      -0.247336772191931     
  0.612307500000000       0.612307500000000      -0.250332720014334     
  0.612307500000000       0.917461250000000      -0.245690191235072     
  0.612307500000000        1.22261500000000      -0.236499116076783     
  0.612307500000000        1.52776875000000      -0.225876076844873     
  0.612307500000000        1.83292250000000      -0.214825976952975     
  0.612307500000000        2.13807625000000      -0.203384012171625     
  0.612307500000000        2.44323000000000      -0.191416485774390     
  0.612307500000000        2.74838375000000      -0.178517377253616     
  0.612307500000000        3.05353750000000      -0.165970545112825     
  0.612307500000000        3.35869125000000      -0.156177321125022     
  0.612307500000000        3.66384500000000      -0.150297621814489     
  0.612307500000000        3.96899875000000      -0.144759146596702     
  0.612307500000000        4.27415250000000      -0.137678698881467     
  0.612307500000000        4.57930625000000      -0.130143752156434     
  0.612307500000000        4.88446000000000      -0.123141389016767     
  0.612307500000000        5.18961375000000      -0.116951431370610     
  0.612307500000000        5.49476750000000      -0.111789135982760     
  0.612307500000000        5.79992125000000      -0.107674364996367     
  0.612307500000000        6.10507500000000      -0.104335936465454     
  0.612307500000000        6.41022875000000      -0.101342539314487     
  0.612307500000000        6.71538250000000      -9.864327214766191E-002
  0.612307500000000        7.02053625000000      -9.727294713713971E-002
  0.612307500000000        7.32569000000000      -9.512673835028670E-002
  0.917461250000000       2.000000000000000E-003 -0.274952396226952     
  0.917461250000000       0.307153750000000      -0.275188355451008     
  0.917461250000000       0.612307500000000      -0.272966688376795     
  0.917461250000000       0.917461250000000      -0.265956631444222     
  0.917461250000000        1.22261500000000      -0.255657562392286     
  0.917461250000000        1.52776875000000      -0.244013040613552     
  0.917461250000000        1.83292250000000      -0.231779728542200     
  0.917461250000000        2.13807625000000      -0.219183609405456     
  0.917461250000000        2.44323000000000      -0.206278946216446     
  0.917461250000000        2.74838375000000      -0.192898114205860     
  0.917461250000000        3.05353750000000      -0.179620195189048     
  0.917461250000000        3.35869125000000      -0.168005371968019     
  0.917461250000000        3.66384500000000      -0.158740480104290     
  0.917461250000000        3.96899875000000      -0.150766690226064     
  0.917461250000000        4.27415250000000      -0.142952457624596     
  0.917461250000000        4.57930625000000      -0.135291632344573     
  0.917461250000000        4.88446000000000      -0.128056660628665     
  0.917461250000000        5.18961375000000      -0.121484128745440     
  0.917461250000000        5.49476750000000      -0.115795973011076     
  0.917461250000000        5.79992125000000      -0.111006076504423     
  0.917461250000000        6.10507500000000      -0.106897105766866     
  0.917461250000000        6.41022875000000      -0.103286350907041     
  0.917461250000000        6.71538250000000      -0.100217741539726     
  0.917461250000000        7.02053625000000      -9.769745612995669E-002
  0.917461250000000        7.32569000000000      -9.437464755605272E-002
   1.22261500000000       2.000000000000000E-003 -0.315959652186156     
   1.22261500000000       0.307153750000000      -0.313704095160910     
   1.22261500000000       0.612307500000000      -0.306734558264101     
   1.22261500000000       0.917461250000000      -0.295375712080999     
   1.22261500000000        1.22261500000000      -0.281282127881807     
   1.22261500000000        1.52776875000000      -0.266158623904195     
   1.22261500000000        1.83292250000000      -0.250835119080989     
   1.22261500000000        2.13807625000000      -0.235863224083012     
   1.22261500000000        2.44323000000000      -0.221384749829055     
   1.22261500000000        2.74838375000000      -0.207140835727950     
   1.22261500000000        3.05353750000000      -0.193186393488036     
   1.22261500000000        3.35869125000000      -0.180111621947977     
   1.22261500000000        3.66384500000000      -0.168502758849041     
   1.22261500000000        3.96899875000000      -0.158290733011330     
   1.22261500000000        4.27415250000000      -0.149119021965779     
   1.22261500000000        4.57930625000000      -0.140739876199053     
   1.22261500000000        4.88446000000000      -0.133037041168126     
   1.22261500000000        5.18961375000000      -0.126012516172527     
   1.22261500000000        5.49476750000000      -0.119737347525086     
   1.22261500000000        5.79992125000000      -0.114247508955152     
   1.22261500000000        6.10507500000000      -0.109396346512913     
   1.22261500000000        6.41022875000000      -0.105065604807812     
   1.22261500000000        6.71538250000000      -0.101213514790475     
   1.22261500000000        7.02053625000000      -9.764022341120553E-002
   1.22261500000000        7.32569000000000      -9.379841169425138E-002
   1.52776875000000       2.000000000000000E-003 -0.375573587970134     
   1.52776875000000       0.307153750000000      -0.371102215114945     
   1.52776875000000       0.612307500000000      -0.358429506470457     
   1.52776875000000       0.917461250000000      -0.339764607960727     
   1.52776875000000        1.22261500000000      -0.317904443390116     
   1.52776875000000        1.52776875000000      -0.295197416838451     
   1.52776875000000        1.83292250000000      -0.273328142041768     
   1.52776875000000        2.13807625000000      -0.253718897959526     
   1.52776875000000        2.44323000000000      -0.236280494563353     
   1.52776875000000        2.74838375000000      -0.220273822301669     
   1.52776875000000        3.05353750000000      -0.205115957485796     
   1.52776875000000        3.35869125000000      -0.190755947079409     
   1.52776875000000        3.66384500000000      -0.177511308519222     
   1.52776875000000        3.96899875000000      -0.165670996017703     
   1.52776875000000        4.27415250000000      -0.155275992770507     
   1.52776875000000        4.57930625000000      -0.146127942608008     
   1.52776875000000        4.88446000000000      -0.137922501585076     
   1.52776875000000        5.18961375000000      -0.130421417302100     
   1.52776875000000        5.49476750000000      -0.123541346965703     
   1.52776875000000        5.79992125000000      -0.117301453123394     
   1.52776875000000        6.10507500000000      -0.111697458394661     
   1.52776875000000        6.41022875000000      -0.106626250191289     
   1.52776875000000        6.71538250000000      -0.102020470221997     
   1.52776875000000        7.02053625000000      -9.773887988257073E-002
   1.52776875000000        7.32569000000000      -9.357313000313792E-002
   1.83292250000000       2.000000000000000E-003 -0.465618435476200     
   1.83292250000000       0.307153750000000      -0.457779140353891     
   1.83292250000000       0.612307500000000      -0.436254948147573     
   1.83292250000000       0.917461250000000      -0.405197511284876     
   1.83292250000000        1.22261500000000      -0.369148123234926     
   1.83292250000000        1.52776875000000      -0.333064764165964     
   1.83292250000000        1.83292250000000      -0.300656150419770     
   1.83292250000000        2.13807625000000      -0.273448897429745     
   1.83292250000000        2.44323000000000      -0.251088466401384     
   1.83292250000000        2.74838375000000      -0.232201385804098     
   1.83292250000000        3.05353750000000      -0.215370935031234     
   1.83292250000000        3.35869125000000      -0.199793571132610     
   1.83292250000000        3.66384500000000      -0.185375798538506     
   1.83292250000000        3.96899875000000      -0.172390418994161     
   1.83292250000000        4.27415250000000      -0.161037669530206     
   1.83292250000000        4.57930625000000      -0.151201275324814     
   1.83292250000000        4.88446000000000      -0.142498116483752     
   1.83292250000000        5.18961375000000      -0.134517239868281     
   1.83292250000000        5.49476750000000      -0.127034468114413     
   1.83292250000000        5.79992125000000      -0.120046651775677     
   1.83292250000000        6.10507500000000      -0.113644784286295     
   1.83292250000000        6.41022875000000      -0.107868253711206     
   1.83292250000000        6.71538250000000      -0.102660728537802     
   1.83292250000000        7.02053625000000      -9.792298538031342E-002
   1.83292250000000        7.32569000000000      -9.353538044981649E-002
   2.13807625000000       2.000000000000000E-003 -0.598568843936125     
   2.13807625000000       0.307153750000000      -0.584544976339734     
   2.13807625000000       0.612307500000000      -0.546455391387218     
   2.13807625000000       0.917461250000000      -0.493485885104206     
   2.13807625000000        1.22261500000000      -0.435695416066940     
   2.13807625000000        1.52776875000000      -0.380873508596437     
   2.13807625000000        1.83292250000000      -0.333627218297534     
   2.13807625000000        2.13807625000000      -0.295605146357820     
   2.13807625000000        2.44323000000000      -0.266118070397752     
   2.13807625000000        2.74838375000000      -0.243061128611006     
   2.13807625000000        3.05353750000000      -0.224032017182348     
   2.13807625000000        3.35869125000000      -0.207267107796897     
   2.13807625000000        3.66384500000000      -0.192003853741435     
   2.13807625000000        3.96899875000000      -0.178234795710590     
   2.13807625000000        4.27415250000000      -0.166159114541584     
   2.13807625000000        4.57930625000000      -0.155729328386646     
   2.13807625000000        4.88446000000000      -0.146547524172928     
   2.13807625000000        5.18961375000000      -0.138089194630078     
   2.13807625000000        5.49476750000000      -0.130010504062107     
   2.13807625000000        5.79992125000000      -0.122279694953248     
   2.13807625000000        6.10507500000000      -0.115074381484329     
   2.13807625000000        6.41022875000000      -0.108585452874096     
   2.13807625000000        6.71538250000000      -0.102887359594189     
   2.13807625000000        7.02053625000000      -9.790791980504787E-002
   2.13807625000000        7.32569000000000      -9.346047766734149E-002
   2.44323000000000       2.000000000000000E-003 -0.789099876385701     
   2.44323000000000       0.307153750000000      -0.763546606991686     
   2.44323000000000       0.612307500000000      -0.695680527480436     
   2.44323000000000       0.917461250000000      -0.607520595500602     
   2.44323000000000        1.22261500000000      -0.518040283954236     
   2.44323000000000        1.52776875000000      -0.437897102209374     
   2.44323000000000        1.83292250000000      -0.371555109051289     
   2.44323000000000        2.13807625000000      -0.319872690474458     
   2.44323000000000        2.44323000000000      -0.281357412542405     
   2.44323000000000        2.74838375000000      -0.252982146517438     
   2.44323000000000        3.05353750000000      -0.231235620233807     
   2.44323000000000        3.35869125000000      -0.213231566940850     
   2.44323000000000        3.66384500000000      -0.197331556843444     
   2.44323000000000        3.96899875000000      -0.183048502879634     
   2.44323000000000        4.27415250000000      -0.170452428539554     
   2.44323000000000        4.57930625000000      -0.159530743654775     
   2.44323000000000        4.88446000000000      -0.149902808424509     
   2.44323000000000        5.18961375000000      -0.140977234832142     
   2.44323000000000        5.49476750000000      -0.132313201715914     
   2.44323000000000        5.79992125000000      -0.123838504077045     
   2.44323000000000        6.10507500000000      -0.115790850971002     
   2.44323000000000        6.41022875000000      -0.108516426092837     
   2.44323000000000        6.71538250000000      -0.102313776742204     
   2.44323000000000        7.02053625000000      -9.728470015449468E-002
   2.44323000000000        7.32569000000000      -9.308283568297272E-002
   2.74838375000000       2.000000000000000E-003  -1.04451500933229     
   2.74838375000000       0.307153750000000       -1.00391125913731     
   2.74838375000000       0.612307500000000      -0.894794716936616     
   2.74838375000000       0.917461250000000      -0.750768974370579     
   2.74838375000000        1.22261500000000      -0.613299275661072     
   2.74838375000000        1.52776875000000      -0.500262876594959     
   2.74838375000000        1.83292250000000      -0.411485305377279     
   2.74838375000000        2.13807625000000      -0.344532221518349     
   2.74838375000000        2.44323000000000      -0.296067831554584     
   2.74838375000000        2.74838375000000      -0.261816443852392     
   2.74838375000000        3.05353750000000      -0.237078529217200     
   2.74838375000000        3.35869125000000      -0.217792209423392     
   2.74838375000000        3.66384500000000      -0.201366313585869     
   2.74838375000000        3.96899875000000      -0.186746493650114     
   2.74838375000000        4.27415250000000      -0.173795096096367     
   2.74838375000000        4.57930625000000      -0.162491478476466     
   2.74838375000000        4.88446000000000      -0.152473969830558     
   2.74838375000000        5.18961375000000      -0.143113638802547     
   2.74838375000000        5.49476750000000      -0.133890653676575     
   2.74838375000000        5.79992125000000      -0.124667593772678     
   2.74838375000000        6.10507500000000      -0.115670876548431     
   2.74838375000000        6.41022875000000      -0.107340725220029     
   2.74838375000000        6.71538250000000      -0.100428374934837     
   2.74838375000000        7.02053625000000      -9.558967793651088E-002
   2.74838375000000        7.32569000000000      -9.213882213416034E-002
   3.05353750000000       2.000000000000000E-003  -1.33098128596537     
   3.05353750000000       0.307153750000000       -1.27472421005869     
   3.05353750000000       0.612307500000000       -1.11695353004862     
   3.05353750000000       0.917461250000000      -0.909577079047979     
   3.05353750000000        1.22261500000000      -0.711506766017456     
   3.05353750000000        1.52776875000000      -0.559811125157481     
   3.05353750000000        1.83292250000000      -0.448006841810930     
   3.05353750000000        2.13807625000000      -0.366451495185858     
   3.05353750000000        2.44323000000000      -0.308725251706776     
   3.05353750000000        2.74838375000000      -0.269019948847880     
   3.05353750000000        3.05353750000000      -0.241489548117614     
   3.05353750000000        3.35869125000000      -0.221012409991836     
   3.05353750000000        3.66384500000000      -0.204144356494700     
   3.05353750000000        3.96899875000000      -0.189308123019865     
   3.05353750000000        4.27415250000000      -0.176138405080025     
   3.05353750000000        4.57930625000000      -0.164569416116736     
   3.05353750000000        4.88446000000000      -0.154248033756408     
   3.05353750000000        5.18961375000000      -0.144523853356624     
   3.05353750000000        5.49476750000000      -0.134809863837975     
   3.05353750000000        5.79992125000000      -0.124865088686359     
   3.05353750000000        6.10507500000000      -0.114756158425920     
   3.05353750000000        6.41022875000000      -0.104870106788790     
   3.05353750000000        6.71538250000000      -9.683492099142443E-002
   3.05353750000000        7.02053625000000      -9.230640442480240E-002
   3.05353750000000        7.32569000000000      -9.021322212706073E-002
   3.35869125000000       2.000000000000000E-003  -1.56489246235402     
   3.35869125000000       0.307153750000000       -1.50178220878841     
   3.35869125000000       0.612307500000000       -1.30549267950282     
   3.35869125000000       0.917461250000000       -1.03928956218386     
   3.35869125000000        1.22261500000000      -0.791043911357381     
   3.35869125000000        1.52776875000000      -0.604248349400688     
   3.35869125000000        1.83292250000000      -0.474150747854172     
   3.35869125000000        2.13807625000000      -0.381791606353575     
   3.35869125000000        2.44323000000000      -0.317409329235026     
   3.35869125000000        2.74838375000000      -0.273804577280449     
   3.35869125000000        3.05353750000000      -0.244258909042209     
   3.35869125000000        3.35869125000000      -0.222905210762353     
   3.35869125000000        3.66384500000000      -0.205719336100519     
   3.35869125000000        3.96899875000000      -0.190768967356518     
   3.35869125000000        4.27415250000000      -0.177496700709167     
   3.35869125000000        4.57930625000000      -0.165777485071523     
   3.35869125000000        4.88446000000000      -0.155263158937187     
   3.35869125000000        5.18961375000000      -0.145293866626135     
   3.35869125000000        5.49476750000000      -0.135229495392847     
   3.35869125000000        5.79992125000000      -0.124709516278984     
   3.35869125000000        6.10507500000000      -0.113494786515559     
   3.35869125000000        6.41022875000000      -0.101966776563864     
   3.35869125000000        6.71538250000000      -9.228074631455079E-002
   3.35869125000000        7.02053625000000      -8.772975821829233E-002
   3.35869125000000        7.32569000000000      -8.694730167870574E-002
   3.66384500000000       2.000000000000000E-003  -1.72164605944426     
   3.66384500000000       0.307153750000000       -1.59571796085097     
   3.66384500000000       0.612307500000000       -1.38133290146363     
   3.66384500000000       0.917461250000000       -1.09033251410964     
   3.66384500000000        1.22261500000000      -0.821952939729818     
   3.66384500000000        1.52776875000000      -0.620916118092401     
   3.66384500000000        1.83292250000000      -0.483693488239173     
   3.66384500000000        2.13807625000000      -0.387311969367645     
   3.66384500000000        2.44323000000000      -0.320498094604696     
   3.66384500000000        2.74838375000000      -0.275473645709488     
   3.66384500000000        3.05353750000000      -0.245188493196549     
   3.66384500000000        3.35869125000000      -0.223505225950326     
   3.66384500000000        3.66384500000000      -0.206198411998080     
   3.66384500000000        3.96899875000000      -0.191217029622189     
   3.66384500000000        4.27415250000000      -0.177920885865448     
   3.66384500000000        4.57930625000000      -0.166155135147217     
   3.66384500000000        4.88446000000000      -0.155575012854597     
   3.66384500000000        5.18961375000000      -0.145518704586430     
   3.66384500000000        5.49476750000000      -0.135323888584609     
   3.66384500000000        5.79992125000000      -0.124572114001582     
   3.66384500000000        6.10507500000000      -0.112860826990399     
   3.66384500000000        6.41022875000000      -0.100556192242886     
   3.66384500000000        6.71538250000000      -8.987520924984055E-002
   3.66384500000000        7.02053625000000      -8.499472037866371E-002
   3.66384500000000        7.32569000000000      -8.370953526328423E-002
   3.96899875000000       2.000000000000000E-003  -1.56489502230100     
   3.96899875000000       0.307153750000000       -1.50154320600178     
   3.96899875000000       0.612307500000000       -1.30526540715391     
   3.96899875000000       0.917461250000000       -1.03913766424823     
   3.96899875000000        1.22261500000000      -0.790948513221672     
   3.96899875000000        1.52776875000000      -0.604178719906881     
   3.96899875000000        1.83292250000000      -0.474089539829284     
   3.96899875000000        2.13807625000000      -0.381733359311308     
   3.96899875000000        2.44323000000000      -0.317352129997277     
   3.96899875000000        2.74838375000000      -0.273747830938020     
   3.96899875000000        3.05353750000000      -0.244202454037004     
   3.96899875000000        3.35869125000000      -0.222849052417471     
   3.96899875000000        3.66384500000000      -0.205663667809988     
   3.96899875000000        3.96899875000000      -0.190714117971599     
   3.96899875000000        4.27415250000000      -0.177443082548502     
   3.96899875000000        4.57930625000000      -0.165725259400558     
   3.96899875000000        4.88446000000000      -0.155211610373390     
   3.96899875000000        5.18961375000000      -0.145241074296356     
   3.96899875000000        5.49476750000000      -0.135172217315432     
   3.96899875000000        5.79992125000000      -0.124642721505814     
   3.96899875000000        6.10507500000000      -0.113407007185072     
   3.96899875000000        6.41022875000000      -0.101841700411299     
   3.96899875000000        6.71538250000000      -9.211625249256271E-002
   3.96899875000000        7.02053625000000      -8.759001580588593E-002
   3.96899875000000        7.32569000000000      -8.706910657088383E-002
   4.27415250000000       2.000000000000000E-003  -1.33098674606608     
   4.27415250000000       0.307153750000000       -1.27449763957682     
   4.27415250000000       0.612307500000000       -1.11668442228531     
   4.27415250000000       0.917461250000000      -0.909365324365433     
   4.27415250000000        1.22261500000000      -0.711354671336602     
   4.27415250000000        1.52776875000000      -0.559684851150419     
   4.27415250000000        1.83292250000000      -0.447888939480915     
   4.27415250000000        2.13807625000000      -0.366335406444981     
   4.27415250000000        2.44323000000000      -0.308609049882574     
   4.27415250000000        2.74838375000000      -0.268903673702242     
   4.27415250000000        3.05353750000000      -0.241374019423779     
   4.27415250000000        3.35869125000000      -0.220898465947679     
   4.27415250000000        3.66384500000000      -0.204032474095267     
   4.27415250000000        3.96899875000000      -0.189198677691499     
   4.27415250000000        4.27415250000000      -0.176031717501218     
   4.27415250000000        4.57930625000000      -0.164465372992537     
   4.27415250000000        4.88446000000000      -0.154145347854385     
   4.27415250000000        5.18961375000000      -0.144419503543338     
   4.27415250000000        5.49476750000000      -0.134699040050412     
   4.27415250000000        5.79992125000000      -0.124741505692367     
   4.27415250000000        6.10507500000000      -0.114609650641576     
   4.27415250000000        6.41022875000000      -0.104686609412615     
   4.27415250000000        6.71538250000000      -9.664185042736831E-002
   4.27415250000000        7.02053625000000      -9.221837858940098E-002
   4.27415250000000        7.32569000000000      -9.040620565344232E-002
   4.57930625000000       2.000000000000000E-003  -1.04452083302667     
   4.57930625000000       0.307153750000000       -1.00376125833921     
   4.57930625000000       0.612307500000000      -0.894582872782999     
   4.57930625000000       0.917461250000000      -0.750570336703662     
   4.57930625000000        1.22261500000000      -0.613122385778681     
   4.57930625000000        1.52776875000000      -0.500093770907967     
   4.57930625000000        1.83292250000000      -0.411315069770684     
   4.57930625000000        2.13807625000000      -0.344357134344200     
   4.57930625000000        2.44323000000000      -0.295888142761095     
   4.57930625000000        2.74838375000000      -0.261635138919356     
   4.57930625000000        3.05353750000000      -0.236899316744566     
   4.57930625000000        3.35869125000000      -0.217617983348184     
   4.57930625000000        3.66384500000000      -0.201198191853812     
   4.57930625000000        3.96899875000000      -0.186584098526597     
   4.57930625000000        4.27415250000000      -0.173637492798525     
   4.57930625000000        4.57930625000000      -0.162337484152461     
   4.57930625000000        4.88446000000000      -0.152321874698876     
   4.57930625000000        5.18961375000000      -0.142960491662015     
   4.57930625000000        5.49476750000000      -0.133732399790136     
   4.57930625000000        5.79992125000000      -0.124499990906554     
   4.57930625000000        6.10507500000000      -0.115491044889590     
   4.57930625000000        6.41022875000000      -0.107149596268265     
   4.57930625000000        6.71538250000000      -0.100256378916521     
   4.57930625000000        7.02053625000000      -9.552536572556829E-002
   4.57930625000000        7.32569000000000      -9.226716048954250E-002
   4.88446000000000       2.000000000000000E-003 -0.789104523924465     
   4.88446000000000       0.307153750000000      -0.763452005269667     
   4.88446000000000       0.612307500000000      -0.695526734900820     
   4.88446000000000       0.917461250000000      -0.607341442370980     
   4.88446000000000        1.22261500000000      -0.517847597264804     
   4.88446000000000        1.52776875000000      -0.437690626454142     
   4.88446000000000        1.83292250000000      -0.371332274413412     
   4.88446000000000        2.13807625000000      -0.319633541528917     
   4.88446000000000        2.44323000000000      -0.281106532322853     
   4.88446000000000        2.74838375000000      -0.252727953519467     
   4.88446000000000        3.05353750000000      -0.230987231491917     
   4.88446000000000        3.35869125000000      -0.212995436379725     
   4.88446000000000        3.66384500000000      -0.197109357245417     
   4.88446000000000        3.96899875000000      -0.182837798449205     
   4.88446000000000        4.27415250000000      -0.170249135510639     
   4.88446000000000        4.57930625000000      -0.159331410846498     
   4.88446000000000        4.88446000000000      -0.149705262237624     
   4.88446000000000        5.18961375000000      -0.140780043809155     
   4.88446000000000        5.49476750000000      -0.132114876154627     
   4.88446000000000        5.79992125000000      -0.123638183650867     
   4.88446000000000        6.10507500000000      -0.115590521542532     
   4.88446000000000        6.41022875000000      -0.108325356464770     
   4.88446000000000        6.71538250000000      -0.102155559110171     
   4.88446000000000        7.02053625000000      -9.720199864639623E-002
   4.88446000000000        7.32569000000000      -9.311293423386008E-002
   5.18961375000000       2.000000000000000E-003 -0.598571812108575     
   5.18961375000000       0.307153750000000      -0.584473649950708     
   5.18961375000000       0.612307500000000      -0.546323564739113     
   5.18961375000000       0.917461250000000      -0.493309320927236     
   5.18961375000000        1.22261500000000      -0.435482678497242     
   5.18961375000000        1.52776875000000      -0.380626377528237     
   5.18961375000000        1.83292250000000      -0.333345654393707     
   5.18961375000000        2.13807625000000      -0.295292915450307     
   5.18961375000000        2.44323000000000      -0.265785834820172     
   5.18961375000000        2.74838375000000      -0.242725350999500     
   5.18961375000000        3.05353750000000      -0.223709846999093     
   5.18961375000000        3.35869125000000      -0.206970045537525     
   5.18961375000000        3.66384500000000      -0.191733760594821     
   5.18961375000000        3.96899875000000      -0.177984894594079     
   5.18961375000000        4.27415250000000      -0.165919455084181     
   5.18961375000000        4.57930625000000      -0.155492545532577     
   5.18961375000000        4.88446000000000      -0.146311180388547     
   5.18961375000000        5.18961375000000      -0.137854673730775     
   5.18961375000000        5.49476750000000      -0.129780504863696     
   5.18961375000000        5.79992125000000      -0.122056834676198     
   5.18961375000000        6.10507500000000      -0.114862275422325     
   5.18961375000000        6.41022875000000      -0.108391583417390     
   5.18961375000000        6.71538250000000      -0.102725944420454     
   5.18961375000000        7.02053625000000      -9.779828037953257E-002
   5.18961375000000        7.32569000000000      -9.341625726913647E-002
   5.49476750000000       2.000000000000000E-003 -0.465619989481973     
   5.49476750000000       0.307153750000000      -0.457713680198383     
   5.49476750000000       0.612307500000000      -0.436126751353717     
   5.49476750000000       0.917461250000000      -0.405011694266058     
   5.49476750000000        1.22261500000000      -0.368907532072499     
   5.49476750000000        1.52776875000000      -0.332769353648172     
   5.49476750000000        1.83292250000000      -0.300306815131507     
   5.49476750000000        2.13807625000000      -0.273053216232252     
   5.49476750000000        2.44323000000000      -0.250664727502426     
   5.49476750000000        2.74838375000000      -0.231776544791708     
   5.49476750000000        3.05353750000000      -0.214973049972781     
   5.49476750000000        3.35869125000000      -0.199441203989219     
   5.49476750000000        3.66384500000000      -0.185070004554588     
   5.49476750000000        3.96899875000000      -0.172116289667391     
   5.49476750000000        4.27415250000000      -0.160775171071472     
   5.49476750000000        4.57930625000000      -0.150937270528548     
   5.49476750000000        4.88446000000000      -0.142230743118854     
   5.49476750000000        5.18961375000000      -0.134252721955141     
   5.49476750000000        5.49476750000000      -0.126781311339617     
   5.49476750000000        5.79992125000000      -0.119811181324279     
   5.49476750000000        6.10507500000000      -0.113429982438236     
   5.49476750000000        6.41022875000000      -0.107675827383816     
   5.49476750000000        6.71538250000000      -0.102494953705718     
   5.49476750000000        7.02053625000000      -9.779265399155251E-002
   5.49476750000000        7.32569000000000      -9.344760927602107E-002
   5.79992125000000       2.000000000000000E-003 -0.375574256148814     
   5.79992125000000       0.307153750000000      -0.371039383921541     
   5.79992125000000       0.612307500000000      -0.358299478147306     
   5.79992125000000       0.917461250000000      -0.339563970446792     
   5.79992125000000        1.22261500000000      -0.317630317548336     
   5.79992125000000        1.52776875000000      -0.294846868154737     
   5.79992125000000        1.83292250000000      -0.272903451999787     
   5.79992125000000        2.13807625000000      -0.253231895418725     
   5.79992125000000        2.44323000000000      -0.235757527975867     
   5.79992125000000        2.74838375000000      -0.219754132368711     
   5.79992125000000        3.05353750000000      -0.204642787049810     
   5.79992125000000        3.35869125000000      -0.190360104697510     
   5.79992125000000        3.66384500000000      -0.177192963673540     
   5.79992125000000        3.96899875000000      -0.165397930071369     
   5.79992125000000        4.27415250000000      -0.155008928420283     
   5.79992125000000        4.57930625000000      -0.145846594251711     
   5.79992125000000        4.88446000000000      -0.137629517026776     
   5.79992125000000        5.18961375000000      -0.130132180726263     
   5.79992125000000        5.49476750000000      -0.123272626116024     
   5.79992125000000        5.79992125000000      -0.117063350214793     
   5.79992125000000        6.10507500000000      -0.111490366282588     
   5.79992125000000        6.41022875000000      -0.106447834941580     
   5.79992125000000        6.71538250000000      -0.101871897415501     
   5.79992125000000        7.02053625000000      -9.762548191680864E-002
   5.79992125000000        7.32569000000000      -9.349533338798190E-002
   6.10507500000000       2.000000000000000E-003 -0.315959791007632     
   6.10507500000000       0.307153750000000      -0.313650475618154     
   6.10507500000000       0.612307500000000      -0.306607051525561     
   6.10507500000000       0.917461250000000      -0.295160097173172     
   6.10507500000000        1.22261500000000      -0.280972417297512     
   6.10507500000000        1.52776875000000      -0.265751416368945     
   6.10507500000000        1.83292250000000      -0.250333471915225     
   6.10507500000000        2.13807625000000      -0.235282849486083     
   6.10507500000000        2.44323000000000      -0.220757915066752     
   6.10507500000000        2.74838375000000      -0.206517632452757     
   6.10507500000000        3.05353750000000      -0.192632255858366     
   6.10507500000000        3.35869125000000      -0.179689640492837     
   6.10507500000000        3.66384500000000      -0.168219209166794     
   6.10507500000000        3.96899875000000      -0.158070032730644     
   6.10507500000000        4.27415250000000      -0.148873895721238     
   6.10507500000000        4.57930625000000      -0.140446123655706     
   6.10507500000000        4.88446000000000      -0.132716290128977     
   6.10507500000000        5.18961375000000      -0.125698551609699     
   6.10507500000000        5.49476750000000      -0.119458773588694     
   6.10507500000000        5.79992125000000      -0.114018926122057     
   6.10507500000000        6.10507500000000      -0.109219436321925     
   6.10507500000000        6.41022875000000      -0.104933228927493     
   6.10507500000000        6.71538250000000      -0.101121904298760     
   6.10507500000000        7.02053625000000      -9.759700191002570E-002
   6.10507500000000        7.32569000000000      -9.379825030763173E-002
   6.41022875000000       2.000000000000000E-003 -0.274952661738999     
   6.41022875000000       0.307153750000000      -0.275159606716452     
   6.41022875000000       0.612307500000000      -0.272850941244427     
   6.41022875000000       0.917461250000000      -0.265729558443904     
   6.41022875000000        1.22261500000000      -0.255315701866290     
   6.41022875000000        1.52776875000000      -0.243554492812782     
   6.41022875000000        1.83292250000000      -0.231208643069975     
   6.41022875000000        2.13807625000000      -0.218516329585892     
   6.41022875000000        2.44323000000000      -0.205545194659556     
   6.41022875000000        2.74838375000000      -0.192145106335838     
   6.41022875000000        3.05353750000000      -0.178946801744249     
   6.41022875000000        3.35869125000000      -0.167544044771731     
   6.41022875000000        3.66384500000000      -0.158518975721730     
   6.41022875000000        3.96899875000000      -0.150636531775150     
   6.41022875000000        4.27415250000000      -0.142745603909592     
   6.41022875000000        4.57930625000000      -0.134972451805828     
   6.41022875000000        4.88446000000000      -0.127690339326965     
   6.41022875000000        5.18961375000000      -0.121137332383173     
   6.41022875000000        5.49476750000000      -0.115512166460529     
   6.41022875000000        5.79992125000000      -0.110809099208315     
   6.41022875000000        6.10507500000000      -0.106791297404286     
   6.41022875000000        6.41022875000000      -0.103253345863524     
   6.41022875000000        6.71538250000000      -0.100235141064509     
   6.41022875000000        7.02053625000000      -9.778084650645795E-002
   6.41022875000000        7.32569000000000      -9.452303379915185E-002
   6.71538250000000       2.000000000000000E-003 -0.242920498161601     
   6.71538250000000       0.307153750000000      -0.247345377654172     
   6.71538250000000       0.612307500000000      -0.250220378021701     
   6.71538250000000       0.917461250000000      -0.245450625375919     
   6.71538250000000        1.22261500000000      -0.236133563061359     
   6.71538250000000        1.52776875000000      -0.225379984317367     
   6.71538250000000        1.83292250000000      -0.214202933725064     
   6.71538250000000        2.13807625000000      -0.202647417670151     
   6.71538250000000        2.44323000000000      -0.190578246048584     
   6.71538250000000        2.74838375000000      -0.177601099320342     
   6.71538250000000        3.05353750000000      -0.165105518444905     
   6.71538250000000        3.35869125000000      -0.155574532885041     
   6.71538250000000        3.66384500000000      -0.150063095118498     
   6.71538250000000        3.96899875000000      -0.144634813699738     
   6.71538250000000        4.27415250000000      -0.137400156039267     
   6.71538250000000        4.57930625000000      -0.129720162110394     
   6.71538250000000        4.88446000000000      -0.122686536879634     
   6.71538250000000        5.18961375000000      -0.116555488785933     
   6.71538250000000        5.49476750000000      -0.111504216190560     
   6.71538250000000        5.79992125000000      -0.107535091523083     
   6.71538250000000        6.10507500000000      -0.104355442692477     
   6.71538250000000        6.41022875000000      -0.101496401468185     
   6.71538250000000        6.71538250000000      -9.885801456279099E-002
   6.71538250000000        7.02053625000000      -9.752342030765493E-002
   6.71538250000000        7.32569000000000      -9.546754595137659E-002
   7.02053625000000       2.000000000000000E-003 -0.225351623326054     
   7.02053625000000       0.307153750000000      -0.232794041397785     
   7.02053625000000       0.612307500000000      -0.235095700662452     
   7.02053625000000       0.917461250000000      -0.229530473377051     
   7.02053625000000        1.22261500000000      -0.219778862986346     
   7.02053625000000        1.52776875000000      -0.209066995424555     
   7.02053625000000        1.83292250000000      -0.198469004523831     
   7.02053625000000        2.13807625000000      -0.187940874188754     
   7.02053625000000        2.44323000000000      -0.177005282094637     
   7.02053625000000        2.74838375000000      -0.165393785064866     
   7.02053625000000        3.05353750000000      -0.154456544045238     
   7.02053625000000        3.35869125000000      -0.147650825471142     
   7.02053625000000        3.66384500000000      -0.146444321752978     
   7.02053625000000        3.96899875000000      -0.140974237616951     
   7.02053625000000        4.27415250000000      -0.132815454463032     
   7.02053625000000        4.57930625000000      -0.124775305707930     
   7.02053625000000        4.88446000000000      -0.117744926262321     
   7.02053625000000        5.18961375000000      -0.111972954692182     
   7.02053625000000        5.49476750000000      -0.107419633127341     
   7.02053625000000        5.79992125000000      -0.104174874967006     
   7.02053625000000        6.10507500000000      -0.101893365040241     
   7.02053625000000        6.41022875000000      -9.985161396860752E-002
   7.02053625000000        6.71538250000000      -9.729454357270548E-002
   7.02053625000000        7.02053625000000      -9.551954419940308E-002
   7.02053625000000        7.32569000000000      -9.505650508943390E-002
   7.32569000000000       2.000000000000000E-003 -0.219711678555622     
   7.32569000000000       0.307153750000000      -0.228084312235617     
   7.32569000000000       0.612307500000000      -0.222916267827822     
   7.32569000000000       0.917461250000000      -0.214198422958498     
   7.32569000000000        1.22261500000000      -0.203932373502349     
   7.32569000000000        1.52776875000000      -0.193629048059822     
   7.32569000000000        1.83292250000000      -0.183926127944526     
   7.32569000000000        2.13807625000000      -0.174878911066412     
   7.32569000000000        2.44323000000000      -0.165990182068823     
   7.32569000000000        2.74838375000000      -0.157412521055049     
   7.32569000000000        3.05353750000000      -0.150417004043269     
   7.32569000000000        3.35869125000000      -0.147024761616501     
   7.32569000000000        3.66384500000000      -0.144914561224456     
   7.32569000000000        3.96899875000000      -0.136249694408177     
   7.32569000000000        4.27415250000000      -0.128030370899472     
   7.32569000000000        4.57930625000000      -0.119841328485644     
   7.32569000000000        4.88446000000000      -0.112846098258769     
   7.32569000000000        5.18961375000000      -0.107381428103250     
   7.32569000000000        5.49476750000000      -0.103238649984027     
   7.32569000000000        5.79992125000000      -0.100544239494949     
   7.32569000000000        6.10507500000000      -9.895288717971057E-002
   7.32569000000000        6.41022875000000      -9.773886774192947E-002
   7.32569000000000        6.71538250000000      -9.609839186532958E-002
   7.32569000000000        7.02053625000000      -9.465699561358833E-002
   7.32569000000000        7.32569000000000      -9.195522759115052E-002
