  2.000000000000000E-003  2.000000000000000E-003  -2.15986523476729     
  2.000000000000000E-003  0.307153750000000       -2.07622897242840     
  2.000000000000000E-003  0.612307500000000       -1.71668093161781     
  2.000000000000000E-003  0.917461250000000       -1.26757731782975     
  2.000000000000000E-003   1.22261500000000      -0.928013251170358     
  2.000000000000000E-003   1.52776875000000      -0.694565306701995     
  2.000000000000000E-003   1.83292250000000      -0.532373186114642     
  2.000000000000000E-003   2.13807625000000      -0.416098286241948     
  2.000000000000000E-003   2.44323000000000      -0.327778639192098     
  2.000000000000000E-003   2.74838375000000      -0.259835522179088     
  2.000000000000000E-003   3.05353750000000      -0.215047633779796     
  2.000000000000000E-003   3.35869125000000      -0.202085060758162     
  2.000000000000000E-003   3.66384500000000      -0.206165401283992     
  2.000000000000000E-003   3.96899875000000      -0.171362806600942     
  2.000000000000000E-003   4.27415250000000      -0.144418206596584     
  2.000000000000000E-003   4.57930625000000      -0.125002747069181     
  2.000000000000000E-003   4.88446000000000      -0.111340282093876     
  2.000000000000000E-003   5.18961375000000      -0.100954839287303     
  2.000000000000000E-003   5.49476750000000      -9.122120379988727E-002
  2.000000000000000E-003   5.79992125000000      -8.446908902170248E-002
  2.000000000000000E-003   6.10507500000000      -8.016519930898332E-002
  2.000000000000000E-003   6.41022875000000      -7.649372467477476E-002
  2.000000000000000E-003   6.71538250000000      -7.142268848620334E-002
  2.000000000000000E-003   7.02053625000000      -6.649120096778689E-002
  2.000000000000000E-003   7.32569000000000      -6.573011031776821E-002
  0.307153750000000       2.000000000000000E-003  -2.07614593264472     
  0.307153750000000       0.307153750000000       -1.86392683075329     
  0.307153750000000       0.612307500000000       -1.53622854447292     
  0.307153750000000       0.917461250000000       -1.17500852172826     
  0.307153750000000        1.22261500000000      -0.882937202981607     
  0.307153750000000        1.52776875000000      -0.671639856277724     
  0.307153750000000        1.83292250000000      -0.520542698242535     
  0.307153750000000        2.13807625000000      -0.410616335640400     
  0.307153750000000        2.44323000000000      -0.327239077782898     
  0.307153750000000        2.74838375000000      -0.263581372191942     
  0.307153750000000        3.05353750000000      -0.223400207436941     
  0.307153750000000        3.35869125000000      -0.211921052369369     
  0.307153750000000        3.66384500000000      -0.210579268441193     
  0.307153750000000        3.96899875000000      -0.181756800367432     
  0.307153750000000        4.27415250000000      -0.150584457737684     
  0.307153750000000        4.57930625000000      -0.128257125819171     
  0.307153750000000        4.88446000000000      -0.113287858352986     
  0.307153750000000        5.18961375000000      -0.102159218079684     
  0.307153750000000        5.49476750000000      -9.236602970378835E-002
  0.307153750000000        5.79992125000000      -8.569842186316137E-002
  0.307153750000000        6.10507500000000      -8.159806505911654E-002
  0.307153750000000        6.41022875000000      -7.855392652292746E-002
  0.307153750000000        6.71538250000000      -7.477534172510275E-002
  0.307153750000000        7.02053625000000      -7.023985217066332E-002
  0.307153750000000        7.32569000000000      -6.703988425641799E-002
  0.612307500000000       2.000000000000000E-003  -1.71657646060091     
  0.612307500000000       0.307153750000000       -1.53608770451356     
  0.612307500000000       0.612307500000000       -1.24697873489665     
  0.612307500000000       0.917461250000000      -0.991081631594350     
  0.612307500000000        1.22261500000000      -0.779687915820886     
  0.612307500000000        1.52776875000000      -0.614844632310124     
  0.612307500000000        1.83292250000000      -0.489558131593497     
  0.612307500000000        2.13807625000000      -0.395188515056214     
  0.612307500000000        2.44323000000000      -0.323541303178266     
  0.612307500000000        2.74838375000000      -0.269378910564817     
  0.612307500000000        3.05353750000000      -0.235924711073381     
  0.612307500000000        3.35869125000000      -0.222300747568912     
  0.612307500000000        3.66384500000000      -0.212888968027242     
  0.612307500000000        3.96899875000000      -0.188867597647789     
  0.612307500000000        4.27415250000000      -0.158647436455430     
  0.612307500000000        4.57930625000000      -0.134209751413932     
  0.612307500000000        4.88446000000000      -0.117410962699917     
  0.612307500000000        5.18961375000000      -0.105024890284585     
  0.612307500000000        5.49476750000000      -9.533717728621356E-002
  0.612307500000000        5.79992125000000      -8.867930704240624E-002
  0.612307500000000        6.10507500000000      -8.473078203602505E-002
  0.612307500000000        6.41022875000000      -8.205708364472973E-002
  0.612307500000000        6.71538250000000      -7.875423317758704E-002
  0.612307500000000        7.02053625000000      -7.315563769381786E-002
  0.612307500000000        7.32569000000000      -6.865619706548269E-002
  0.917461250000000       2.000000000000000E-003  -1.26742401643732     
  0.917461250000000       0.307153750000000       -1.17482734326651     
  0.917461250000000       0.612307500000000      -0.990981159031207     
  0.917461250000000       0.917461250000000      -0.814904043615609     
  0.917461250000000        1.22261500000000      -0.666697715360832     
  0.917461250000000        1.52776875000000      -0.545586378278263     
  0.917461250000000        1.83292250000000      -0.448701713041496     
  0.917461250000000        2.13807625000000      -0.372529872024625     
  0.917461250000000        2.44323000000000      -0.313709743549984     
  0.917461250000000        2.74838375000000      -0.269596288618419     
  0.917461250000000        3.05353750000000      -0.239892952882063     
  0.917461250000000        3.35869125000000      -0.222239789032652     
  0.917461250000000        3.66384500000000      -0.206987646715210     
  0.917461250000000        3.96899875000000      -0.185540111820091     
  0.917461250000000        4.27415250000000      -0.160244274780758     
  0.917461250000000        4.57930625000000      -0.137865227828210     
  0.917461250000000        4.88446000000000      -0.120873412492009     
  0.917461250000000        5.18961375000000      -0.108287841040401     
  0.917461250000000        5.49476750000000      -9.902875972722607E-002
  0.917461250000000        5.79992125000000      -9.238402018752420E-002
  0.917461250000000        6.10507500000000      -8.815702359572464E-002
  0.917461250000000        6.41022875000000      -8.509539913206814E-002
  0.917461250000000        6.71538250000000      -8.170973252821735E-002
  0.917461250000000        7.02053625000000      -7.717027961675005E-002
  0.917461250000000        7.32569000000000      -7.325373733393473E-002
   1.22261500000000       2.000000000000000E-003 -0.927824332363349     
   1.22261500000000       0.307153750000000      -0.882737785793501     
   1.22261500000000       0.612307500000000      -0.779538578867802     
   1.22261500000000       0.917461250000000      -0.666626246985322     
   1.22261500000000        1.22261500000000      -0.564834770042604     
   1.22261500000000        1.52776875000000      -0.478009349584488     
   1.22261500000000        1.83292250000000      -0.405451888745162     
   1.22261500000000        2.13807625000000      -0.345912698590155     
   1.22261500000000        2.44323000000000      -0.298572695729778     
   1.22261500000000        2.74838375000000      -0.262188915403983     
   1.22261500000000        3.05353750000000      -0.235294687108815     
   1.22261500000000        3.35869125000000      -0.215375751294996     
   1.22261500000000        3.66384500000000      -0.197626598068192     
   1.22261500000000        3.96899875000000      -0.178076532023001     
   1.22261500000000        4.27415250000000      -0.157343300293935     
   1.22261500000000        4.57930625000000      -0.138443545279247     
   1.22261500000000        4.88446000000000      -0.122965961810873     
   1.22261500000000        5.18961375000000      -0.111120145167450     
   1.22261500000000        5.49476750000000      -0.102384436533227     
   1.22261500000000        5.79992125000000      -9.590775828340559E-002
   1.22261500000000        6.10507500000000      -9.121781836277232E-002
   1.22261500000000        6.41022875000000      -8.751740289930192E-002
   1.22261500000000        6.71538250000000      -8.391004426663909E-002
   1.22261500000000        7.02053625000000      -8.003910471182113E-002
   1.22261500000000        7.32569000000000      -7.646480445646223E-002
   1.52776875000000       2.000000000000000E-003 -0.694357444530777     
   1.52776875000000       0.307153750000000      -0.671430810764701     
   1.52776875000000       0.612307500000000      -0.614670736527110     
   1.52776875000000       0.917461250000000      -0.545470926197626     
   1.52776875000000        1.22261500000000      -0.477955873558800     
   1.52776875000000        1.52776875000000      -0.417091018436829     
   1.52776875000000        1.83292250000000      -0.363614590581832     
   1.52776875000000        2.13807625000000      -0.318076903859104     
   1.52776875000000        2.44323000000000      -0.280453616826289     
   1.52776875000000        2.74838375000000      -0.250140451134713     
   1.52776875000000        3.05353750000000      -0.225961908661140     
   1.52776875000000        3.35869125000000      -0.206071960632486     
   1.52776875000000        3.66384500000000      -0.188167063901745     
   1.52776875000000        3.96899875000000      -0.170585649179029     
   1.52776875000000        4.27415250000000      -0.153312224312186     
   1.52776875000000        4.57930625000000      -0.137430681330949     
   1.52776875000000        4.88446000000000      -0.123941078361477     
   1.52776875000000        5.18961375000000      -0.113214361739969     
   1.52776875000000        5.49476750000000      -0.105003774155926     
   1.52776875000000        5.79992125000000      -9.869591516836024E-002
   1.52776875000000        6.10507500000000      -9.364260029728939E-002
   1.52776875000000        6.41022875000000      -8.936599718975025E-002
   1.52776875000000        6.71538250000000      -8.543204079760483E-002
   1.52776875000000        7.02053625000000      -8.167051643764607E-002
   1.52776875000000        7.32569000000000      -7.819533958021584E-002
   1.83292250000000       2.000000000000000E-003 -0.532159695470312     
   1.83292250000000       0.307153750000000      -0.520331744850457     
   1.83292250000000       0.612307500000000      -0.489374433166834     
   1.83292250000000       0.917461250000000      -0.448562432844425     
   1.83292250000000        1.22261500000000      -0.405362224764471     
   1.83292250000000        1.52776875000000      -0.363572564591613     
   1.83292250000000        1.83292250000000      -0.325087620538496     
   1.83292250000000        2.13807625000000      -0.290865493788705     
   1.83292250000000        2.44323000000000      -0.261246251969387     
   1.83292250000000        2.74838375000000      -0.236072046023286     
   1.83292250000000        3.05353750000000      -0.214740095912613     
   1.83292250000000        3.35869125000000      -0.196274496452767     
   1.83292250000000        3.66384500000000      -0.179575322433206     
   1.83292250000000        3.96899875000000      -0.163880039375585     
   1.83292250000000        4.27415250000000      -0.149096313037879     
   1.83292250000000        4.57930625000000      -0.135653710829663     
   1.83292250000000        4.88446000000000      -0.124049825455357     
   1.83292250000000        5.18961375000000      -0.114493196728110     
   1.83292250000000        5.49476750000000      -0.106807608105063     
   1.83292250000000        5.79992125000000      -0.100555767690744     
   1.83292250000000        6.10507500000000      -9.525978558884700E-002
   1.83292250000000        6.41022875000000      -9.057179749845927E-002
   1.83292250000000        6.71538250000000      -8.631852128194584E-002
   1.83292250000000        7.02053625000000      -8.246659585441422E-002
   1.83292250000000        7.32569000000000      -7.901238191766803E-002
   2.13807625000000       2.000000000000000E-003 -0.415888627455881     
   2.13807625000000       0.307153750000000      -0.410410576469951     
   2.13807625000000       0.612307500000000      -0.395003655167168     
   2.13807625000000       0.917461250000000      -0.372377890279561     
   2.13807625000000        1.22261500000000      -0.345799778760842     
   2.13807625000000        1.52776875000000      -0.318004642204018     
   2.13807625000000        1.83292250000000      -0.290831848250447     
   2.13807625000000        2.13807625000000      -0.265357615371533     
   2.13807625000000        2.44323000000000      -0.242127235343712     
   2.13807625000000        2.74838375000000      -0.221317360581577     
   2.13807625000000        3.05353750000000      -0.202814480447551     
   2.13807625000000        3.35869125000000      -0.186278168287228     
   2.13807625000000        3.66384500000000      -0.171272495046052     
   2.13807625000000        3.96899875000000      -0.157468895763775     
   2.13807625000000        4.27415250000000      -0.144792553284297     
   2.13807625000000        4.57930625000000      -0.133386273453375     
   2.13807625000000        4.88446000000000      -0.123427722233673     
   2.13807625000000        5.18961375000000      -0.114949240445678     
   2.13807625000000        5.49476750000000      -0.107774166453724     
   2.13807625000000        5.79992125000000      -0.101588632889651     
   2.13807625000000        6.10507500000000      -9.608461987863620E-002
   2.13807625000000        6.41022875000000      -9.108147972411494E-002
   2.13807625000000        6.71538250000000      -8.656453831851159E-002
   2.13807625000000        7.02053625000000      -8.261866761603735E-002
   2.13807625000000        7.32569000000000      -7.925408079343414E-002
   2.44323000000000       2.000000000000000E-003 -0.327572746695839     
   2.44323000000000       0.307153750000000      -0.327038507332491     
   2.44323000000000       0.612307500000000      -0.323361030412006     
   2.44323000000000       0.917461250000000      -0.313556780868185     
   2.44323000000000        1.22261500000000      -0.298450476162284     
   2.44323000000000        1.52776875000000      -0.280363936692732     
   2.44323000000000        1.83292250000000      -0.261188971210646     
   2.44323000000000        2.13807625000000      -0.242100255194851     
   2.44323000000000        2.44323000000000      -0.223782533015703     
   2.44323000000000        2.74838375000000      -0.206629959126791     
   2.44323000000000        3.05353750000000      -0.190833163830707     
   2.44323000000000        3.35869125000000      -0.176414312256673     
   2.44323000000000        3.66384500000000      -0.163281144967685     
   2.44323000000000        3.96899875000000      -0.151319789364503     
   2.44323000000000        4.27415250000000      -0.140475791645429     
   2.44323000000000        4.57930625000000      -0.130757187840108     
   2.44323000000000        4.88446000000000      -0.122165063719396     
   2.44323000000000        5.18961375000000      -0.114616359095294     
   2.44323000000000        5.49476750000000      -0.107923310859522     
   2.44323000000000        5.79992125000000      -0.101848190766068     
   2.44323000000000        6.10507500000000      -9.619627718959348E-002
   2.44323000000000        6.41022875000000      -9.089748195246747E-002
   2.44323000000000        6.71538250000000      -8.606963474844802E-002
   2.44323000000000        7.02053625000000      -8.203511304103298E-002
   2.44323000000000        7.32569000000000      -7.901098433975261E-002
   2.74838375000000       2.000000000000000E-003 -0.259641774514689     
   2.74838375000000       0.307153750000000      -0.263396751079496     
   2.74838375000000       0.612307500000000      -0.269218455007065     
   2.74838375000000       0.917461250000000      -0.269458523671617     
   2.74838375000000        1.22261500000000      -0.262071496690174     
   2.74838375000000        1.52776875000000      -0.250045117326937     
   2.74838375000000        1.83292250000000      -0.236000388108970     
   2.74838375000000        2.13807625000000      -0.221269834768552     
   2.74838375000000        2.44323000000000      -0.206606343442995     
   2.74838375000000        2.74838375000000      -0.192489373006373     
   2.74838375000000        3.05353750000000      -0.179219918926303     
   2.74838375000000        3.35869125000000      -0.166948043586480     
   2.74838375000000        3.66384500000000      -0.155706250004508     
   2.74838375000000        3.96899875000000      -0.145465688055256     
   2.74838375000000        4.27415250000000      -0.136187996231312     
   2.74838375000000        4.57930625000000      -0.127835208524092     
   2.74838375000000        4.88446000000000      -0.120339280659367     
   2.74838375000000        5.18961375000000      -0.113568858600568     
   2.74838375000000        5.49476750000000      -0.107333986297089     
   2.74838375000000        5.79992125000000      -0.101434109603017     
   2.74838375000000        6.10507500000000      -9.570886224173038E-002
   2.74838375000000        6.41022875000000      -9.005770657042896E-002
   2.74838375000000        6.71538250000000      -8.471514436305741E-002
   2.74838375000000        7.02053625000000      -8.063638238238841E-002
   2.74838375000000        7.32569000000000      -7.838553014622214E-002
   3.05353750000000       2.000000000000000E-003 -0.214864074501525     
   3.05353750000000       0.307153750000000      -0.223240464144426     
   3.05353750000000       0.612307500000000      -0.235803003255773     
   3.05353750000000       0.917461250000000      -0.239787287950036     
   3.05353750000000        1.22261500000000      -0.235192489013988     
   3.05353750000000        1.52776875000000      -0.225868042479123     
   3.05353750000000        1.83292250000000      -0.214659727740034     
   3.05353750000000        2.13807625000000      -0.202750613614054     
   3.05353750000000        2.44323000000000      -0.190788199705818     
   3.05353750000000        2.74838375000000      -0.179196260927390     
   3.05353750000000        3.05353750000000      -0.168231775582754     
   3.05353750000000        3.35869125000000      -0.158011266829517     
   3.05353750000000        3.66384500000000      -0.148559440719613     
   3.05353750000000        3.96899875000000      -0.139861886501394     
   3.05353750000000        4.27415250000000      -0.131897255503569     
   3.05353750000000        4.57930625000000      -0.124637026451775     
   3.05353750000000        4.88446000000000      -0.118015855141745     
   3.05353750000000        5.18961375000000      -0.111905394470555     
   3.05353750000000        5.49476750000000      -0.106128457308163     
   3.05353750000000        5.79992125000000      -0.100504982623193     
   3.05353750000000        6.10507500000000      -9.485689254999148E-002
   3.05353750000000        6.41022875000000      -8.896381414930983E-002
   3.05353750000000        6.71538250000000      -8.322929418310078E-002
   3.05353750000000        7.02053625000000      -7.908289103841751E-002
   3.05353750000000        7.32569000000000      -7.795850574320595E-002
   3.35869125000000       2.000000000000000E-003 -0.201881828853508     
   3.35869125000000       0.307153750000000      -0.211781605724337     
   3.35869125000000       0.612307500000000      -0.222222356482253     
   3.35869125000000       0.917461250000000      -0.222166824994234     
   3.35869125000000        1.22261500000000      -0.215288952726118     
   3.35869125000000        1.52776875000000      -0.205978863550383     
   3.35869125000000        1.83292250000000      -0.196185708892548     
   3.35869125000000        2.13807625000000      -0.186198802657049     
   3.35869125000000        2.44323000000000      -0.176348517514774     
   3.35869125000000        2.74838375000000      -0.166900126418009     
   3.35869125000000        3.05353750000000      -0.157985439489728     
   3.35869125000000        3.35869125000000      -0.149617685467606     
   3.35869125000000        3.66384500000000      -0.141763086196109     
   3.35869125000000        3.96899875000000      -0.134399413014358     
   3.35869125000000        4.27415250000000      -0.127526480531451     
   3.35869125000000        4.57930625000000      -0.121152249373577     
   3.35869125000000        4.88446000000000      -0.115249697226184     
   3.35869125000000        5.18961375000000      -0.109721775043884     
   3.35869125000000        5.49476750000000      -0.104421042897117     
   3.35869125000000        5.79992125000000      -9.920686134242171E-002
   3.35869125000000        6.10507500000000      -9.394783253037219E-002
   3.35869125000000        6.41022875000000      -8.845792209046915E-002
   3.35869125000000        6.71538250000000      -8.301615943247445E-002
   3.35869125000000        7.02053625000000      -7.906305937304620E-002
   3.35869125000000        7.32569000000000      -7.867211904018449E-002
   3.66384500000000       2.000000000000000E-003 -0.205952135254898     
   3.66384500000000       0.307153750000000      -0.210440322537689     
   3.66384500000000       0.612307500000000      -0.212815943286554     
   3.66384500000000       0.917461250000000      -0.206917871002199     
   3.66384500000000        1.22261500000000      -0.197538135194640     
   3.66384500000000        1.52776875000000      -0.188066000359616     
   3.66384500000000        1.83292250000000      -0.179473596888223     
   3.66384500000000        2.13807625000000      -0.171175472924445     
   3.66384500000000        2.44323000000000      -0.163193378304257     
   3.66384500000000        2.74838375000000      -0.155632829469021     
   3.66384500000000        3.05353750000000      -0.148505639427905     
   3.66384500000000        3.35869125000000      -0.141733829974353     
   3.66384500000000        3.66384500000000      -0.135236356005180     
   3.66384500000000        3.96899875000000      -0.128990399946096     
   3.66384500000000        4.27415250000000      -0.123023620242539     
   3.66384500000000        4.57930625000000      -0.117386633846936     
   3.66384500000000        4.88446000000000      -0.112095669686244     
   3.66384500000000        5.18961375000000      -0.107091519895202     
   3.66384500000000        5.49476750000000      -0.102267551634748     
   3.66384500000000        5.79992125000000      -9.755294436803141E-002
   3.66384500000000        6.10507500000000      -9.299787375878273E-002
   3.66384500000000        6.41022875000000      -8.861165574077215E-002
   3.66384500000000        6.71538250000000      -8.467191271691948E-002
   3.66384500000000        7.02053625000000      -8.179781245210709E-002
   3.66384500000000        7.32569000000000      -7.921275584592717E-002
   3.96899875000000       2.000000000000000E-003 -0.171043324304100     
   3.96899875000000       0.307153750000000      -0.181530499128802     
   3.96899875000000       0.612307500000000      -0.188729805427527     
   3.96899875000000       0.917461250000000      -0.185430488605541     
   3.96899875000000        1.22261500000000      -0.177962441265069     
   3.96899875000000        1.52776875000000      -0.170465037318282     
   3.96899875000000        1.83292250000000      -0.163759062266105     
   3.96899875000000        2.13807625000000      -0.157350717045006     
   3.96899875000000        2.44323000000000      -0.151207969521088     
   3.96899875000000        2.74838375000000      -0.145364934789320     
   3.96899875000000        3.05353750000000      -0.139777597364255     
   3.96899875000000        3.35869125000000      -0.134337118088996     
   3.96899875000000        3.66384500000000      -0.128955863483247     
   3.96899875000000        3.96899875000000      -0.123626058832417     
   3.96899875000000        4.27415250000000      -0.118409379056052     
   3.96899875000000        4.57930625000000      -0.113392523567887     
   3.96899875000000        4.88446000000000      -0.108622371537909     
   3.96899875000000        5.18961375000000      -0.104070260525370     
   3.96899875000000        5.49476750000000      -9.966792600540622E-002
   3.96899875000000        5.79992125000000      -9.540648776307276E-002
   3.96899875000000        6.10507500000000      -9.149067327593088E-002
   3.96899875000000        6.41022875000000      -8.814285006529690E-002
   3.96899875000000        6.71538250000000      -8.545019721480172E-002
   3.96899875000000        7.02053625000000      -8.278695265765769E-002
   3.96899875000000        7.32569000000000      -7.788732796273760E-002
   4.27415250000000       2.000000000000000E-003 -0.144040582445698     
   4.27415250000000       0.307153750000000      -0.150281939134087     
   4.27415250000000       0.612307500000000      -0.158434961671122     
   4.27415250000000       0.917461250000000      -0.160079995684569     
   4.27415250000000        1.22261500000000      -0.157192376256659     
   4.27415250000000        1.52776875000000      -0.153165098873251     
   4.27415250000000        1.83292250000000      -0.148951497711866     
   4.27415250000000        2.13807625000000      -0.144650227230090     
   4.27415250000000        2.44323000000000      -0.140337764450420     
   4.27415250000000        2.74838375000000      -0.136057709996386     
   4.27415250000000        3.05353750000000      -0.131779373250070     
   4.27415250000000        3.35869125000000      -0.127426498611517     
   4.27415250000000        3.66384500000000      -0.122948025095309     
   4.27415250000000        3.96899875000000      -0.118366356456640     
   4.27415250000000        4.27415250000000      -0.113770212579835     
   4.27415250000000        4.57930625000000      -0.109266235664677     
   4.27415250000000        4.88446000000000      -0.104917960684144     
   4.27415250000000        5.18961375000000      -0.100719134470668     
   4.27415250000000        5.49476750000000      -9.662984709672433E-002
   4.27415250000000        5.79992125000000      -9.266391826381265E-002
   4.27415250000000        6.10507500000000      -8.900637673901644E-002
   4.27415250000000        6.41022875000000      -8.597489060788201E-002
   4.27415250000000        6.71538250000000      -8.330907445080783E-002
   4.27415250000000        7.02053625000000      -8.017195331027255E-002
   4.27415250000000        7.32569000000000      -7.553595390100555E-002
   4.57930625000000       2.000000000000000E-003 -0.124655622782348     
   4.57930625000000       0.307153750000000      -0.127953849290569     
   4.57930625000000       0.612307500000000      -0.133967616872115     
   4.57930625000000       0.917461250000000      -0.137664929471392     
   4.57930625000000        1.22261500000000      -0.138261916054119     
   4.57930625000000        1.52776875000000      -0.137256923625243     
   4.57930625000000        1.83292250000000      -0.135483515604959     
   4.57930625000000        2.13807625000000      -0.133218064898915     
   4.57930625000000        2.44323000000000      -0.130591150729412     
   4.57930625000000        2.74838375000000      -0.127673115496948     
   4.57930625000000        3.05353750000000      -0.124482145270171     
   4.57930625000000        3.35869125000000      -0.121009384167616     
   4.57930625000000        3.66384500000000      -0.117262549905272     
   4.57930625000000        3.96899875000000      -0.113296663216337     
   4.57930625000000        4.27415250000000      -0.109211049231350     
   4.57930625000000        4.57930625000000      -0.105114579696978     
   4.57930625000000        4.88446000000000      -0.101079604181634     
   4.57930625000000        5.18961375000000      -9.712127980325549E-002
   4.57930625000000        5.49476750000000      -9.322458330192551E-002
   4.57930625000000        5.79992125000000      -8.940384934962120E-002
   4.57930625000000        6.10507500000000      -8.575874806772951E-002
   4.57930625000000        6.41022875000000      -8.246760054471233E-002
   4.57930625000000        6.71538250000000      -7.941171183721954E-002
   4.57930625000000        7.02053625000000      -7.597029417133712E-002
   4.57930625000000        7.32569000000000      -7.183322082521053E-002
   4.88446000000000       2.000000000000000E-003 -0.111054932528578     
   4.88446000000000       0.307153750000000      -0.113023524037889     
   4.88446000000000       0.612307500000000      -0.117176298727978     
   4.88446000000000       0.917461250000000      -0.120659977476949     
   4.88446000000000        1.22261500000000      -0.122763577500927     
   4.88446000000000        1.52776875000000      -0.123743590585669     
   4.88446000000000        1.83292250000000      -0.123854153993050     
   4.88446000000000        2.13807625000000      -0.123232306600955     
   4.88446000000000        2.44323000000000      -0.121969220388583     
   4.88446000000000        2.74838375000000      -0.120143211597818     
   4.88446000000000        3.05353750000000      -0.117820997944516     
   4.88446000000000        3.35869125000000      -0.115059416256568     
   4.88446000000000        3.66384500000000      -0.111916310450894     
   4.88446000000000        3.96899875000000      -0.108464306101503     
   4.88446000000000        4.27415250000000      -0.104795739758333     
   4.88446000000000        4.57930625000000      -0.101010347059742     
   4.88446000000000        4.88446000000000      -9.718844808767126E-002
   4.88446000000000        5.18961375000000      -9.337284054450427E-002
   4.88446000000000        5.49476750000000      -8.957907421670792E-002
   4.88446000000000        5.79992125000000      -8.582586468831523E-002
   4.88446000000000        6.10507500000000      -8.215739743307586E-002
   4.88446000000000        6.41022875000000      -7.862347584232013E-002
   4.88446000000000        6.71538250000000      -7.519509321804149E-002
   4.88446000000000        7.02053625000000      -7.169456144949422E-002
   4.88446000000000        7.32569000000000      -6.801789475296917E-002
   5.18961375000000       2.000000000000000E-003 -0.100726716797380     
   5.18961375000000       0.307153750000000      -0.101936626217375     
   5.18961375000000       0.612307500000000      -0.104806847388633     
   5.18961375000000       0.917461250000000      -0.108071211948176     
   5.18961375000000        1.22261500000000      -0.110902294615579     
   5.18961375000000        1.52776875000000      -0.112994172527569     
   5.18961375000000        1.83292250000000      -0.114270473583462     
   5.18961375000000        2.13807625000000      -0.114723888173309     
   5.18961375000000        2.44323000000000      -0.114387930766730     
   5.18961375000000        2.74838375000000      -0.113336549618792     
   5.18961375000000        3.05353750000000      -0.111668611987285     
   5.18961375000000        3.35869125000000      -0.109481532986400     
   5.18961375000000        3.66384500000000      -0.106852613508954     
   5.18961375000000        3.96899875000000      -0.103843326701232     
   5.18961375000000        4.27415250000000      -0.100520968992279     
   5.18961375000000        4.57930625000000      -9.697228051688228E-002
   5.18961375000000        4.88446000000000      -9.329209985942308E-002
   5.18961375000000        5.18961375000000      -8.955990640977932E-002
   5.18961375000000        5.49476750000000      -8.582822373575343E-002
   5.18961375000000        5.79992125000000      -8.212737964925398E-002
   5.18961375000000        6.10507500000000      -7.847524464395078E-002
   5.18961375000000        6.41022875000000      -7.487960767940659E-002
   5.18961375000000        6.71538250000000      -7.133759678263772E-002
   5.18961375000000        7.02053625000000      -6.786031781904180E-002
   5.18961375000000        7.32569000000000      -6.453289062377167E-002
   5.49476750000000       2.000000000000000E-003 -9.103685214610054E-002
   5.49476750000000       0.307153750000000      -9.217832711691723E-002
   5.49476750000000       0.612307500000000      -9.513595110882948E-002
   5.49476750000000       0.917461250000000      -9.880960964347640E-002
   5.49476750000000        1.22261500000000      -0.102149544791689     
   5.49476750000000        1.52776875000000      -0.104757060576163     
   5.49476750000000        1.83292250000000      -0.106552501445750     
   5.49476750000000        2.13807625000000      -0.107513126898443     
   5.49476750000000        2.44323000000000      -0.107657398042636     
   5.49476750000000        2.74838375000000      -0.107062376545691     
   5.49476750000000        3.05353750000000      -0.105848616801180     
   5.49476750000000        3.35869125000000      -0.104130517200261     
   5.49476750000000        3.66384500000000      -0.101967821139088     
   5.49476750000000        3.96899875000000      -9.936882168780606E-002
   5.49476750000000        4.27415250000000      -9.635083963893389E-002
   5.49476750000000        4.57930625000000      -9.299071197812633E-002
   5.49476750000000        4.88446000000000      -8.941348499394629E-002
   5.49476750000000        5.18961375000000      -8.574501762603839E-002
   5.49476750000000        5.49476750000000      -8.207397746704241E-002
   5.49476750000000        5.79992125000000      -7.843907115127796E-002
   5.49476750000000        6.10507500000000      -7.483538805701687E-002
   5.49476750000000        6.41022875000000      -7.123451351205434E-002
   5.49476750000000        6.71538250000000      -6.764546662099702E-002
   5.49476750000000        7.02053625000000      -6.421073323697001E-002
   5.49476750000000        7.32569000000000      -6.113510556662834E-002
   5.79992125000000       2.000000000000000E-003 -8.429894423779551E-002
   5.79992125000000       0.307153750000000      -8.552167450565124E-002
   5.79992125000000       0.612307500000000      -8.848032670272173E-002
   5.79992125000000       0.917461250000000      -9.215318583132023E-002
   5.79992125000000        1.22261500000000      -9.564682091650051E-002
   5.79992125000000        1.52776875000000      -9.841313529576932E-002
   5.79992125000000        1.83292250000000      -0.100258697146801     
   5.79992125000000        2.13807625000000      -0.101282747346447     
   5.79992125000000        2.44323000000000      -0.101537087462408     
   5.79992125000000        2.74838375000000      -0.101118216152127     
   5.79992125000000        3.05353750000000      -0.100180387795843     
   5.79992125000000        3.35869125000000      -9.886624198257470E-002
   5.79992125000000        3.66384500000000      -9.719134880971005E-002
   5.79992125000000        3.96899875000000      -9.503145231959498E-002
   5.79992125000000        4.27415250000000      -9.229973792740123E-002
   5.79992125000000        4.57930625000000      -8.908338070550542E-002
   5.79992125000000        4.88446000000000      -8.557804814330032E-002
   5.79992125000000        5.18961375000000      -8.196849159825963E-002
   5.79992125000000        5.49476750000000      -7.836858349519733E-002
   5.79992125000000        5.79992125000000      -7.481142466410981E-002
   5.79992125000000        6.10507500000000      -7.125989944141556E-002
   5.79992125000000        6.41022875000000      -6.766645928839474E-002
   5.79992125000000        6.71538250000000      -6.407799497150286E-002
   5.79992125000000        7.02053625000000      -6.070403479300493E-002
   5.79992125000000        7.32569000000000      -5.785437324234855E-002
   6.10507500000000       2.000000000000000E-003 -7.995551313008113E-002
   6.10507500000000       0.307153750000000      -8.138939771157869E-002
   6.10507500000000       0.612307500000000      -8.450479138920762E-002
   6.10507500000000       0.917461250000000      -8.789278657368288E-002
   6.10507500000000        1.22261500000000      -9.091335564201596E-002
   6.10507500000000        1.52776875000000      -9.330904441385275E-002
   6.10507500000000        1.83292250000000      -9.490849925752472E-002
   6.10507500000000        2.13807625000000      -9.572268885372454E-002
   6.10507500000000        2.44323000000000      -9.582957410562111E-002
   6.10507500000000        2.74838375000000      -9.534007084621794E-002
   6.10507500000000        3.05353750000000      -9.448250820046229E-002
   6.10507500000000        3.35869125000000      -9.355441690473443E-002
   6.10507500000000        3.66384500000000      -9.256629374814483E-002
   6.10507500000000        3.96899875000000      -9.102230365573262E-002
   6.10507500000000        4.27415250000000      -8.854096811435030E-002
   6.10507500000000        4.57930625000000      -8.534597336964435E-002
   6.10507500000000        4.88446000000000      -8.183255357611620E-002
   6.10507500000000        5.18961375000000      -7.825479206654121E-002
   6.10507500000000        5.49476750000000      -7.471724293485039E-002
   6.10507500000000        5.79992125000000      -7.122278674895975E-002
   6.10507500000000        6.10507500000000      -6.772742226850109E-002
   6.10507500000000        6.41022875000000      -6.413925779113341E-002
   6.10507500000000        6.71538250000000      -6.045377937263163E-002
   6.10507500000000        7.02053625000000      -5.696683650258941E-002
   6.10507500000000        7.32569000000000      -5.428636296777070E-002
   6.41022875000000       2.000000000000000E-003 -7.616429757274784E-002
   6.41022875000000       0.307153750000000      -7.826014638108376E-002
   6.41022875000000       0.612307500000000      -8.177618413525369E-002
   6.41022875000000       0.917461250000000      -8.477533499649000E-002
   6.41022875000000        1.22261500000000      -8.715077164391337E-002
   6.41022875000000        1.52776875000000      -8.896700440014543E-002
   6.41022875000000        1.83292250000000      -9.015503659027002E-002
   6.41022875000000        2.13807625000000      -9.065356462727626E-002
   6.41022875000000        2.44323000000000      -9.046295872536146E-002
   6.41022875000000        2.74838375000000      -8.961956924862383E-002
   6.41022875000000        3.05353750000000      -8.852658455148327E-002
   6.41022875000000        3.35869125000000      -8.801165185170541E-002
   6.41022875000000        3.66384500000000      -8.811020524808443E-002
   6.41022875000000        3.96899875000000      -8.755786320280866E-002
   6.41022875000000        4.27415250000000      -8.536761512018379E-002
   6.41022875000000        4.57930625000000      -8.194039840384271E-002
   6.41022875000000        4.88446000000000      -7.822448470856393E-002
   6.41022875000000        5.18961375000000      -7.461356048786026E-002
   6.41022875000000        5.49476750000000      -7.109536692801080E-002
   6.41022875000000        5.79992125000000      -6.762843617619989E-002
   6.41022875000000        6.10507500000000      -6.414725387822726E-002
   6.41022875000000        6.41022875000000      -6.042735623268050E-002
   6.41022875000000        6.71538250000000      -5.634729819043655E-002
   6.41022875000000        7.02053625000000      -5.232583207904690E-002
   6.41022875000000        7.32569000000000      -4.967336181673437E-002
   6.71538250000000       2.000000000000000E-003 -7.092024883415218E-002
   6.71538250000000       0.307153750000000      -7.438791619977386E-002
   6.71538250000000       0.612307500000000      -7.840745133507027E-002
   6.71538250000000       0.917461250000000      -8.131414781661019E-002
   6.71538250000000        1.22261500000000      -8.346867705988459E-002
   6.71538250000000        1.52776875000000      -8.496205274769300E-002
   6.71538250000000        1.83292250000000      -8.583271905740494E-002
   6.71538250000000        2.13807625000000      -8.606758530523848E-002
   6.71538250000000        2.44323000000000      -8.555636762595652E-002
   6.71538250000000        2.74838375000000      -8.418379568659247E-002
   6.71538250000000        3.05353750000000      -8.271011861004524E-002
   6.71538250000000        3.35869125000000      -8.252709496972561E-002
   6.71538250000000        3.66384500000000      -8.413279234044264E-002
   6.71538250000000        3.96899875000000      -8.474914764605541E-002
   6.71538250000000        4.27415250000000      -8.254364753789818E-002
   6.71538250000000        4.57930625000000      -7.875125783390936E-002
   6.71538250000000        4.88446000000000      -7.472472908904004E-002
   6.71538250000000        5.18961375000000      -7.104118767989258E-002
   6.71538250000000        5.49476750000000      -6.750575891730967E-002
   6.71538250000000        5.79992125000000      -6.405730410838419E-002
   6.71538250000000        6.10507500000000      -6.048841812402780E-002
   6.71538250000000        6.41022875000000      -5.637071293131962E-002
   6.71538250000000        6.71538250000000      -5.142484356651779E-002
   6.71538250000000        7.02053625000000      -4.630731338674161E-002
   6.71538250000000        7.32569000000000      -4.355153144992231E-002
   7.02053625000000       2.000000000000000E-003 -6.603479211039216E-002
   7.02053625000000       0.307153750000000      -6.985515394681564E-002
   7.02053625000000       0.612307500000000      -7.271588088759891E-002
   7.02053625000000       0.917461250000000      -7.668263733809069E-002
   7.02053625000000        1.22261500000000      -7.952753139295525E-002
   7.02053625000000        1.52776875000000      -8.114213720559041E-002
   7.02053625000000        1.83292250000000      -8.192472578626118E-002
   7.02053625000000        2.13807625000000      -8.206447388981973E-002
   7.02053625000000        2.44323000000000      -8.144673461993386E-002
   7.02053625000000        2.74838375000000      -8.001206156255286E-002
   7.02053625000000        3.05353750000000      -7.846622762564480E-002
   7.02053625000000        3.35869125000000      -7.853305412256235E-002
   7.02053625000000        3.66384500000000      -8.130751656972257E-002
   7.02053625000000        3.96899875000000      -8.201844006800900E-002
   7.02053625000000        4.27415250000000      -7.928943711209489E-002
   7.02053625000000        4.57930625000000      -7.522316258540789E-002
   7.02053625000000        4.88446000000000      -7.117512242865552E-002
   7.02053625000000        5.18961375000000      -6.754996072283839E-002
   7.02053625000000        5.49476750000000      -6.407402535331716E-002
   7.02053625000000        5.79992125000000      -6.069142429006213E-002
   7.02053625000000        6.10507500000000      -5.700498253226521E-002
   7.02053625000000        6.41022875000000      -5.231929944885502E-002
   7.02053625000000        6.71538250000000      -4.621234763376855E-002
   7.02053625000000        7.02053625000000      -4.065108120137645E-002
   7.02053625000000        7.32569000000000      -3.857858072399890E-002
   7.32569000000000       2.000000000000000E-003 -6.541576096238519E-002
   7.32569000000000       0.307153750000000      -6.657528503852954E-002
   7.32569000000000       0.612307500000000      -6.811386228701036E-002
   7.32569000000000       0.917461250000000      -7.271429580424628E-002
   7.32569000000000        1.22261500000000      -7.592499362192720E-002
   7.32569000000000        1.52776875000000      -7.764334707075013E-002
   7.32569000000000        1.83292250000000      -7.844615072582642E-002
   7.32569000000000        2.13807625000000      -7.867460930939819E-002
   7.32569000000000        2.44323000000000      -7.839180805381324E-002
   7.32569000000000        2.74838375000000      -7.773101345859956E-002
   7.32569000000000        3.05353750000000      -7.731308873333556E-002
   7.32569000000000        3.35869125000000      -7.812369920410271E-002
   7.32569000000000        3.66384500000000      -7.884725845069526E-002
   7.32569000000000        3.96899875000000      -7.720879090674734E-002
   7.32569000000000        4.27415250000000      -7.471060232320322E-002
   7.32569000000000        4.57930625000000      -7.112035427305088E-002
   7.32569000000000        4.88446000000000      -6.751274046817603E-002
   7.32569000000000        5.18961375000000      -6.422855073028265E-002
   7.32569000000000        5.49476750000000      -6.099442245685112E-002
   7.32569000000000        5.79992125000000      -5.782509541146102E-002
   7.32569000000000        6.10507500000000      -5.428777371926473E-002
   7.32569000000000        6.41022875000000      -4.958703971170931E-002
   7.32569000000000        6.71538250000000      -4.328176551774664E-002
   7.32569000000000        7.02053625000000      -3.835681179537741E-002
   7.32569000000000        7.32569000000000      -3.626404268040593E-002
