  2.000000000000000E-003  2.000000000000000E-003 -0.211955959478192     
  2.000000000000000E-003  0.307153750000000      -0.211897877957882     
  2.000000000000000E-003  0.612307500000000      -0.203230502415379     
  2.000000000000000E-003  0.917461250000000      -0.201304570704583     
  2.000000000000000E-003   1.22261500000000      -0.195784198431448     
  2.000000000000000E-003   1.52776875000000      -0.187096857016692     
  2.000000000000000E-003   1.83292250000000      -0.177143302616746     
  2.000000000000000E-003   2.13807625000000      -0.167002807532636     
  2.000000000000000E-003   2.44323000000000      -0.156663090571072     
  2.000000000000000E-003   2.74838375000000      -0.146634745663974     
  2.000000000000000E-003   3.05353750000000      -0.139035970693635     
  2.000000000000000E-003   3.35869125000000      -0.137097376273860     
  2.000000000000000E-003   3.66384500000000      -0.137389607772796     
  2.000000000000000E-003   3.96899875000000      -0.126818813472981     
  2.000000000000000E-003   4.27415250000000      -0.117120636177408     
  2.000000000000000E-003   4.57930625000000      -0.108500769188943     
  2.000000000000000E-003   4.88446000000000      -0.101689520630105     
  2.000000000000000E-003   5.18961375000000      -9.654043148237278E-002
  2.000000000000000E-003   5.49476750000000      -9.250699032363839E-002
  2.000000000000000E-003   5.79992125000000      -9.028679792648532E-002
  2.000000000000000E-003   6.10507500000000      -8.977869131933479E-002
  2.000000000000000E-003   6.41022875000000      -9.042630971557303E-002
  2.000000000000000E-003   6.71538250000000      -9.099872995122596E-002
  2.000000000000000E-003   7.02053625000000      -8.920185022146403E-002
  2.000000000000000E-003   7.32569000000000      -8.513854270360628E-002
  0.307153750000000       2.000000000000000E-003 -0.210564815048684     
  0.307153750000000       0.307153750000000      -0.222948118867264     
  0.307153750000000       0.612307500000000      -0.223118954405597     
  0.307153750000000       0.917461250000000      -0.220380629858495     
  0.307153750000000        1.22261500000000      -0.213528882342299     
  0.307153750000000        1.52776875000000      -0.203609078872698     
  0.307153750000000        1.83292250000000      -0.192208603009039     
  0.307153750000000        2.13807625000000      -0.180057590636927     
  0.307153750000000        2.44323000000000      -0.166961299329033     
  0.307153750000000        2.74838375000000      -0.152778232974485     
  0.307153750000000        3.05353750000000      -0.139990392244104     
  0.307153750000000        3.35869125000000      -0.134156489803272     
  0.307153750000000        3.66384500000000      -0.137918371182731     
  0.307153750000000        3.96899875000000      -0.134494419391782     
  0.307153750000000        4.27415250000000      -0.124969589801509     
  0.307153750000000        4.57930625000000      -0.115585658728435     
  0.307153750000000        4.88446000000000      -0.107905096238468     
  0.307153750000000        5.18961375000000      -0.101857260295022     
  0.307153750000000        5.49476750000000      -9.703335810431724E-002
  0.307153750000000        5.79992125000000      -9.388858384549097E-002
  0.307153750000000        6.10507500000000      -9.225829233632860E-002
  0.307153750000000        6.41022875000000      -9.158697297839123E-002
  0.307153750000000        6.71538250000000      -9.095586784392895E-002
  0.307153750000000        7.02053625000000      -9.091165360969346E-002
  0.307153750000000        7.32569000000000      -9.220642062345734E-002
  0.612307500000000       2.000000000000000E-003 -0.226296309999717     
  0.612307500000000       0.307153750000000      -0.236119362986171     
  0.612307500000000       0.612307500000000      -0.243264568373627     
  0.612307500000000       0.917461250000000      -0.240432091790967     
  0.612307500000000        1.22261500000000      -0.232184881138159     
  0.612307500000000        1.52776875000000      -0.221207947684357     
  0.612307500000000        1.83292250000000      -0.208683638468556     
  0.612307500000000        2.13807625000000      -0.195238513494978     
  0.612307500000000        2.44323000000000      -0.180977337997348     
  0.612307500000000        2.74838375000000      -0.165378802118936     
  0.612307500000000        3.05353750000000      -0.151223322808312     
  0.612307500000000        3.35869125000000      -0.142691874891047     
  0.612307500000000        3.66384500000000      -0.141039261552724     
  0.612307500000000        3.96899875000000      -0.138369261558056     
  0.612307500000000        4.27415250000000      -0.130970796900409     
  0.612307500000000        4.57930625000000      -0.122076589993153     
  0.612307500000000        4.88446000000000      -0.114042114493073     
  0.612307500000000        5.18961375000000      -0.107287863141772     
  0.612307500000000        5.49476750000000      -0.101763615078763     
  0.612307500000000        5.79992125000000      -9.762120625721259E-002
  0.612307500000000        6.10507500000000      -9.477436046544813E-002
  0.612307500000000        6.41022875000000      -9.292053487988479E-002
  0.612307500000000        6.71538250000000      -9.222557702397348E-002
  0.612307500000000        7.02053625000000      -9.384190035238103E-002
  0.612307500000000        7.32569000000000      -9.354582019181021E-002
  0.917461250000000       2.000000000000000E-003 -0.260071570630776     
  0.917461250000000       0.307153750000000      -0.263601502286502     
  0.917461250000000       0.612307500000000      -0.266531357265730     
  0.917461250000000       0.917461250000000      -0.262443617451072     
  0.917461250000000        1.22261500000000      -0.252947916069247     
  0.917461250000000        1.52776875000000      -0.240579125268392     
  0.917461250000000        1.83292250000000      -0.226649706806840     
  0.917461250000000        2.13807625000000      -0.212076004621264     
  0.917461250000000        2.44323000000000      -0.197179867910355     
  0.917461250000000        2.74838375000000      -0.181880239401936     
  0.917461250000000        3.05353750000000      -0.167473783735058     
  0.917461250000000        3.35869125000000      -0.156745659226458     
  0.917461250000000        3.66384500000000      -0.149984172104264     
  0.917461250000000        3.96899875000000      -0.144018855743183     
  0.917461250000000        4.27415250000000      -0.136451951850350     
  0.917461250000000        4.57930625000000      -0.127945649013742     
  0.917461250000000        4.88446000000000      -0.119817147914227     
  0.917461250000000        5.18961375000000      -0.112620338451813     
  0.917461250000000        5.49476750000000      -0.106525936977071     
  0.917461250000000        5.79992125000000      -0.101553224192897     
  0.917461250000000        6.10507500000000      -9.771447513069130E-002
  0.917461250000000        6.41022875000000      -9.498248672721613E-002
  0.917461250000000        6.71538250000000      -9.359333174272760E-002
  0.917461250000000        7.02053625000000      -9.331227007613996E-002
  0.917461250000000        7.32569000000000      -9.127885827397382E-002
   1.22261500000000       2.000000000000000E-003 -0.306633674370956     
   1.22261500000000       0.307153750000000      -0.306100398398662     
   1.22261500000000       0.612307500000000      -0.302563349194041     
   1.22261500000000       0.917461250000000      -0.293590537985405     
   1.22261500000000        1.22261500000000      -0.280072214441271     
   1.22261500000000        1.52776875000000      -0.264057225939022     
   1.22261500000000        1.83292250000000      -0.247045701708239     
   1.22261500000000        2.13807625000000      -0.230206857922007     
   1.22261500000000        2.44323000000000      -0.213981066807535     
   1.22261500000000        2.74838375000000      -0.198380863605544     
   1.22261500000000        3.05353750000000      -0.183764226415705     
   1.22261500000000        3.35869125000000      -0.171032520202806     
   1.22261500000000        3.66384500000000      -0.160607872637803     
   1.22261500000000        3.96899875000000      -0.151439025367729     
   1.22261500000000        4.27415250000000      -0.142465694614848     
   1.22261500000000        4.57930625000000      -0.133646213187128     
   1.22261500000000        4.88446000000000      -0.125319793366441     
   1.22261500000000        5.18961375000000      -0.117756829101092     
   1.22261500000000        5.49476750000000      -0.111122925917282     
   1.22261500000000        5.79992125000000      -0.105456151313199     
   1.22261500000000        6.10507500000000      -0.100745306831206     
   1.22261500000000        6.41022875000000      -9.702337145022281E-002
   1.22261500000000        6.71538250000000      -9.430081798029674E-002
   1.22261500000000        7.02053625000000      -9.209332824024954E-002
   1.22261500000000        7.32569000000000      -8.910239237212327E-002
   1.52776875000000       2.000000000000000E-003 -0.373618303108400     
   1.52776875000000       0.307153750000000      -0.369813629070732     
   1.52776875000000       0.612307500000000      -0.358542459553454     
   1.52776875000000       0.917461250000000      -0.340758015969404     
   1.52776875000000        1.22261500000000      -0.318650405047287     
   1.52776875000000        1.52776875000000      -0.294718454787796     
   1.52776875000000        1.83292250000000      -0.271164132956695     
   1.52776875000000        2.13807625000000      -0.249761453735249     
   1.52776875000000        2.44323000000000      -0.230701566691859     
   1.52776875000000        2.74838375000000      -0.213488393929508     
   1.52776875000000        3.05353750000000      -0.197715495179825     
   1.52776875000000        3.35869125000000      -0.183362455602049     
   1.52776875000000        3.66384500000000      -0.170523864886787     
   1.52776875000000        3.96899875000000      -0.159061254067967     
   1.52776875000000        4.27415250000000      -0.148697164662823     
   1.52776875000000        4.57930625000000      -0.139230189865255     
   1.52776875000000        4.88446000000000      -0.130545624253201     
   1.52776875000000        5.18961375000000      -0.122597307153955     
   1.52776875000000        5.49476750000000      -0.115411503231164     
   1.52776875000000        5.79992125000000      -0.109039652830454     
   1.52776875000000        6.10507500000000      -0.103491207591859     
   1.52776875000000        6.41022875000000      -9.875452633420533E-002
   1.52776875000000        6.71538250000000      -9.478020324993605E-002
   1.52776875000000        7.02053625000000      -9.125424279854998E-002
   1.52776875000000        7.32569000000000      -8.763426312645078E-002
   1.83292250000000       2.000000000000000E-003 -0.471261781745207     
   1.83292250000000       0.307153750000000      -0.463257937801725     
   1.83292250000000       0.612307500000000      -0.441320755668295     
   1.83292250000000       0.917461250000000      -0.409407221927530     
   1.83292250000000        1.22261500000000      -0.372009314213274     
   1.83292250000000        1.52776875000000      -0.334274945881582     
   1.83292250000000        1.83292250000000      -0.300103687555450     
   1.83292250000000        2.13807625000000      -0.271174814848927     
   1.83292250000000        2.44323000000000      -0.247282230890726     
   1.83292250000000        2.74838375000000      -0.227198555819188     
   1.83292250000000        3.05353750000000      -0.209605415703148     
   1.83292250000000        3.35869125000000      -0.193686842559580     
   1.83292250000000        3.66384500000000      -0.179197455440589     
   1.83292250000000        3.96899875000000      -0.166179095896288     
   1.83292250000000        4.27415250000000      -0.154655394215210     
   1.83292250000000        4.57930625000000      -0.144478690957341     
   1.83292250000000        4.88446000000000      -0.135354550149441     
   1.83292250000000        5.18961375000000      -0.126991793671270     
   1.83292250000000        5.49476750000000      -0.119245183155642     
   1.83292250000000        5.79992125000000      -0.112130936355917     
   1.83292250000000        6.10507500000000      -0.105727849160658     
   1.83292250000000        6.41022875000000      -0.100070938915214     
   1.83292250000000        6.71538250000000      -9.511354346941864E-002
   1.83292250000000        7.02053625000000      -9.071921282454351E-002
   1.83292250000000        7.32569000000000      -8.665866875596434E-002
   2.13807625000000       2.000000000000000E-003 -0.611408314493029     
   2.13807625000000       0.307153750000000      -0.596277060149349     
   2.13807625000000       0.612307500000000      -0.555780466405701     
   2.13807625000000       0.917461250000000      -0.500144624340492     
   2.13807625000000        1.22261500000000      -0.439983732100345     
   2.13807625000000        1.52776875000000      -0.383165549061501     
   2.13807625000000        1.83292250000000      -0.334203646719545     
   2.13807625000000        2.13807625000000      -0.294656148225735     
   2.13807625000000        2.44323000000000      -0.263807028846383     
   2.13807625000000        2.74838375000000      -0.239588056592743     
   2.13807625000000        3.05353750000000      -0.219652009595772     
   2.13807625000000        3.35869125000000      -0.202246947236650     
   2.13807625000000        3.66384500000000      -0.186545821991897     
   2.13807625000000        3.96899875000000      -0.172425924602695     
   2.13807625000000        4.27415250000000      -0.159987238770161     
   2.13807625000000        4.57930625000000      -0.149153288624635     
   2.13807625000000        4.88446000000000      -0.139568171812715     
   2.13807625000000        5.18961375000000      -0.130775157599826     
   2.13807625000000        5.49476750000000      -0.122471802428592     
   2.13807625000000        5.79992125000000      -0.114618435550152     
   2.13807625000000        6.10507500000000      -0.107350126964195     
   2.13807625000000        6.41022875000000      -0.100815471543488     
   2.13807625000000        6.71538250000000      -9.508080976341612E-002
   2.13807625000000        7.02053625000000      -9.012013295052292E-002
   2.13807625000000        7.32569000000000      -8.582242962596352E-002
   2.44323000000000       2.000000000000000E-003 -0.809980590320483     
   2.44323000000000       0.307153750000000      -0.781522248787287     
   2.44323000000000       0.612307500000000      -0.707836714942036     
   2.44323000000000       0.917461250000000      -0.614758667919879     
   2.44323000000000        1.22261500000000      -0.522118270945929     
   2.44323000000000        1.52776875000000      -0.440024441989373     
   2.44323000000000        1.83292250000000      -0.372355411520768     
   2.44323000000000        2.13807625000000      -0.319596450702400     
   2.44323000000000        2.44323000000000      -0.280061436833526     
   2.44323000000000        2.74838375000000      -0.250671937330169     
   2.44323000000000        3.05353750000000      -0.227958410974794     
   2.44323000000000        3.35869125000000      -0.209097982834756     
   2.44323000000000        3.66384500000000      -0.192479034814145     
   2.44323000000000        3.96899875000000      -0.177592308408933     
   2.44323000000000        4.27415250000000      -0.164467098651652     
   2.44323000000000        4.57930625000000      -0.153071820700178     
   2.44323000000000        4.88446000000000      -0.143043596499306     
   2.44323000000000        5.18961375000000      -0.133824507451603     
   2.44323000000000        5.49476750000000      -0.124984784729754     
   2.44323000000000        5.79992125000000      -0.116416990772606     
   2.44323000000000        6.10507500000000      -0.108280811071135     
   2.44323000000000        6.41022875000000      -0.100825238844889     
   2.44323000000000        6.71538250000000      -9.428600515219357E-002
   2.44323000000000        7.02053625000000      -8.887589354493329E-002
   2.44323000000000        7.32569000000000      -8.463220672898539E-002
   2.74838375000000       2.000000000000000E-003  -1.07220824050230     
   2.74838375000000       0.307153750000000       -1.02612921695119     
   2.74838375000000       0.612307500000000      -0.906912669911648     
   2.74838375000000       0.917461250000000      -0.755508951246775     
   2.74838375000000        1.22261500000000      -0.614858708742619     
   2.74838375000000        1.52776875000000      -0.500696978570881     
   2.74838375000000        1.83292250000000      -0.411478661304248     
   2.74838375000000        2.13807625000000      -0.344194504011619     
   2.74838375000000        2.44323000000000      -0.295236656816281     
   2.74838375000000        2.74838375000000      -0.260245414373202     
   2.74838375000000        3.05353750000000      -0.234582948202577     
   2.74838375000000        3.35869125000000      -0.214319299501592     
   2.74838375000000        3.66384500000000      -0.196980569828108     
   2.74838375000000        3.96899875000000      -0.181570745110937     
   2.74838375000000        4.27415250000000      -0.167960463084414     
   2.74838375000000        4.57930625000000      -0.156123831431952     
   2.74838375000000        4.88446000000000      -0.145706834550408     
   2.74838375000000        5.18961375000000      -0.136095404697708     
   2.74838375000000        5.49476750000000      -0.126763226172579     
   2.74838375000000        5.79992125000000      -0.117520770023478     
   2.74838375000000        6.10507500000000      -0.108485555391633     
   2.74838375000000        6.41022875000000      -9.990835144005522E-002
   2.74838375000000        6.71538250000000      -9.232908964410276E-002
   2.74838375000000        7.02053625000000      -8.661820939687241E-002
   2.74838375000000        7.32569000000000      -8.288697581220357E-002
   3.05353750000000       2.000000000000000E-003  -1.35829137035779     
   3.05353750000000       0.307153750000000       -1.29248478013750     
   3.05353750000000       0.612307500000000       -1.12080564356301     
   3.05353750000000       0.917461250000000      -0.906875823177735     
   3.05353750000000        1.22261500000000      -0.708158924323846     
   3.05353750000000        1.52776875000000      -0.557391172408954     
   3.05353750000000        1.83292250000000      -0.446499454824233     
   3.05353750000000        2.13807625000000      -0.365537187678741     
   3.05353750000000        2.44323000000000      -0.307925229936421     
   3.05353750000000        2.74838375000000      -0.267814733540004     
   3.05353750000000        3.05353750000000      -0.239469889887909     
   3.05353750000000        3.35869125000000      -0.217973614558544     
   3.05353750000000        3.66384500000000      -0.200078574776131     
   3.05353750000000        3.96899875000000      -0.184330725524966     
   3.05353750000000        4.27415250000000      -0.170412656213042     
   3.05353750000000        4.57930625000000      -0.158268297514129     
   3.05353750000000        4.88446000000000      -0.147551398553727     
   3.05353750000000        5.18961375000000      -0.137620352979938     
   3.05353750000000        5.49476750000000      -0.127878295600104     
   3.05353750000000        5.79992125000000      -0.118036935060436     
   3.05353750000000        6.10507500000000      -0.108067897601095     
   3.05353750000000        6.41022875000000      -9.812408979162923E-002
   3.05353750000000        6.71538250000000      -8.938090218401752E-002
   3.05353750000000        7.02053625000000      -8.344757553160893E-002
   3.05353750000000        7.32569000000000      -8.066019433976401E-002
   3.35869125000000       2.000000000000000E-003  -1.57691204027983     
   3.35869125000000       0.307153750000000       -1.50054805474587     
   3.35869125000000       0.612307500000000       -1.29269112096472     
   3.35869125000000       0.917461250000000       -1.02600955081373     
   3.35869125000000        1.22261500000000      -0.781960951435980     
   3.35869125000000        1.52776875000000      -0.599013989281694     
   3.35869125000000        1.83292250000000      -0.471207015797002     
   3.35869125000000        2.13807625000000      -0.380237875019476     
   3.35869125000000        2.44323000000000      -0.316460764569589     
   3.35869125000000        2.74838375000000      -0.272723677875174     
   3.35869125000000        3.05353750000000      -0.242471480307805     
   3.35869125000000        3.35869125000000      -0.220097894955483     
   3.35869125000000        3.66384500000000      -0.201830373143576     
   3.35869125000000        3.96899875000000      -0.185902179956942     
   3.35869125000000        4.27415250000000      -0.171831208412438     
   3.35869125000000        4.57930625000000      -0.159514450635171     
   3.35869125000000        4.88446000000000      -0.148613163557037     
   3.35869125000000        5.18961375000000      -0.138476923548079     
   3.35869125000000        5.49476750000000      -0.128461857800147     
   3.35869125000000        5.79992125000000      -0.118185586660320     
   3.35869125000000        6.10507500000000      -0.107406269605076     
   3.35869125000000        6.41022875000000      -9.628545426451918E-002
   3.35869125000000        6.71538250000000      -8.638555733826711E-002
   3.35869125000000        7.02053625000000      -8.038732909249689E-002
   3.35869125000000        7.32569000000000      -7.836256209368271E-002
   3.66384500000000       2.000000000000000E-003  -1.71365810975631     
   3.66384500000000       0.307153750000000       -1.57723789722519     
   3.66384500000000       0.612307500000000       -1.35836595404297     
   3.66384500000000       0.917461250000000       -1.07184424770901     
   3.66384500000000        1.22261500000000      -0.810318767826484     
   3.66384500000000        1.52776875000000      -0.614559530076355     
   3.66384500000000        1.83292250000000      -0.480206337504081     
   3.66384500000000        2.13807625000000      -0.385512464836951     
   3.66384500000000        2.44323000000000      -0.319475956977230     
   3.66384500000000        2.74838375000000      -0.274411793375561     
   3.66384500000000        3.05353750000000      -0.243456057910447     
   3.66384500000000        3.35869125000000      -0.220752825363548     
   3.66384500000000        3.66384500000000      -0.202347086113435     
   3.66384500000000        3.96899875000000      -0.186367538819914     
   3.66384500000000        4.27415250000000      -0.172259401697187     
   3.66384500000000        4.57930625000000      -0.159894744597437     
   3.66384500000000        4.88446000000000      -0.148939498679107     
   3.66384500000000        5.18961375000000      -0.138742415696680     
   3.66384500000000        5.49476750000000      -0.128641980627455     
   3.66384500000000        5.79992125000000      -0.118215721244001     
   3.66384500000000        6.10507500000000      -0.107127233067442     
   3.66384500000000        6.41022875000000      -9.555358021645355E-002
   3.66384500000000        6.71538250000000      -8.518701978279911E-002
   3.66384500000000        7.02053625000000      -7.943093566963406E-002
   3.66384500000000        7.32569000000000      -7.672527766570802E-002
   3.96899875000000       2.000000000000000E-003  -1.57692370308742     
   3.96899875000000       0.307153750000000       -1.50134278114222     
   3.96899875000000       0.612307500000000       -1.29348099631611     
   3.96899875000000       0.917461250000000       -1.02655926953692     
   3.96899875000000        1.22261500000000      -0.782289335556941     
   3.96899875000000        1.52776875000000      -0.599199479743460     
   3.96899875000000        1.83292250000000      -0.471303271888503     
   3.96899875000000        2.13807625000000      -0.380264786777919     
   3.96899875000000        2.44323000000000      -0.316432759832836     
   3.96899875000000        2.74838375000000      -0.272654949142108     
   3.96899875000000        3.05353750000000      -0.242375285044533     
   3.96899875000000        3.35869125000000      -0.219985639714111     
   3.96899875000000        3.66384500000000      -0.201711771642231     
   3.96899875000000        3.96899875000000      -0.185785870685431     
   3.96899875000000        4.27415250000000      -0.171725336561274     
   3.96899875000000        4.57930625000000      -0.159426731263346     
   3.96899875000000        4.88446000000000      -0.148550435865011     
   3.96899875000000        5.18961375000000      -0.138444822096198     
   3.96899875000000        5.49476750000000      -0.128465001472124     
   3.96899875000000        5.79992125000000      -0.118230145867290     
   3.96899875000000        6.10507500000000      -0.107511004394511     
   3.96899875000000        6.41022875000000      -9.647348334321262E-002
   3.96899875000000        6.71538250000000      -8.665195532757559E-002
   3.96899875000000        7.02053625000000      -8.064207760368995E-002
   3.96899875000000        7.32569000000000      -7.833892745020012E-002
   4.27415250000000       2.000000000000000E-003  -1.35830530280039     
   4.27415250000000       0.307153750000000       -1.29328129976316     
   4.27415250000000       0.612307500000000       -1.12177197753350     
   4.27415250000000       0.917461250000000      -0.907638209211766     
   4.27415250000000        1.22261500000000      -0.708644706398653     
   4.27415250000000        1.52776875000000      -0.557683224847957     
   4.27415250000000        1.83292250000000      -0.446644409541927     
   4.27415250000000        2.13807625000000      -0.365559434204369     
   4.27415250000000        2.44323000000000      -0.307848964955225     
   4.27415250000000        2.74838375000000      -0.267666036707903     
   4.27415250000000        3.05353750000000      -0.239273451033595     
   4.27415250000000        3.35869125000000      -0.217750115433749     
   4.27415250000000        3.66384500000000      -0.199844638259011     
   4.27415250000000        3.96899875000000      -0.184100798327356     
   4.27415250000000        4.27415250000000      -0.170200656793539     
   4.27415250000000        4.57930625000000      -0.158088010740949     
   4.27415250000000        4.88446000000000      -0.147415660723189     
   4.27415250000000        5.18961375000000      -0.137539796965929     
   4.27415250000000        5.49476750000000      -0.127860670658616     
   4.27415250000000        5.79992125000000      -0.118089204890138     
   4.27415250000000        6.10507500000000      -0.108205042457290     
   4.27415250000000        6.41022875000000      -9.837168019728845E-002
   4.27415250000000        6.71538250000000      -8.969776397312565E-002
   4.27415250000000        7.02053625000000      -8.369024231019360E-002
   4.27415250000000        7.32569000000000      -8.061818595094015E-002
   4.57930625000000       2.000000000000000E-003  -1.07221978536930     
   4.57930625000000       0.307153750000000       -1.02668592403764     
   4.57930625000000       0.612307500000000      -0.907676325354415     
   4.57930625000000       0.917461250000000      -0.756170066631007     
   4.57930625000000        1.22261500000000      -0.615329977443175     
   4.57930625000000        1.52776875000000      -0.500987339418080     
   4.57930625000000        1.83292250000000      -0.411597715239528     
   4.57930625000000        2.13807625000000      -0.344160210240924     
   4.57930625000000        2.44323000000000      -0.295078449115758     
   4.57930625000000        2.74838375000000      -0.259998858831317     
   4.57930625000000        3.05353750000000      -0.234281329168370     
   4.57930625000000        3.35869125000000      -0.213988579677408     
   4.57930625000000        3.66384500000000      -0.196639248247870     
   4.57930625000000        3.96899875000000      -0.181233588641985     
   4.57930625000000        4.27415250000000      -0.167642719138681     
   4.57930625000000        4.57930625000000      -0.155842742080980     
   4.57930625000000        4.88446000000000      -0.145480288496218     
   4.57930625000000        5.18961375000000      -0.135938709778150     
   4.57930625000000        5.49476750000000      -0.126686452549871     
   4.57930625000000        5.79992125000000      -0.117528073193018     
   4.57930625000000        6.10507500000000      -0.108577802273697     
   4.57930625000000        6.41022875000000      -0.100086248258664     
   4.57930625000000        6.71538250000000      -9.255384362281299E-002
   4.57930625000000        7.02053625000000      -8.677058898849628E-002
   4.57930625000000        7.32569000000000      -8.285095699781642E-002
   4.88446000000000       2.000000000000000E-003 -0.809988631235566     
   4.88446000000000       0.307153750000000      -0.781853043239981     
   4.88446000000000       0.612307500000000      -0.708318968974333     
   4.88446000000000       0.917461250000000      -0.615225356686742     
   4.88446000000000        1.22261500000000      -0.522472764569795     
   4.88446000000000        1.52776875000000      -0.440218149905166     
   4.88446000000000        1.83292250000000      -0.372372357595347     
   4.88446000000000        2.13807625000000      -0.319449135732861     
   4.88446000000000        2.44323000000000      -0.279784395960730     
   4.88446000000000        2.74838375000000      -0.250309259615862     
   4.88446000000000        3.05353750000000      -0.227549632337715     
   4.88446000000000        3.35869125000000      -0.208669509592179     
   4.88446000000000        3.66384500000000      -0.192044193033402     
   4.88446000000000        3.96899875000000      -0.177158782100249     
   4.88446000000000        4.27415250000000      -0.164045692697146     
   4.88446000000000        4.57930625000000      -0.152680592811634     
   4.88446000000000        4.88446000000000      -0.142705419581052     
   4.88446000000000        5.18961375000000      -0.133560732378302     
   4.88446000000000        5.49476750000000      -0.124808759531949     
   4.88446000000000        5.79992125000000      -0.116330941229235     
   4.88446000000000        6.10507500000000      -0.108276110552398     
   4.88446000000000        6.41022875000000      -0.100883217364237     
   4.88446000000000        6.71538250000000      -9.437263812281983E-002
   4.88446000000000        7.02053625000000      -8.893320091187615E-002
   4.88446000000000        7.32569000000000      -8.460369455816219E-002
   5.18961375000000       2.000000000000000E-003 -0.611413150346827     
   5.18961375000000       0.307153750000000      -0.596462966562077     
   5.18961375000000       0.612307500000000      -0.556068022687712     
   5.18961375000000       0.917461250000000      -0.500427482841816     
   5.18961375000000        1.22261500000000      -0.440170845692687     
   5.18961375000000        1.52776875000000      -0.383197632368398     
   5.18961375000000        1.83292250000000      -0.334058347818755     
   5.18961375000000        2.13807625000000      -0.294348169127994     
   5.18961375000000        2.44323000000000      -0.263379639014606     
   5.18961375000000        2.74838375000000      -0.239095522822325     
   5.18961375000000        3.05353750000000      -0.219139177272825     
   5.18961375000000        3.35869125000000      -0.201735972645200     
   5.18961375000000        3.66384500000000      -0.186036853232625     
   5.18961375000000        3.96899875000000      -0.171910721303092     
   5.18961375000000        4.27415250000000      -0.159466098057489     
   5.18961375000000        4.57930625000000      -0.148643507965813     
   5.18961375000000        4.88446000000000      -0.139099701055748     
   5.18961375000000        5.18961375000000      -0.130378488252083     
   5.18961375000000        5.49476750000000      -0.122166105440926     
   5.18961375000000        5.79992125000000      -0.114405947660457     
   5.18961375000000        6.10507500000000      -0.107218269178473     
   5.18961375000000        6.41022875000000      -0.100743188674729     
   5.18961375000000        6.71538250000000      -9.504404534123256E-002
   5.18961375000000        7.02053625000000      -9.009490404727857E-002
   5.18961375000000        7.32569000000000      -8.579268217684749E-002
   5.49476750000000       2.000000000000000E-003 -0.471264500773097     
   5.49476750000000       0.307153750000000      -0.463367913394987     
   5.49476750000000       0.612307500000000      -0.441479622160345     
   5.49476750000000       0.917461250000000      -0.409528975821115     
   5.49476750000000        1.22261500000000      -0.372015382684062     
   5.49476750000000        1.52776875000000      -0.334113699123495     
   5.49476750000000        1.83292250000000      -0.299760169275400     
   5.49476750000000        2.13807625000000      -0.270674200909191     
   5.49476750000000        2.44323000000000      -0.246682267932098     
   5.49476750000000        2.74838375000000      -0.226567973800144     
   5.49476750000000        3.05353750000000      -0.208996202924706     
   5.49476750000000        3.35869125000000      -0.193113712941315     
   5.49476750000000        3.66384500000000      -0.178638106485184     
   5.49476750000000        3.96899875000000      -0.165598745873714     
   5.49476750000000        4.27415250000000      -0.154038256770672     
   5.49476750000000        4.57930625000000      -0.143842763516961     
   5.49476750000000        4.88446000000000      -0.134742143025069     
   5.49476750000000        5.18961375000000      -0.126447569860613     
   5.49476750000000        5.49476750000000      -0.118796581131270     
   5.49476750000000        5.79992125000000      -0.111779904189745     
   5.49476750000000        6.10507500000000      -0.105456505270644     
   5.49476750000000        6.41022875000000      -9.985809122058098E-002
   5.49476750000000        6.71538250000000      -9.495269889517242E-002
   5.49476750000000        7.02053625000000      -9.061833529544953E-002
   5.49476750000000        7.32569000000000      -8.662249793745812E-002
   5.79992125000000       2.000000000000000E-003 -0.373619826736644     
   5.79992125000000       0.307153750000000      -0.369889627757750     
   5.79992125000000       0.612307500000000      -0.358627711787345     
   5.79992125000000       0.917461250000000      -0.340760254097164     
   5.79992125000000        1.22261500000000      -0.318492192195387     
   5.79992125000000        1.52776875000000      -0.294360645220826     
   5.79992125000000        1.83292250000000      -0.270609132937357     
   5.79992125000000        2.13807625000000      -0.249051530700536     
   5.79992125000000        2.44323000000000      -0.229914226648240     
   5.79992125000000        2.74838375000000      -0.212713485019528     
   5.79992125000000        3.05353750000000      -0.197019627744994     
   5.79992125000000        3.35869125000000      -0.182754220708278     
   5.79992125000000        3.66384500000000      -0.169945715084781     
   5.79992125000000        3.96899875000000      -0.158432893820133     
   5.79992125000000        4.27415250000000      -0.147981595162990     
   5.79992125000000        4.57930625000000      -0.138455863353842     
   5.79992125000000        4.88446000000000      -0.129778975794081     
   5.79992125000000        5.18961375000000      -0.121903917686005     
   5.79992125000000        5.49476750000000      -0.114828014989047     
   5.79992125000000        5.79992125000000      -0.108562199842874     
   5.79992125000000        6.10507500000000      -0.103084373390126     
   5.79992125000000        6.41022875000000      -9.840112478390207E-002
   5.79992125000000        6.71538250000000      -9.450280210433906E-002
   5.79992125000000        7.02053625000000      -9.109243669433981E-002
   5.79992125000000        7.32569000000000      -8.760263948037987E-002
   6.10507500000000       2.000000000000000E-003 -0.306634607278349     
   6.10507500000000       0.307153750000000      -0.306177814820459     
   6.10507500000000       0.612307500000000      -0.302621890651923     
   6.10507500000000       0.917461250000000      -0.293514799274438     
   6.10507500000000        1.22261500000000      -0.279777962893936     
   6.10507500000000        1.52776875000000      -0.263514276902567     
   6.10507500000000        1.83292250000000      -0.246280723523542     
   6.10507500000000        2.13807625000000      -0.229281120793064     
   6.10507500000000        2.44323000000000      -0.212992372205681     
   6.10507500000000        2.74838375000000      -0.197446358975966     
   6.10507500000000        3.05353750000000      -0.182985369317417     
   6.10507500000000        3.35869125000000      -0.170433177069677     
   6.10507500000000        3.66384500000000      -0.160068243889080     
   6.10507500000000        3.96899875000000      -0.150779732761563     
   6.10507500000000        4.27415250000000      -0.141624322754947     
   6.10507500000000        4.57930625000000      -0.132699823973690     
   6.10507500000000        4.88446000000000      -0.124383723583063     
   6.10507500000000        5.18961375000000      -0.116923174186755     
   6.10507500000000        5.49476750000000      -0.110434970085920     
   6.10507500000000        5.79992125000000      -0.104894843034472     
   6.10507500000000        6.10507500000000      -0.100257562045524     
   6.10507500000000        6.41022875000000      -9.658365414056030E-002
   6.10507500000000        6.71538250000000      -9.395501338198400E-002
   6.10507500000000        7.02053625000000      -9.192351886330952E-002
   6.10507500000000        7.32569000000000      -8.911646857681972E-002
   6.41022875000000       2.000000000000000E-003 -0.260072410346548     
   6.41022875000000       0.307153750000000      -0.263679107633705     
   6.41022875000000       0.612307500000000      -0.266558826446361     
   6.41022875000000       0.917461250000000      -0.262294096831451     
   6.41022875000000        1.22261500000000      -0.252530081724804     
   6.41022875000000        1.52776875000000      -0.239863331239530     
   6.41022875000000        1.83292250000000      -0.225681520440210     
   6.41022875000000        2.13807625000000      -0.210934007800018     
   6.41022875000000        2.44323000000000      -0.195966874525909     
   6.41022875000000        2.74838375000000      -0.180730314464369     
   6.41022875000000        3.05353750000000      -0.166569324882238     
   6.41022875000000        3.35869125000000      -0.156178498700435     
   6.41022875000000        3.66384500000000      -0.149531012225816     
   6.41022875000000        3.96899875000000      -0.143300089380109     
   6.41022875000000        4.27415250000000      -0.135375732188537     
   6.41022875000000        4.57930625000000      -0.126731126526087     
   6.41022875000000        4.88446000000000      -0.118678241997077     
   6.41022875000000        5.18961375000000      -0.111661095597857     
   6.41022875000000        5.49476750000000      -0.105786674464427     
   6.41022875000000        5.79992125000000      -0.101000254357537     
   6.41022875000000        6.10507500000000      -9.725760102913607E-002
   6.41022875000000        6.41022875000000      -9.455150172782094E-002
   6.41022875000000        6.71538250000000      -9.324991428055582E-002
   6.41022875000000        7.02053625000000      -9.323375381189991E-002
   6.41022875000000        7.32569000000000      -9.142374824048843E-002
   6.71538250000000       2.000000000000000E-003 -0.226296536139785     
   6.71538250000000       0.307153750000000      -0.236079973636428     
   6.71538250000000       0.612307500000000      -0.243115634846684     
   6.71538250000000       0.917461250000000      -0.240138036826057     
   6.71538250000000        1.22261500000000      -0.231624644278605     
   6.71538250000000        1.52776875000000      -0.220326260535536     
   6.71538250000000        1.83292250000000      -0.207524821180765     
   6.71538250000000        2.13807625000000      -0.193890972906462     
   6.71538250000000        2.44323000000000      -0.179508136839017     
   6.71538250000000        2.74838375000000      -0.163905152574709     
   6.71538250000000        3.05353750000000      -0.150051494076857     
   6.71538250000000        3.35869125000000      -0.142066264987757     
   6.71538250000000        3.66384500000000      -0.140649246002743     
   6.71538250000000        3.96899875000000      -0.137445498790787     
   6.71538250000000        4.27415250000000      -0.129448034801924     
   6.71538250000000        4.57930625000000      -0.120431247824382     
   6.71538250000000        4.88446000000000      -0.112648243172189     
   6.71538250000000        5.18961375000000      -0.106222620566947     
   6.71538250000000        5.49476750000000      -0.101040125425686     
   6.71538250000000        5.79992125000000      -9.718421848155828E-002
   6.71538250000000        6.10507500000000      -9.448354310083690E-002
   6.71538250000000        6.41022875000000      -9.260600997306424E-002
   6.71538250000000        6.71538250000000      -9.188928950230221E-002
   6.71538250000000        7.02053625000000      -9.386666938685598E-002
   6.71538250000000        7.32569000000000      -9.388321451387881E-002
   7.02053625000000       2.000000000000000E-003 -0.210563110851676     
   7.02053625000000       0.307153750000000      -0.222578675427129     
   7.02053625000000       0.612307500000000      -0.222590004409274     
   7.02053625000000       0.917461250000000      -0.219858965733012     
   7.02053625000000        1.22261500000000      -0.212802843650702     
   7.02053625000000        1.52776875000000      -0.202574677724996     
   7.02053625000000        1.83292250000000      -0.190896091983890     
   7.02053625000000        2.13807625000000      -0.178548943116196     
   7.02053625000000        2.44323000000000      -0.165248568912506     
   7.02053625000000        2.74838375000000      -0.150959767811406     
   7.02053625000000        3.05353750000000      -0.138381203918734     
   7.02053625000000        3.35869125000000      -0.133189913719354     
   7.02053625000000        3.66384500000000      -0.137440506719492     
   7.02053625000000        3.96899875000000      -0.133101365228861     
   7.02053625000000        4.27415250000000      -0.122814577967452     
   7.02053625000000        4.57930625000000      -0.113467354319911     
   7.02053625000000        4.88446000000000      -0.106248444242126     
   7.02053625000000        5.18961375000000      -0.100720378338603     
   7.02053625000000        5.49476750000000      -9.637113745727725E-002
   7.02053625000000        5.79992125000000      -9.362797531812249E-002
   7.02053625000000        6.10507500000000      -9.222942004746115E-002
   7.02053625000000        6.41022875000000      -9.149310610030922E-002
   7.02053625000000        6.71538250000000      -9.054407522914373E-002
   7.02053625000000        7.02053625000000      -9.058453404253963E-002
   7.02053625000000        7.32569000000000      -9.242902066830218E-002
   7.32569000000000       2.000000000000000E-003 -0.211952885172496     
   7.32569000000000       0.307153750000000      -0.211421456399063     
   7.32569000000000       0.612307500000000      -0.202569196945514     
   7.32569000000000       0.917461250000000      -0.200624713833962     
   7.32569000000000        1.22261500000000      -0.194911390619844     
   7.32569000000000        1.52776875000000      -0.185946413702426     
   7.32569000000000        1.83292250000000      -0.175747549789933     
   7.32569000000000        2.13807625000000      -0.165432357082889     
   7.32569000000000        2.44323000000000      -0.154871771095179     
   7.32569000000000        2.74838375000000      -0.144701822763912     
   7.32569000000000        3.05353750000000      -0.137215130666634     
   7.32569000000000        3.35869125000000      -0.135794927051105     
   7.32569000000000        3.66384500000000      -0.136780955512792     
   7.32569000000000        3.96899875000000      -0.125078921901466     
   7.32569000000000        4.27415250000000      -0.114644569645220     
   7.32569000000000        4.57930625000000      -0.106182623263172     
   7.32569000000000        4.88446000000000      -9.992999083125999E-002
   7.32569000000000        5.18961375000000      -9.539270477928234E-002
   7.32569000000000        5.49476750000000      -9.190482001596412E-002
   7.32569000000000        5.79992125000000      -9.016251133279914E-002
   7.32569000000000        6.10507500000000      -8.996716808442429E-002
   7.32569000000000        6.41022875000000      -9.059775955247235E-002
   7.32569000000000        6.71538250000000      -9.076621918344518E-002
   7.32569000000000        7.02053625000000      -8.892951354910006E-002
   7.32569000000000        7.32569000000000      -8.513149573193649E-002
