  2.000000000000000E-003  2.000000000000000E-003 -0.206508336790026     
  2.000000000000000E-003  0.307153750000000      -0.204708190272116     
  2.000000000000000E-003  0.612307500000000      -0.196599988539341     
  2.000000000000000E-003  0.917461250000000      -0.194043017392155     
  2.000000000000000E-003   1.22261500000000      -0.188833657106046     
  2.000000000000000E-003   1.52776875000000      -0.180877184569758     
  2.000000000000000E-003   1.83292250000000      -0.171417496376762     
  2.000000000000000E-003   2.13807625000000      -0.161261386823136     
  2.000000000000000E-003   2.44323000000000      -0.150354834343676     
  2.000000000000000E-003   2.74838375000000      -0.139406102810859     
  2.000000000000000E-003   3.05353750000000      -0.131300198116006     
  2.000000000000000E-003   3.35869125000000      -0.130597225800321     
  2.000000000000000E-003   3.66384500000000      -0.133054248923078     
  2.000000000000000E-003   3.96899875000000      -0.122328661735409     
  2.000000000000000E-003   4.27415250000000      -0.112510368049392     
  2.000000000000000E-003   4.57930625000000      -0.103597932279201     
  2.000000000000000E-003   4.88446000000000      -9.651298366585170E-002
  2.000000000000000E-003   5.18961375000000      -9.110174553502773E-002
  2.000000000000000E-003   5.49476750000000      -8.658846444079547E-002
  2.000000000000000E-003   5.79992125000000      -8.366661356824612E-002
  2.000000000000000E-003   6.10507500000000      -8.203926322376112E-002
  2.000000000000000E-003   6.41022875000000      -8.091797013451815E-002
  2.000000000000000E-003   6.71538250000000      -7.945528520619527E-002
  2.000000000000000E-003   7.02053625000000      -7.841971309008818E-002
  2.000000000000000E-003   7.32569000000000      -7.867997675254899E-002
  0.307153750000000       2.000000000000000E-003 -0.210423243817374     
  0.307153750000000       0.307153750000000      -0.220096523761174     
  0.307153750000000       0.612307500000000      -0.217852592349473     
  0.307153750000000       0.917461250000000      -0.214019813787440     
  0.307153750000000        1.22261500000000      -0.207226352950799     
  0.307153750000000        1.52776875000000      -0.197742284571580     
  0.307153750000000        1.83292250000000      -0.186569641476091     
  0.307153750000000        2.13807625000000      -0.174244554897260     
  0.307153750000000        2.44323000000000      -0.160595440709427     
  0.307153750000000        2.74838375000000      -0.145727427402945     
  0.307153750000000        3.05353750000000      -0.132892112695837     
  0.307153750000000        3.35869125000000      -0.128511137079403     
  0.307153750000000        3.66384500000000      -0.134265695304911     
  0.307153750000000        3.96899875000000      -0.131221396347547     
  0.307153750000000        4.27415250000000      -0.121194185511424     
  0.307153750000000        4.57930625000000      -0.111111457162230     
  0.307153750000000        4.88446000000000      -0.102842139847467     
  0.307153750000000        5.18961375000000      -9.628893293846028E-002
  0.307153750000000        5.49476750000000      -9.081187706059697E-002
  0.307153750000000        5.79992125000000      -8.685774545321703E-002
  0.307153750000000        6.10507500000000      -8.415700473626615E-002
  0.307153750000000        6.41022875000000      -8.216498445386128E-002
  0.307153750000000        6.71538250000000      -8.050755225520315E-002
  0.307153750000000        7.02053625000000      -8.020280038923526E-002
  0.307153750000000        7.32569000000000      -8.104294148957750E-002
  0.612307500000000       2.000000000000000E-003 -0.228198999696821     
  0.612307500000000       0.307153750000000      -0.235624872883729     
  0.612307500000000       0.612307500000000      -0.239618400040289     
  0.612307500000000       0.917461250000000      -0.235325453807264     
  0.612307500000000        1.22261500000000      -0.226765282315625     
  0.612307500000000        1.52776875000000      -0.215802998522086     
  0.612307500000000        1.83292250000000      -0.203177603589923     
  0.612307500000000        2.13807625000000      -0.189404767604896     
  0.612307500000000        2.44323000000000      -0.174694249442475     
  0.612307500000000        2.74838375000000      -0.158722611396539     
  0.612307500000000        3.05353750000000      -0.144909315983224     
  0.612307500000000        3.35869125000000      -0.137804158235290     
  0.612307500000000        3.66384500000000      -0.137861458057599     
  0.612307500000000        3.96899875000000      -0.135743235079232     
  0.612307500000000        4.27415250000000      -0.127782289437302     
  0.612307500000000        4.57930625000000      -0.117989734750835     
  0.612307500000000        4.88446000000000      -0.109153594464745     
  0.612307500000000        5.18961375000000      -0.101732768017075     
  0.612307500000000        5.49476750000000      -9.551164064591403E-002
  0.612307500000000        5.79992125000000      -9.062945262450393E-002
  0.612307500000000        6.10507500000000      -8.704081855724628E-002
  0.612307500000000        6.41022875000000      -8.447843350690633E-002
  0.612307500000000        6.71538250000000      -8.297144585886555E-002
  0.612307500000000        7.02053625000000      -8.250778327841009E-002
  0.612307500000000        7.32569000000000      -8.098258893636830E-002
  0.917461250000000       2.000000000000000E-003 -0.259921327432473     
  0.917461250000000       0.307153750000000      -0.262453325521871     
  0.917461250000000       0.612307500000000      -0.263620525137928     
  0.917461250000000       0.917461250000000      -0.258376954887283     
  0.917461250000000        1.22261500000000      -0.248322881032360     
  0.917461250000000        1.52776875000000      -0.235601702280602     
  0.917461250000000        1.83292250000000      -0.221276336208898     
  0.917461250000000        2.13807625000000      -0.206239215919913     
  0.917461250000000        2.44323000000000      -0.190954808418707     
  0.917461250000000        2.74838375000000      -0.175515856748509     
  0.917461250000000        3.05353750000000      -0.161521130801950     
  0.917461250000000        3.35869125000000      -0.151908443867098     
  0.917461250000000        3.66384500000000      -0.146393353846274     
  0.917461250000000        3.96899875000000      -0.140980417639789     
  0.917461250000000        4.27415250000000      -0.133100667964845     
  0.917461250000000        4.57930625000000      -0.123839551526347     
  0.917461250000000        4.88446000000000      -0.114954254079685     
  0.917461250000000        5.18961375000000      -0.107082008291059     
  0.917461250000000        5.49476750000000      -0.100343197957639     
  0.917461250000000        5.79992125000000      -9.474027591550030E-002
  0.917461250000000        6.10507500000000      -9.036832681692201E-002
  0.917461250000000        6.41022875000000      -8.712830112986944E-002
  0.917461250000000        6.71538250000000      -8.493117972784740E-002
  0.917461250000000        7.02053625000000      -8.326980292611694E-002
  0.917461250000000        7.32569000000000      -8.094746188798783E-002
   1.22261500000000       2.000000000000000E-003 -0.305382551933789     
   1.22261500000000       0.307153750000000      -0.304477714924657     
   1.22261500000000       0.612307500000000      -0.300070801949494     
   1.22261500000000       0.917461250000000      -0.290255920222626     
   1.22261500000000        1.22261500000000      -0.276061942622312     
   1.22261500000000        1.52776875000000      -0.259442633783903     
   1.22261500000000        1.83292250000000      -0.241815504615674     
   1.22261500000000        2.13807625000000      -0.224391123499923     
   1.22261500000000        2.44323000000000      -0.207760017621797     
   1.22261500000000        2.74838375000000      -0.192081563737587     
   1.22261500000000        3.05353750000000      -0.177816541576567     
   1.22261500000000        3.35869125000000      -0.165841788705331     
   1.22261500000000        3.66384500000000      -0.156263702585777     
   1.22261500000000        3.96899875000000      -0.147555164467974     
   1.22261500000000        4.27415250000000      -0.138485198854606     
   1.22261500000000        4.57930625000000      -0.129221593576022     
   1.22261500000000        4.88446000000000      -0.120313077935510     
   1.22261500000000        5.18961375000000      -0.112146388264921     
   1.22261500000000        5.49476750000000      -0.104942951391928     
   1.22261500000000        5.79992125000000      -9.875027273605112E-002
   1.22261500000000        6.10507500000000      -9.359869913265263E-002
   1.22261500000000        6.41022875000000      -8.946084132363435E-002
   1.22261500000000        6.71538250000000      -8.618483414158212E-002
   1.22261500000000        7.02053625000000      -8.335678017144364E-002
   1.22261500000000        7.32569000000000      -8.038395054273777E-002
   1.52776875000000       2.000000000000000E-003 -0.372281019728995     
   1.52776875000000       0.307153750000000      -0.368299058128095     
   1.52776875000000       0.612307500000000      -0.356471436815475     
   1.52776875000000       0.917461250000000      -0.337971599704032     
   1.52776875000000        1.22261500000000      -0.315116824289200     
   1.52776875000000        1.52776875000000      -0.290422660811794     
   1.52776875000000        1.83292250000000      -0.266091173390843     
   1.52776875000000        2.13807625000000      -0.243998914096939     
   1.52776875000000        2.44323000000000      -0.224468355597888     
   1.52776875000000        2.74838375000000      -0.207113997508799     
   1.52776875000000        3.05353750000000      -0.191566056878222     
   1.52776875000000        3.35869125000000      -0.177720061312051     
   1.52776875000000        3.66384500000000      -0.165455947206995     
   1.52776875000000        3.96899875000000      -0.154381382664735     
   1.52776875000000        4.27415250000000      -0.144081565331874     
   1.52776875000000        4.57930625000000      -0.134378453731114     
   1.52776875000000        4.88446000000000      -0.125263346184280     
   1.52776875000000        5.18961375000000      -0.116805926962445     
   1.52776875000000        5.49476750000000      -0.109121485827677     
   1.52776875000000        5.79992125000000      -0.102306475179835     
   1.52776875000000        6.10507500000000      -9.637172410578522E-002
   1.52776875000000        6.41022875000000      -9.128351151436762E-002
   1.52776875000000        6.71538250000000      -8.693949855465458E-002
   1.52776875000000        7.02053625000000      -8.310533849871425E-002
   1.52776875000000        7.32569000000000      -7.950025551636061E-002
   1.83292250000000       2.000000000000000E-003 -0.470171411374319     
   1.83292250000000       0.307153750000000      -0.462036390040997     
   1.83292250000000       0.612307500000000      -0.439603526973806     
   1.83292250000000       0.917461250000000      -0.406987164214438     
   1.83292250000000        1.22261500000000      -0.368779276334929     
   1.83292250000000        1.52776875000000      -0.330176912539470     
   1.83292250000000        1.83292250000000      -0.295142309029669     
   1.83292250000000        2.13807625000000      -0.265453577044170     
   1.83292250000000        2.44323000000000      -0.241019002245666     
   1.83292250000000        2.74838375000000      -0.220697669333333     
   1.83292250000000        3.05353750000000      -0.203187250242298     
   1.83292250000000        3.35869125000000      -0.187595031743933     
   1.83292250000000        3.66384500000000      -0.173520633720760     
   1.83292250000000        3.96899875000000      -0.160831301822219     
   1.83292250000000        4.27415250000000      -0.149430306205513     
   1.83292250000000        4.57930625000000      -0.139140450877260     
   1.83292250000000        4.88446000000000      -0.129714397788220     
   1.83292250000000        5.18961375000000      -0.120946627560403     
   1.83292250000000        5.49476750000000      -0.112776471409631     
   1.83292250000000        5.79992125000000      -0.105273531464043     
   1.83292250000000        6.10507500000000      -9.852661969578352E-002
   1.83292250000000        6.41022875000000      -9.254788109217728E-002
   1.83292250000000        6.71538250000000      -8.727412175050703E-002
   1.83292250000000        7.02053625000000      -8.262292062074507E-002
   1.83292250000000        7.32569000000000      -7.849901130012840E-002
   2.13807625000000       2.000000000000000E-003 -0.610591763033665     
   2.13807625000000       0.307153750000000      -0.595295554010928     
   2.13807625000000       0.612307500000000      -0.554182970975524     
   2.13807625000000       0.917461250000000      -0.497735192383353     
   2.13807625000000        1.22261500000000      -0.436708115636972     
   2.13807625000000        1.52776875000000      -0.379006593157103     
   2.13807625000000        1.83292250000000      -0.329181087808109     
   2.13807625000000        2.13807625000000      -0.288866579600711     
   2.13807625000000        2.44323000000000      -0.257441833921247     
   2.13807625000000        2.74838375000000      -0.232909453150097     
   2.13807625000000        3.05353750000000      -0.212935867029228     
   2.13807625000000        3.35869125000000      -0.195713775618597     
   2.13807625000000        3.66384500000000      -0.180305408540856     
   2.13807625000000        3.96899875000000      -0.166459027967330     
   2.13807625000000        4.27415250000000      -0.154171589901659     
   2.13807625000000        4.57930625000000      -0.143317947231314     
   2.13807625000000        4.88446000000000      -0.133552137733181     
   2.13807625000000        5.18961375000000      -0.124469926899842     
   2.13807625000000        5.49476750000000      -0.115834661507041     
   2.13807625000000        5.79992125000000      -0.107654502226174     
   2.13807625000000        6.10507500000000      -0.100074066083750     
   2.13807625000000        6.41022875000000      -9.321630587471244E-002
   2.13807625000000        6.71538250000000      -8.712535176910706E-002
   2.13807625000000        7.02053625000000      -8.182557086303982E-002
   2.13807625000000        7.32569000000000      -7.735498414494633E-002
   2.44323000000000       2.000000000000000E-003 -0.809813302627614     
   2.44323000000000       0.307153750000000      -0.780947924265111     
   2.44323000000000       0.612307500000000      -0.706040241968598     
   2.44323000000000       0.917461250000000      -0.611810748424530     
   2.44323000000000        1.22261500000000      -0.518268190697557     
   2.44323000000000        1.52776875000000      -0.435387427635622     
   2.44323000000000        1.83292250000000      -0.366971562945266     
   2.44323000000000        2.13807625000000      -0.313535005832154     
   2.44323000000000        2.44323000000000      -0.273465350195566     
   2.44323000000000        2.74838375000000      -0.243745651678203     
   2.44323000000000        3.05353750000000      -0.220924889146295     
   2.44323000000000        3.35869125000000      -0.202148623569328     
   2.44323000000000        3.66384500000000      -0.185732574525500     
   2.44323000000000        3.96899875000000      -0.171075694995051     
   2.44323000000000        4.27415250000000      -0.158123806561122     
   2.44323000000000        4.57930625000000      -0.146791101864012     
   2.44323000000000        4.88446000000000      -0.136700856190445     
   2.44323000000000        5.18961375000000      -0.127319740850756     
   2.44323000000000        5.49476750000000      -0.118262996336474     
   2.44323000000000        5.79992125000000      -0.109460298223924     
   2.44323000000000        6.10507500000000      -0.101070958212245     
   2.44323000000000        6.41022875000000      -9.328717110653366E-002
   2.44323000000000        6.71538250000000      -8.625544672123472E-002
   2.44323000000000        7.02053625000000      -8.021595799040819E-002
   2.44323000000000        7.32569000000000      -7.556557773050196E-002
   2.74838375000000       2.000000000000000E-003  -1.07219996959366     
   2.74838375000000       0.307153750000000       -1.02544100436063     
   2.74838375000000       0.612307500000000      -0.904310115110794     
   2.74838375000000       0.917461250000000      -0.751276290604962     
   2.74838375000000        1.22261500000000      -0.609780387471263     
   2.74838375000000        1.52776875000000      -0.495108694395574     
   2.74838375000000        1.83292250000000      -0.405406840217597     
   2.74838375000000        2.13807625000000      -0.337644305451263     
   2.74838375000000        2.44323000000000      -0.288279041591789     
   2.74838375000000        2.74838375000000      -0.253013374805981     
   2.74838375000000        3.05353750000000      -0.227237071753684     
   2.74838375000000        3.35869125000000      -0.207011014993486     
   2.74838375000000        3.66384500000000      -0.189822484369284     
   2.74838375000000        3.96899875000000      -0.174617462136403     
   2.74838375000000        4.27415250000000      -0.161203388395487     
   2.74838375000000        4.57930625000000      -0.149502101919389     
   2.74838375000000        4.88446000000000      -0.139133400123854     
   2.74838375000000        5.18961375000000      -0.129489426715820     
   2.74838375000000        5.49476750000000      -0.120074199297318     
   2.74838375000000        5.79992125000000      -0.110730182218214     
   2.74838375000000        6.10507500000000      -0.101569922105468     
   2.74838375000000        6.41022875000000      -9.273348550575751E-002
   2.74838375000000        6.71538250000000      -8.450416408547798E-002
   2.74838375000000        7.02053625000000      -7.777496087995021E-002
   2.74838375000000        7.32569000000000      -7.329826388564682E-002
   3.05353750000000       2.000000000000000E-003  -1.35594313701173     
   3.05353750000000       0.307153750000000       -1.28906844220158     
   3.05353750000000       0.612307500000000       -1.11517766387787     
   3.05353750000000       0.917461250000000      -0.900175014505395     
   3.05353750000000        1.22261500000000      -0.701263873273464     
   3.05353750000000        1.52776875000000      -0.550535175517285     
   3.05353750000000        1.83292250000000      -0.439556028452671     
   3.05353750000000        2.13807625000000      -0.358390964196570     
   3.05353750000000        2.44323000000000      -0.300555694250779     
   3.05353750000000        2.74838375000000      -0.260277962227784     
   3.05353750000000        3.05353750000000      -0.231861483930850     
   3.05353750000000        3.35869125000000      -0.210399116112114     
   3.05353750000000        3.66384500000000      -0.192633992539667     
   3.05353750000000        3.96899875000000      -0.177083898617514     
   3.05353750000000        4.27415250000000      -0.163385374496697     
   3.05353750000000        4.57930625000000      -0.151434570770954     
   3.05353750000000        4.88446000000000      -0.140855618471585     
   3.05353750000000        5.18961375000000      -0.131005413950816     
   3.05353750000000        5.49476750000000      -0.121313477709696     
   3.05353750000000        5.79992125000000      -0.111535255114370     
   3.05353750000000        6.10507500000000      -0.101674434601037     
   3.05353750000000        6.41022875000000      -9.176633702293321E-002
   3.05353750000000        6.71538250000000      -8.250596626302063E-002
   3.05353750000000        7.02053625000000      -7.523555484222634E-002
   3.05353750000000        7.32569000000000      -7.123272682384661E-002
   3.35869125000000       2.000000000000000E-003  -1.56747751050786     
   3.35869125000000       0.307153750000000       -1.49008375603267     
   3.35869125000000       0.612307500000000       -1.28166064342512     
   3.35869125000000       0.917461250000000       -1.01595691833696     
   3.35869125000000        1.22261500000000      -0.773134056591695     
   3.35869125000000        1.52776875000000      -0.590980840385485     
   3.35869125000000        1.83292250000000      -0.463501989264068     
   3.35869125000000        2.13807625000000      -0.372593226819895     
   3.35869125000000        2.44323000000000      -0.308768338318223     
   3.35869125000000        2.74838375000000      -0.264974535233828     
   3.35869125000000        3.05353750000000      -0.234707337203257     
   3.35869125000000        3.35869125000000      -0.212383828693839     
   3.35869125000000        3.66384500000000      -0.194244379998715     
   3.35869125000000        3.96899875000000      -0.178517385094305     
   3.35869125000000        4.27415250000000      -0.164684128547236     
   3.35869125000000        4.57930625000000      -0.152596329941660     
   3.35869125000000        4.88446000000000      -0.141887052463655     
   3.35869125000000        5.18961375000000      -0.131904551087518     
   3.35869125000000        5.49476750000000      -0.122036250676679     
   3.35869125000000        5.79992125000000      -0.111969618123334     
   3.35869125000000        6.10507500000000      -0.101586265553871     
   3.35869125000000        6.41022875000000      -9.096646306294323E-002
   3.35869125000000        6.71538250000000      -8.112320808651444E-002
   3.35869125000000        7.02053625000000      -7.401564500741446E-002
   3.35869125000000        7.32569000000000      -7.051044381042286E-002
   3.66384500000000       2.000000000000000E-003  -1.69716004132894     
   3.66384500000000       0.307153750000000       -1.56041355380386     
   3.66384500000000       0.612307500000000       -1.34360275052841     
   3.66384500000000       0.917461250000000       -1.05982198199290     
   3.66384500000000        1.22261500000000      -0.800468266455747     
   3.66384500000000        1.52776875000000      -0.605966592882281     
   3.66384500000000        1.83292250000000      -0.472167082084417     
   3.66384500000000        2.13807625000000      -0.377673605701296     
   3.66384500000000        2.44323000000000      -0.311685499337456     
   3.66384500000000        2.74838375000000      -0.266629074089033     
   3.66384500000000        3.05353750000000      -0.235696074474132     
   3.66384500000000        3.35869125000000      -0.213059181964669     
   3.66384500000000        3.66384500000000      -0.194785787810626     
   3.66384500000000        3.96899875000000      -0.179009763984946     
   3.66384500000000        4.27415250000000      -0.165141713370036     
   3.66384500000000        4.57930625000000      -0.153008978681563     
   3.66384500000000        4.88446000000000      -0.142251568331227     
   3.66384500000000        5.18961375000000      -0.132219632358339     
   3.66384500000000        5.49476750000000      -0.122288311264691     
   3.66384500000000        5.79992125000000      -0.112120786087557     
   3.66384500000000        6.10507500000000      -0.101554345678742     
   3.66384500000000        6.41022875000000      -9.072748277255469E-002
   3.66384500000000        6.71538250000000      -8.086312384635555E-002
   3.66384500000000        7.02053625000000      -7.459379457039275E-002
   3.66384500000000        7.32569000000000      -7.115067838281645E-002
   3.96899875000000       2.000000000000000E-003  -1.56747870851794     
   3.96899875000000       0.307153750000000       -1.48976632229219     
   3.96899875000000       0.612307500000000       -1.28136867922512     
   3.96899875000000       0.917461250000000       -1.01578058609507     
   3.96899875000000        1.22261500000000      -0.773053241601869     
   3.96899875000000        1.52776875000000      -0.590958178596102     
   3.96899875000000        1.83292250000000      -0.463515358853879     
   3.96899875000000        2.13807625000000      -0.372634741244737     
   3.96899875000000        2.44323000000000      -0.308832927912260     
   3.96899875000000        2.74838375000000      -0.265057521877296     
   3.96899875000000        3.05353750000000      -0.234804097100098     
   3.96899875000000        3.35869125000000      -0.212489759708308     
   3.96899875000000        3.66384500000000      -0.194354667983662     
   3.96899875000000        3.96899875000000      -0.178626662023281     
   3.96899875000000        4.27415250000000      -0.164786749077518     
   3.96899875000000        4.57930625000000      -0.152687282197593     
   3.96899875000000        4.88446000000000      -0.141963268719399     
   3.96899875000000        5.18961375000000      -0.131966511345291     
   3.96899875000000        5.49476750000000      -0.122089255472016     
   3.96899875000000        5.79992125000000      -0.112025190194437     
   3.96899875000000        6.10507500000000      -0.101666523056804     
   3.96899875000000        6.41022875000000      -9.111141753962634E-002
   3.96899875000000        6.71538250000000      -8.137460972860822E-002
   3.96899875000000        7.02053625000000      -7.435223617806312E-002
   3.96899875000000        7.32569000000000      -7.080273476483481E-002
   4.27415250000000       2.000000000000000E-003  -1.35594857985501     
   4.27415250000000       0.307153750000000       -1.28877625049970     
   4.27415250000000       0.612307500000000       -1.11484727113804     
   4.27415250000000       0.917461250000000      -0.899949312479667     
   4.27415250000000        1.22261500000000      -0.701156747344678     
   4.27415250000000        1.52776875000000      -0.550508900927682     
   4.27415250000000        1.83292250000000      -0.439591344556926     
   4.27415250000000        2.13807625000000      -0.358478752809421     
   4.27415250000000        2.44323000000000      -0.300688018305574     
   4.27415250000000        2.74838375000000      -0.260445996486208     
   4.27415250000000        3.05353750000000      -0.232056115057005     
   4.27415250000000        3.35869125000000      -0.210611405318365     
   4.27415250000000        3.66384500000000      -0.192854803459136     
   4.27415250000000        3.96899875000000      -0.177303441253431     
   4.27415250000000        4.27415250000000      -0.163593188838323     
   4.27415250000000        4.57930625000000      -0.151620922387274     
   4.27415250000000        4.88446000000000      -0.141014162760713     
   4.27415250000000        5.18961375000000      -0.131136239066903     
   4.27415250000000        5.49476750000000      -0.121425366246958     
   4.27415250000000        5.79992125000000      -0.111647273905890     
   4.27415250000000        6.10507500000000      -0.101818829544234     
   4.27415250000000        6.41022875000000      -9.199596591533234E-002
   4.27415250000000        6.71538250000000      -8.287202897040939E-002
   4.27415250000000        7.02053625000000      -7.572741619500498E-002
   4.27415250000000        7.32569000000000      -7.174073133129452E-002
   4.57930625000000       2.000000000000000E-003  -1.07220620745639     
   4.57930625000000       0.307153750000000       -1.02526273540997     
   4.57930625000000       0.612307500000000      -0.904079124969347     
   4.57930625000000       0.917461250000000      -0.751104762675251     
   4.57930625000000        1.22261500000000      -0.609694323170037     
   4.57930625000000        1.52776875000000      -0.495102595466015     
   4.57930625000000        1.83292250000000      -0.405477508345615     
   4.57930625000000        2.13807625000000      -0.337787030508815     
   4.57930625000000        2.44323000000000      -0.288484777986240     
   4.57930625000000        2.74838375000000      -0.253269642186953     
   4.57930625000000        3.05353750000000      -0.227530229729926     
   4.57930625000000        3.35869125000000      -0.207328328219991     
   4.57930625000000        3.66384500000000      -0.190152162646214     
   4.57930625000000        3.96899875000000      -0.174947360401142     
   4.57930625000000        4.27415250000000      -0.161520019383921     
   4.57930625000000        4.57930625000000      -0.149791717618668     
   4.57930625000000        4.88446000000000      -0.139385814850388     
   4.57930625000000        5.18961375000000      -0.129702548710995     
   4.57930625000000        5.49476750000000      -0.120257614150639     
   4.57930625000000        5.79992125000000      -0.110905987767378     
   4.57930625000000        6.10507500000000      -0.101771490397578     
   4.57930625000000        6.41022875000000      -9.300315668743142E-002
   4.57930625000000        6.71538250000000      -8.488088695895853E-002
   4.57930625000000        7.02053625000000      -7.824931730065708E-002
   4.57930625000000        7.32569000000000      -7.379374863603848E-002
   4.88446000000000       2.000000000000000E-003 -0.809818347949394     
   4.88446000000000       0.307153750000000      -0.780857148092270     
   4.88446000000000       0.612307500000000      -0.705913861169435     
   4.88446000000000       0.917461250000000      -0.611707793050059     
   4.88446000000000        1.22261500000000      -0.518223452447786     
   4.88446000000000        1.52776875000000      -0.435420541309686     
   4.88446000000000        1.83292250000000      -0.367092680474322     
   4.88446000000000        2.13807625000000      -0.313744088856681     
   4.88446000000000        2.44323000000000      -0.273752121341977     
   4.88446000000000        2.74838375000000      -0.244093055431151     
   4.88446000000000        3.05353750000000      -0.221314497900630     
   4.88446000000000        3.35869125000000      -0.202565126303342     
   4.88446000000000        3.66384500000000      -0.186164377067465     
   4.88446000000000        3.96899875000000      -0.171512006250984     
   4.88446000000000        4.27415250000000      -0.158551009773114     
   4.88446000000000        4.57930625000000      -0.147192543641755     
   4.88446000000000        4.88446000000000      -0.137061355427114     
   4.88446000000000        5.18961375000000      -0.127632649819004     
   4.88446000000000        5.49476750000000      -0.118535718272016     
   4.88446000000000        5.79992125000000      -0.109715402865135     
   4.88446000000000        6.10507500000000      -0.101341492543211     
   4.88446000000000        6.41022875000000      -9.360716791244797E-002
   4.88446000000000        6.71538250000000      -8.664575372258589E-002
   4.88446000000000        7.02053625000000      -8.066640209093412E-002
   4.88446000000000        7.32569000000000      -7.602573663396332E-002
   5.18961375000000       2.000000000000000E-003 -0.610594905478888     
   5.18961375000000       0.307153750000000      -0.595248092932169     
   5.18961375000000       0.612307500000000      -0.554112922179904     
   5.18961375000000       0.917461250000000      -0.497682544667315     
   5.18961375000000        1.22261500000000      -0.436710398872199     
   5.18961375000000        1.52776875000000      -0.379092985815824     
   5.18961375000000        1.83292250000000      -0.329368495207789     
   5.18961375000000        2.13807625000000      -0.289156235384017     
   5.18961375000000        2.44323000000000      -0.257819311225056     
   5.18961375000000        2.74838375000000      -0.233350523471911     
   5.18961375000000        3.05353750000000      -0.213416164515355     
   5.18961375000000        3.35869125000000      -0.196217044944633     
   5.18961375000000        3.66384500000000      -0.180824810842139     
   5.18961375000000        3.96899875000000      -0.166990687460491     
   5.18961375000000        4.27415250000000      -0.154705907238699     
   5.18961375000000        4.57930625000000      -0.143836460044910     
   5.18961375000000        4.88446000000000      -0.134032965041278     
   5.18961375000000        5.18961375000000      -0.124898618485697     
   5.18961375000000        5.49476750000000      -0.116213731934436     
   5.18961375000000        5.79992125000000      -0.108006241879065     
   5.18961375000000        6.10507500000000      -0.100434574508946     
   5.18961375000000        6.41022875000000      -9.362153349881011E-002
   5.18961375000000        6.71538250000000      -8.759310015824154E-002
   5.18961375000000        7.02053625000000      -8.234053617727788E-002
   5.18961375000000        7.32569000000000      -7.786848316524544E-002
   5.49476750000000       2.000000000000000E-003 -0.470173004326466     
   5.49476750000000       0.307153750000000      -0.462000480144630     
   5.49476750000000       0.612307500000000      -0.439553718219609     
   5.49476750000000       0.917461250000000      -0.406964557639420     
   5.49476750000000        1.22261500000000      -0.368826920063447     
   5.49476750000000        1.52776875000000      -0.330327660823772     
   5.49476750000000        1.83292250000000      -0.295413415822818     
   5.49476750000000        2.13807625000000      -0.265841786632564     
   5.49476750000000        2.44323000000000      -0.241500605060680     
   5.49476750000000        2.74838375000000      -0.221236557762510     
   5.49476750000000        3.05353750000000      -0.203750177401772     
   5.49476750000000        3.35869125000000      -0.188165925430381     
   5.49476750000000        3.66384500000000      -0.174103576099813     
   5.49476750000000        3.96899875000000      -0.161437973211265     
   5.49476750000000        4.27415250000000      -0.150060761524815     
   5.49476750000000        4.57930625000000      -0.139774698875127     
   5.49476750000000        4.88446000000000      -0.130320575901320     
   5.49476750000000        5.18961375000000      -0.121498378304196     
   5.49476750000000        5.49476750000000      -0.113268802193189     
   5.49476750000000        5.79992125000000      -0.105729587233132     
   5.49476750000000        6.10507500000000      -9.899235104508664E-002
   5.49476750000000        6.41022875000000      -9.307470950507347E-002
   5.49476750000000        6.71538250000000      -8.789058582667103E-002
   5.49476750000000        7.02053625000000      -8.330561980434011E-002
   5.49476750000000        7.32569000000000      -7.917518778641722E-002
   5.79992125000000       2.000000000000000E-003 -0.372281594228855     
   5.79992125000000       0.307153750000000      -0.368260567573405     
   5.79992125000000       0.612307500000000      -0.356418149332008     
   5.79992125000000       0.917461250000000      -0.337955384603248     
   5.79992125000000        1.22261500000000      -0.315198920140678     
   5.79992125000000        1.52776875000000      -0.290646431520888     
   5.79992125000000        1.83292250000000      -0.266465441270374     
   5.79992125000000        2.13807625000000      -0.244508705488091     
   5.79992125000000        2.44323000000000      -0.225074350076553     
   5.79992125000000        2.74838375000000      -0.207761400942496     
   5.79992125000000        3.05353750000000      -0.192205438045277     
   5.79992125000000        3.35869125000000      -0.178332911489893     
   5.79992125000000        3.66384500000000      -0.166066657431462     
   5.79992125000000        3.96899875000000      -0.155032883407327     
   5.79992125000000        4.27415250000000      -0.144791353469568     
   5.79992125000000        4.57930625000000      -0.135121591817892     
   5.79992125000000        4.88446000000000      -0.125990906088795     
   5.79992125000000        5.18961375000000      -0.117474127993103     
   5.79992125000000        5.49476750000000      -0.109715136778397     
   5.79992125000000        5.79992125000000      -0.102851428180480     
   5.79992125000000        6.10507500000000      -9.693505895332322E-002
   5.79992125000000        6.41022875000000      -9.194374961603514E-002
   5.79992125000000        6.71538250000000      -8.773960672974906E-002
   5.79992125000000        7.02053625000000      -8.401219866210297E-002
   5.79992125000000        7.32569000000000      -8.040323941709224E-002
   6.10507500000000       2.000000000000000E-003 -0.305382506317545     
   6.10507500000000       0.307153750000000      -0.304439562022840     
   6.10507500000000       0.612307500000000      -0.300009256420213     
   6.10507500000000       0.917461250000000      -0.290241511944491     
   6.10507500000000        1.22261500000000      -0.276181157737897     
   6.10507500000000        1.52776875000000      -0.259749226062341     
   6.10507500000000        1.83292250000000      -0.242315612092636     
   6.10507500000000        2.13807625000000      -0.225051487117367     
   6.10507500000000        2.44323000000000      -0.208522709531343     
   6.10507500000000        2.74838375000000      -0.192866059000826     
   6.10507500000000        3.05353750000000      -0.178538792528148     
   6.10507500000000        3.35869125000000      -0.166461366666971     
   6.10507500000000        3.66384500000000      -0.156842837094146     
   6.10507500000000        3.96899875000000      -0.148210608980436     
   6.10507500000000        4.27415250000000      -0.139263831024506     
   6.10507500000000        4.57930625000000      -0.130072892601635     
   6.10507500000000        4.88446000000000      -0.121154785552197     
   6.10507500000000        5.18961375000000      -0.112911036181770     
   6.10507500000000        5.49476750000000      -0.105602033479512     
   6.10507500000000        5.79992125000000      -9.933181856687565E-002
   6.10507500000000        6.10507500000000      -9.419040408601607E-002
   6.10507500000000        6.41022875000000      -9.017779186064574E-002
   6.10507500000000        6.71538250000000      -8.710455790638165E-002
   6.10507500000000        7.02053625000000      -8.445162234043062E-002
   6.10507500000000        7.32569000000000      -8.149579292551820E-002
   6.41022875000000       2.000000000000000E-003 -0.259921469709339     
   6.41022875000000       0.307153750000000      -0.262446265168150     
   6.41022875000000       0.612307500000000      -0.263557735321494     
   6.41022875000000       0.917461250000000      -0.258370135983614     
   6.41022875000000        1.22261500000000      -0.248501351865264     
   6.41022875000000        1.52776875000000      -0.236020420360045     
   6.41022875000000        1.83292250000000      -0.221929401989689     
   6.41022875000000        2.13807625000000      -0.207083723418399     
   6.41022875000000        2.44323000000000      -0.191924774990207     
   6.41022875000000        2.74838375000000      -0.176511224204633     
   6.41022875000000        3.05353750000000      -0.162384964580563     
   6.41022875000000        3.35869125000000      -0.152532393552155     
   6.41022875000000        3.66384500000000      -0.146899810860905     
   6.41022875000000        3.96899875000000      -0.141629635274700     
   6.41022875000000        4.27415250000000      -0.133984022418663     
   6.41022875000000        4.57930625000000      -0.124835107715474     
   6.41022875000000        4.88446000000000      -0.115912977768651     
   6.41022875000000        5.18961375000000      -0.107916711685092     
   6.41022875000000        5.49476750000000      -0.101010983048983     
   6.41022875000000        5.79992125000000      -9.526086463463537E-002
   6.41022875000000        6.10507500000000      -9.084893693282500E-002
   6.41022875000000        6.41022875000000      -8.773172987138927E-002
   6.41022875000000        6.71538250000000      -8.578577009244781E-002
   6.41022875000000        7.02053625000000      -8.436462543516786E-002
   6.41022875000000        7.32569000000000      -8.211632045873070E-002
   6.71538250000000       2.000000000000000E-003 -0.228200317833475     
   6.71538250000000       0.307153750000000      -0.235682698856636     
   6.71538250000000       0.612307500000000      -0.239534034395125     
   6.71538250000000       0.917461250000000      -0.235335274854762     
   6.71538250000000        1.22261500000000      -0.227038537180245     
   6.71538250000000        1.52776875000000      -0.216369334933967     
   6.71538250000000        1.83292250000000      -0.204009028667558     
   6.71538250000000        2.13807625000000      -0.190459989969217     
   6.71538250000000        2.44323000000000      -0.175937233979878     
   6.71538250000000        2.74838375000000      -0.160066805177185     
   6.71538250000000        3.05353750000000      -0.146091314669415     
   6.71538250000000        3.35869125000000      -0.138570051255022     
   6.71538250000000        3.66384500000000      -0.138371933573605     
   6.71538250000000        3.96899875000000      -0.136509611720617     
   6.71538250000000        4.27415250000000      -0.128901394395205     
   6.71538250000000        4.57930625000000      -0.119216687731253     
   6.71538250000000        4.88446000000000      -0.110251012650226     
   6.71538250000000        5.18961375000000      -0.102613849043813     
   6.71538250000000        5.49476750000000      -9.612782993190928E-002
   6.71538250000000        5.79992125000000      -9.098824471262666E-002
   6.71538250000000        6.10507500000000      -8.725927916967709E-002
   6.71538250000000        6.41022875000000      -8.476986300398391E-002
   6.71538250000000        6.71538250000000      -8.352561521598699E-002
   6.71538250000000        7.02053625000000      -8.331177839898495E-002
   6.71538250000000        7.32569000000000      -8.194861657534330E-002
   7.02053625000000       2.000000000000000E-003 -0.210423594900800     
   7.02053625000000       0.307153750000000      -0.220027639617101     
   7.02053625000000       0.612307500000000      -0.217673145535685     
   7.02053625000000       0.917461250000000      -0.214096581106003     
   7.02053625000000        1.22261500000000      -0.207643480722297     
   7.02053625000000        1.52776875000000      -0.198474502769349     
   7.02053625000000        1.83292250000000      -0.187577036025246     
   7.02053625000000        2.13807625000000      -0.175501486013374     
   7.02053625000000        2.44323000000000      -0.162143073333538     
   7.02053625000000        2.74838375000000      -0.147514142470266     
   7.02053625000000        3.05353750000000      -0.134630811291979     
   7.02053625000000        3.35869125000000      -0.129744135190701     
   7.02053625000000        3.66384500000000      -0.135031931168064     
   7.02053625000000        3.96899875000000      -0.132391413730489     
   7.02053625000000        4.27415250000000      -0.122706359286664     
   7.02053625000000        4.57930625000000      -0.112607800758348     
   7.02053625000000        4.88446000000000      -0.104087226337777     
   7.02053625000000        5.18961375000000      -9.719791799400840E-002
   7.02053625000000        5.49476750000000      -9.135141729965740E-002
   7.02053625000000        5.79992125000000      -8.702332265630754E-002
   7.02053625000000        6.10507500000000      -8.405679223917854E-002
   7.02053625000000        6.41022875000000      -8.206639467385686E-002
   7.02053625000000        6.71538250000000      -8.071711482496743E-002
   7.02053625000000        7.02053625000000      -8.068602451985378E-002
   7.02053625000000        7.32569000000000      -8.182532539682234E-002
   7.32569000000000       2.000000000000000E-003 -0.206507361085594     
   7.32569000000000       0.307153750000000      -0.204661608827609     
   7.32569000000000       0.612307500000000      -0.196599164076991     
   7.32569000000000       0.917461250000000      -0.194333271502198     
   7.32569000000000        1.22261500000000      -0.189428662633771     
   7.32569000000000        1.52776875000000      -0.181749360797463     
   7.32569000000000        1.83292250000000      -0.172544126862128     
   7.32569000000000        2.13807625000000      -0.162644296726251     
   7.32569000000000        2.44323000000000      -0.152094899544584     
   7.32569000000000        2.74838375000000      -0.141499292049111     
   7.32569000000000        3.05353750000000      -0.133511829684395     
   7.32569000000000        3.35869125000000      -0.132371757064585     
   7.32569000000000        3.66384500000000      -0.133997551209979     
   7.32569000000000        3.96899875000000      -0.123840174223145     
   7.32569000000000        4.27415250000000      -0.114253076382081     
   7.32569000000000        4.57930625000000      -0.105222962622627     
   7.32569000000000        4.88446000000000      -9.782511674357987E-002
   7.32569000000000        5.18961375000000      -9.202003572014862E-002
   7.32569000000000        5.49476750000000      -8.708419296447453E-002
   7.32569000000000        5.79992125000000      -8.372263092418671E-002
   7.32569000000000        6.10507500000000      -8.175152536616426E-002
   7.32569000000000        6.41022875000000      -8.057323054938732E-002
   7.32569000000000        6.71538250000000      -7.944879528885648E-002
   7.32569000000000        7.02053625000000      -7.850501446650548E-002
   7.32569000000000        7.32569000000000      -7.900966836613593E-002
