  2.000000000000000E-003  2.000000000000000E-003 -0.205952271930338     
  2.000000000000000E-003  0.307153750000000      -0.202186414809513     
  2.000000000000000E-003  0.612307500000000      -0.194728796317783     
  2.000000000000000E-003  0.917461250000000      -0.189810958395799     
  2.000000000000000E-003   1.22261500000000      -0.184577512563239     
  2.000000000000000E-003   1.52776875000000      -0.178361202319752     
  2.000000000000000E-003   1.83292250000000      -0.171062171947217     
  2.000000000000000E-003   2.13807625000000      -0.162724353574673     
  2.000000000000000E-003   2.44323000000000      -0.153305997974855     
  2.000000000000000E-003   2.74838375000000      -0.143220122573104     
  2.000000000000000E-003   3.05353750000000      -0.135012992557389     
  2.000000000000000E-003   3.35869125000000      -0.133035088522689     
  2.000000000000000E-003   3.66384500000000      -0.132978404756214     
  2.000000000000000E-003   3.96899875000000      -0.127423807555688     
  2.000000000000000E-003   4.27415250000000      -0.120544790126147     
  2.000000000000000E-003   4.57930625000000      -0.111158932505426     
  2.000000000000000E-003   4.88446000000000      -0.102218117996054     
  2.000000000000000E-003   5.18961375000000      -9.497422617369893E-002
  2.000000000000000E-003   5.49476750000000      -8.926543779232132E-002
  2.000000000000000E-003   5.79992125000000      -8.575325808797030E-002
  2.000000000000000E-003   6.10507500000000      -8.444188827511023E-002
  2.000000000000000E-003   6.41022875000000      -8.489397091731822E-002
  2.000000000000000E-003   6.71538250000000      -8.584606215931986E-002
  2.000000000000000E-003   7.02053625000000      -8.430083832909302E-002
  2.000000000000000E-003   7.32569000000000      -7.989336675372985E-002
  0.307153750000000       2.000000000000000E-003 -0.218377401330298     
  0.307153750000000       0.307153750000000      -0.223317476737220     
  0.307153750000000       0.612307500000000      -0.217111863365137     
  0.307153750000000       0.917461250000000      -0.210547129789306     
  0.307153750000000        1.22261500000000      -0.203468955795155     
  0.307153750000000        1.52776875000000      -0.195376888161984     
  0.307153750000000        1.83292250000000      -0.186067583818170     
  0.307153750000000        2.13807625000000      -0.175382382234828     
  0.307153750000000        2.44323000000000      -0.163122667023469     
  0.307153750000000        2.74838375000000      -0.149261317891811     
  0.307153750000000        3.05353750000000      -0.136557840599955     
  0.307153750000000        3.35869125000000      -0.131072636263574     
  0.307153750000000        3.66384500000000      -0.136068809396598     
  0.307153750000000        3.96899875000000      -0.137042799019735     
  0.307153750000000        4.27415250000000      -0.129489813688824     
  0.307153750000000        4.57930625000000      -0.118750813294993     
  0.307153750000000        4.88446000000000      -0.108559100741236     
  0.307153750000000        5.18961375000000      -0.100311502894696     
  0.307153750000000        5.49476750000000      -9.382137324670030E-002
  0.307153750000000        5.79992125000000      -8.950443681431959E-002
  0.307153750000000        6.10507500000000      -8.726863950933347E-002
  0.307153750000000        6.41022875000000      -8.648804562937742E-002
  0.307153750000000        6.71538250000000      -8.549848669255494E-002
  0.307153750000000        7.02053625000000      -8.258232547422498E-002
  0.307153750000000        7.32569000000000      -8.245520736813783E-002
  0.612307500000000       2.000000000000000E-003 -0.238685434391811     
  0.612307500000000       0.307153750000000      -0.242680067954472     
  0.612307500000000       0.612307500000000      -0.241453206883309     
  0.612307500000000       0.917461250000000      -0.233969053930775     
  0.612307500000000        1.22261500000000      -0.224536194690561     
  0.612307500000000        1.52776875000000      -0.214201559724326     
  0.612307500000000        1.83292250000000      -0.202785082798396     
  0.612307500000000        2.13807625000000      -0.190151202156717     
  0.612307500000000        2.44323000000000      -0.176344725805361     
  0.612307500000000        2.74838375000000      -0.161072642909989     
  0.612307500000000        3.05353750000000      -0.147294379725340     
  0.612307500000000        3.35869125000000      -0.139731349612223     
  0.612307500000000        3.66384500000000      -0.140241045156273     
  0.612307500000000        3.96899875000000      -0.140428774994385     
  0.612307500000000        4.27415250000000      -0.134109837963132     
  0.612307500000000        4.57930625000000      -0.124047321112003     
  0.612307500000000        4.88446000000000      -0.113873965290308     
  0.612307500000000        5.18961375000000      -0.105304742011701     
  0.612307500000000        5.49476750000000      -9.831492899244572E-002
  0.612307500000000        5.79992125000000      -9.314142027845092E-002
  0.612307500000000        6.10507500000000      -8.972342880022899E-002
  0.612307500000000        6.41022875000000      -8.734668668101728E-002
  0.612307500000000        6.71538250000000      -8.488596541186207E-002
  0.612307500000000        7.02053625000000      -8.251965996428200E-002
  0.612307500000000        7.32569000000000      -8.194913885359434E-002
  0.917461250000000       2.000000000000000E-003 -0.269403626245986     
  0.917461250000000       0.307153750000000      -0.269954358864142     
  0.917461250000000       0.612307500000000      -0.267279483966069     
  0.917461250000000       0.917461250000000      -0.259069525237812     
  0.917461250000000        1.22261500000000      -0.247674599676152     
  0.917461250000000        1.52776875000000      -0.234849626118764     
  0.917461250000000        1.83292250000000      -0.221029612929274     
  0.917461250000000        2.13807625000000      -0.206569650687865     
  0.917461250000000        2.44323000000000      -0.191727793132442     
  0.917461250000000        2.74838375000000      -0.176570855442717     
  0.917461250000000        3.05353750000000      -0.162626748916813     
  0.917461250000000        3.35869125000000      -0.153017112486212     
  0.917461250000000        3.66384500000000      -0.148105444103662     
  0.917461250000000        3.96899875000000      -0.143987102052768     
  0.917461250000000        4.27415250000000      -0.137083157103067     
  0.917461250000000        4.57930625000000      -0.127800109871277     
  0.917461250000000        4.88446000000000      -0.118339148839822     
  0.917461250000000        5.18961375000000      -0.109808657844721     
  0.917461250000000        5.49476750000000      -0.102512530989399     
  0.917461250000000        5.79992125000000      -9.662258475617298E-002
  0.917461250000000        6.10507500000000      -9.215913714382500E-002
  0.917461250000000        6.41022875000000      -8.865922353203740E-002
  0.917461250000000        6.71538250000000      -8.562955820221142E-002
  0.917461250000000        7.02053625000000      -8.312552456080947E-002
  0.917461250000000        7.32569000000000      -8.094204221720241E-002
   1.22261500000000       2.000000000000000E-003 -0.312663945132626     
   1.22261500000000       0.307153750000000      -0.310674953387298     
   1.22261500000000       0.612307500000000      -0.303886163125321     
   1.22261500000000       0.917461250000000      -0.291856288615970     
   1.22261500000000        1.22261500000000      -0.276315565679693     
   1.22261500000000        1.52776875000000      -0.259191956371490     
   1.22261500000000        1.83292250000000      -0.241566457027220     
   1.22261500000000        2.13807625000000      -0.224297332999781     
   1.22261500000000        2.44323000000000      -0.207793533307778     
   1.22261500000000        2.74838375000000      -0.192163100425069     
   1.22261500000000        3.05353750000000      -0.177912161996478     
   1.22261500000000        3.35869125000000      -0.166073372565664     
   1.22261500000000        3.66384500000000      -0.156964527914601     
   1.22261500000000        3.96899875000000      -0.148992736175680     
   1.22261500000000        4.27415250000000      -0.140514644914204     
   1.22261500000000        4.57930625000000      -0.131451721896046     
   1.22261500000000        4.88446000000000      -0.122394137419315     
   1.22261500000000        5.18961375000000      -0.113873401404456     
   1.22261500000000        5.49476750000000      -0.106282513097862     
   1.22261500000000        5.79992125000000      -9.982435582394654E-002
   1.22261500000000        6.10507500000000      -9.450764714791798E-002
   1.22261500000000        6.41022875000000      -9.010094098133818E-002
   1.22261500000000        6.71538250000000      -8.632722573393253E-002
   1.22261500000000        7.02053625000000      -8.300312799833225E-002
   1.22261500000000        7.32569000000000      -7.976594083055953E-002
   1.52776875000000       2.000000000000000E-003 -0.377015391394725     
   1.52776875000000       0.307153750000000      -0.372446339326514     
   1.52776875000000       0.612307500000000      -0.359278054334304     
   1.52776875000000       0.917461250000000      -0.339356030479375     
   1.52776875000000        1.22261500000000      -0.315464518285655     
   1.52776875000000        1.52776875000000      -0.290214839567178     
   1.52776875000000        1.83292250000000      -0.265657517642727     
   1.52776875000000        2.13807625000000      -0.243476632310400     
   1.52776875000000        2.44323000000000      -0.223887400408745     
   1.52776875000000        2.74838375000000      -0.206477488688784     
   1.52776875000000        3.05353750000000      -0.190919646133369     
   1.52776875000000        3.35869125000000      -0.177197328027333     
   1.52776875000000        3.66384500000000      -0.165255270281656     
   1.52776875000000        3.96899875000000      -0.154643428499884     
   1.52776875000000        4.27415250000000      -0.144771248355041     
   1.52776875000000        4.57930625000000      -0.135303727300433     
   1.52776875000000        4.88446000000000      -0.126188113985923     
   1.52776875000000        5.18961375000000      -0.117555225774518     
   1.52776875000000        5.49476750000000      -0.109637064440525     
   1.52776875000000        5.79992125000000      -0.102635360513191     
   1.52776875000000        6.10507500000000      -9.658259530248352E-002
   1.52776875000000        6.41022875000000      -9.134643174743166E-002
   1.52776875000000        6.71538250000000      -8.674771184185311E-002
   1.52776875000000        7.02053625000000      -8.260806762420179E-002
   1.52776875000000        7.32569000000000      -7.872517702097788E-002
   1.83292250000000       2.000000000000000E-003 -0.472392475317326     
   1.83292250000000       0.307153750000000      -0.463960655905058     
   1.83292250000000       0.612307500000000      -0.440850821425609     
   1.83292250000000       0.917461250000000      -0.407480875324987     
   1.83292250000000        1.22261500000000      -0.368678314240109     
   1.83292250000000        1.52776875000000      -0.329677953464372     
   1.83292250000000        1.83292250000000      -0.294381509582756     
   1.83292250000000        2.13807625000000      -0.264504412189050     
   1.83292250000000        2.44323000000000      -0.239922595849542     
   1.83292250000000        2.74838375000000      -0.219498011271936     
   1.83292250000000        3.05353750000000      -0.201960652223686     
   1.83292250000000        3.35869125000000      -0.186460189494855     
   1.83292250000000        3.66384500000000      -0.172611567577172     
   1.83292250000000        3.96899875000000      -0.160235996449078     
   1.83292250000000        4.27415250000000      -0.149138202147821     
   1.83292250000000        4.57930625000000      -0.139045720924130     
   1.83292250000000        4.88446000000000      -0.129673693847953     
   1.83292250000000        5.18961375000000      -0.120850833952076     
   1.83292250000000        5.49476750000000      -0.112594230207228     
   1.83292250000000        5.79992125000000      -0.105042813605952     
   1.83292250000000        6.10507500000000      -9.829956558176975E-002
   1.83292250000000        6.41022875000000      -9.232675716346310E-002
   1.83292250000000        6.71538250000000      -8.699525952097731E-002
   1.83292250000000        7.02053625000000      -8.221028639991421E-002
   1.83292250000000        7.32569000000000      -7.790622070659013E-002
   2.13807625000000       2.000000000000000E-003 -0.610585530905583     
   2.13807625000000       0.307153750000000      -0.595153592205667     
   2.13807625000000       0.612307500000000      -0.553817611821907     
   2.13807625000000       0.917461250000000      -0.497137926572119     
   2.13807625000000        1.22261500000000      -0.435902986836371     
   2.13807625000000        1.52776875000000      -0.378010072544030     
   2.13807625000000        1.83292250000000      -0.327995891262228     
   2.13807625000000        2.13807625000000      -0.287496482721116     
   2.13807625000000        2.44323000000000      -0.255907961664404     
   2.13807625000000        2.74838375000000      -0.231260105193956     
   2.13807625000000        3.05353750000000      -0.211248953018804     
   2.13807625000000        3.35869125000000      -0.194088333534599     
   2.13807625000000        3.66384500000000      -0.178837363746493     
   2.13807625000000        3.96899875000000      -0.165207238369242     
   2.13807625000000        4.27415250000000      -0.153134439443447     
   2.13807625000000        4.57930625000000      -0.142439698074552     
   2.13807625000000        4.88446000000000      -0.132759781637640     
   2.13807625000000        5.18961375000000      -0.123719289948733     
   2.13807625000000        5.49476750000000      -0.115136533388917     
   2.13807625000000        5.79992125000000      -0.107064109432256     
   2.13807625000000        6.10507500000000      -9.965051662319825E-002
   2.13807625000000        6.41022875000000      -9.297701047688509E-002
   2.13807625000000        6.71538250000000      -8.702072115784756E-002
   2.13807625000000        7.02053625000000      -8.174349937145960E-002
   2.13807625000000        7.32569000000000      -7.715715023805809E-002
   2.44323000000000       2.000000000000000E-003 -0.808041137715297     
   2.44323000000000       0.307153750000000      -0.779082240089015     
   2.44323000000000       0.612307500000000      -0.704178985830586     
   2.44323000000000       0.917461250000000      -0.610051499805113     
   2.44323000000000        1.22261500000000      -0.516615393264935     
   2.44323000000000        1.52776875000000      -0.433771489844514     
   2.44323000000000        1.83292250000000      -0.365304746345094     
   2.44323000000000        2.13807625000000      -0.311754773616941     
   2.44323000000000        2.44323000000000      -0.271554191120912     
   2.44323000000000        2.74838375000000      -0.241731491590935     
   2.44323000000000        3.05353750000000      -0.218870082446128     
   2.44323000000000        3.35869125000000      -0.200132065507290     
   2.44323000000000        3.66384500000000      -0.183826596989747     
   2.44323000000000        3.96899875000000      -0.169324352154767     
   2.44323000000000        4.27415250000000      -0.156533561802483     
   2.44323000000000        4.57930625000000      -0.145340782550809     
   2.44323000000000        4.88446000000000      -0.135368870966761     
   2.44323000000000        5.18961375000000      -0.126114144374922     
   2.44323000000000        5.49476750000000      -0.117234802589664     
   2.44323000000000        5.79992125000000      -0.108691249732266     
   2.44323000000000        6.10507500000000      -0.100643229546175     
   2.44323000000000        6.41022875000000      -9.324858822443656E-002
   2.44323000000000        6.71538250000000      -8.657933458849799E-002
   2.44323000000000        7.02053625000000      -8.073719473779008E-002
   2.44323000000000        7.32569000000000      -7.594658953658692E-002
   2.74838375000000       2.000000000000000E-003  -1.06867493266224     
   2.74838375000000       0.307153750000000       -1.02186751244602     
   2.74838375000000       0.612307500000000      -0.901009780028335     
   2.74838375000000       0.917461250000000      -0.748362539161633     
   2.74838375000000        1.22261500000000      -0.607240548694817     
   2.74838375000000        1.52776875000000      -0.492837976917766     
   2.74838375000000        1.83292250000000      -0.403251535846254     
   2.74838375000000        2.13807625000000      -0.335480485043776     
   2.74838375000000        2.44323000000000      -0.286042392341090     
   2.74838375000000        2.74838375000000      -0.250699162520468     
   2.74838375000000        3.05353750000000      -0.224884622190893     
   2.74838375000000        3.35869125000000      -0.204681570676409     
   2.74838375000000        3.66384500000000      -0.187575638642726     
   2.74838375000000        3.96899875000000      -0.172493207979481     
   2.74838375000000        4.27415250000000      -0.159217515745647     
   2.74838375000000        4.57930625000000      -0.147657646042090     
   2.74838375000000        4.88446000000000      -0.137443480548791     
   2.74838375000000        5.18961375000000      -0.127998686131923     
   2.74838375000000        5.49476750000000      -0.118865691146142     
   2.74838375000000        5.79992125000000      -0.109916216267561     
   2.74838375000000        6.10507500000000      -0.101278343135876     
   2.74838375000000        6.41022875000000      -9.310048880847815E-002
   2.74838375000000        6.71538250000000      -8.555395462806346E-002
   2.74838375000000        7.02053625000000      -7.914924235250814E-002
   2.74838375000000        7.32569000000000      -7.431075929061622E-002
   3.05353750000000       2.000000000000000E-003  -1.34992119214443     
   3.05353750000000       0.307153750000000       -1.28323626244637     
   3.05353750000000       0.612307500000000       -1.11028456863541     
   3.05353750000000       0.917461250000000      -0.896233616670189     
   3.05353750000000        1.22261500000000      -0.697956484588421     
   3.05353750000000        1.52776875000000      -0.547687521765406     
   3.05353750000000        1.83292250000000      -0.436974959461842     
   3.05353750000000        2.13807625000000      -0.355902383941479     
   3.05353750000000        2.44323000000000      -0.298051771989723     
   3.05353750000000        2.74838375000000      -0.257721245799096     
   3.05353750000000        3.05353750000000      -0.229269337330808     
   3.05353750000000        3.35869125000000      -0.207820084246460     
   3.05353750000000        3.66384500000000      -0.190123428792817     
   3.05353750000000        3.96899875000000      -0.174685280365532     
   3.05353750000000        4.27415250000000      -0.161124250346773     
   3.05353750000000        4.57930625000000      -0.149329717090512     
   3.05353750000000        4.88446000000000      -0.138940722426026     
   3.05353750000000        5.18961375000000      -0.129347022960015     
   3.05353750000000        5.49476750000000      -0.120016620362098     
   3.05353750000000        5.79992125000000      -0.110742683999658     
   3.05353750000000        6.10507500000000      -0.101582052563125     
   3.05353750000000        6.41022875000000      -9.261614091296172E-002
   3.05353750000000        6.71538250000000      -8.425278367547211E-002
   3.05353750000000        7.02053625000000      -7.734458073492038E-002
   3.05353750000000        7.32569000000000      -7.259366241220301E-002
   3.35869125000000       2.000000000000000E-003  -1.55760365747581     
   3.35869125000000       0.307153750000000       -1.48120066172194     
   3.35869125000000       0.612307500000000       -1.27518021217662     
   3.35869125000000       0.917461250000000       -1.01124659497329     
   3.35869125000000        1.22261500000000      -0.769362999882441     
   3.35869125000000        1.52776875000000      -0.587756075024947     
   3.35869125000000        1.83292250000000      -0.460633938668169     
   3.35869125000000        2.13807625000000      -0.369879611375168     
   3.35869125000000        2.44323000000000      -0.306072759014334     
   3.35869125000000        2.74838375000000      -0.262237610756610     
   3.35869125000000        3.05353750000000      -0.231932500159334     
   3.35869125000000        3.35869125000000      -0.209613431660062     
   3.35869125000000        3.66384500000000      -0.191535380412586     
   3.35869125000000        3.96899875000000      -0.175920844300100     
   3.35869125000000        4.27415250000000      -0.162234457360669     
   3.35869125000000        4.57930625000000      -0.150321433557228     
   3.35869125000000        4.88446000000000      -0.139830566125224     
   3.35869125000000        5.18961375000000      -0.130142948259680     
   3.35869125000000        5.49476750000000      -0.120685403399603     
   3.35869125000000        5.79992125000000      -0.111192928732163     
   3.35869125000000        6.10507500000000      -0.101641065322360     
   3.35869125000000        6.41022875000000      -9.207563101039483E-002
   3.35869125000000        6.71538250000000      -8.310193652678841E-002
   3.35869125000000        7.02053625000000      -7.602081277819013E-002
   3.35869125000000        7.32569000000000      -7.136511312169808E-002
   3.66384500000000       2.000000000000000E-003  -1.68597494330350     
   3.66384500000000       0.307153750000000       -1.54993287064936     
   3.66384500000000       0.612307500000000       -1.33655839305516     
   3.66384500000000       0.917461250000000       -1.05494676629375     
   3.66384500000000        1.22261500000000      -0.796619843943581     
   3.66384500000000        1.52776875000000      -0.602645346081397     
   3.66384500000000        1.83292250000000      -0.469204853473308     
   3.66384500000000        2.13807625000000      -0.374865917244772     
   3.66384500000000        2.44323000000000      -0.308889989516581     
   3.66384500000000        2.74838375000000      -0.263782450717525     
   3.66384500000000        3.05353750000000      -0.232800667885426     
   3.66384500000000        3.35869125000000      -0.210158880476360     
   3.66384500000000        3.66384500000000      -0.191942160911966     
   3.66384500000000        3.96899875000000      -0.176280914713487     
   3.66384500000000        4.27415250000000      -0.162568348977385     
   3.66384500000000        4.57930625000000      -0.150623787562231     
   3.66384500000000        4.88446000000000      -0.140101556948902     
   3.66384500000000        5.18961375000000      -0.130382586905794     
   3.66384500000000        5.49476750000000      -0.120879354896627     
   3.66384500000000        5.79992125000000      -0.111302717331419     
   3.66384500000000        6.10507500000000      -0.101586874438047     
   3.66384500000000        6.41022875000000      -9.176350213004360E-002
   3.66384500000000        6.71538250000000      -8.255365060307976E-002
   3.66384500000000        7.02053625000000      -7.565496027130912E-002
   3.66384500000000        7.32569000000000      -7.052762098998226E-002
   3.96899875000000       2.000000000000000E-003  -1.55761013944629     
   3.96899875000000       0.307153750000000       -1.48149798409914     
   3.96899875000000       0.612307500000000       -1.27548445512909     
   3.96899875000000       0.917461250000000       -1.01146524322094     
   3.96899875000000        1.22261500000000      -0.769494896965443     
   3.96899875000000        1.52776875000000      -0.587825710978905     
   3.96899875000000        1.83292250000000      -0.460659549631268     
   3.96899875000000        2.13807625000000      -0.369868110817216     
   3.96899875000000        2.44323000000000      -0.306030403007931     
   3.96899875000000        2.74838375000000      -0.262171709438644     
   3.96899875000000        3.05353750000000      -0.231850620451691     
   3.96899875000000        3.35869125000000      -0.209522530086585     
   3.96899875000000        3.66384500000000      -0.191441413455467     
   3.96899875000000        3.96899875000000      -0.175828489958939     
   3.96899875000000        4.27415250000000      -0.162146991938321     
   3.96899875000000        4.57930625000000      -0.150240411556285     
   3.96899875000000        4.88446000000000      -0.139755323707084     
   3.96899875000000        5.18961375000000      -0.130070318814763     
   3.96899875000000        5.49476750000000      -0.120609079799453     
   3.96899875000000        5.79992125000000      -0.111100987951271     
   3.96899875000000        6.10507500000000      -0.101505628120708     
   3.96899875000000        6.41022875000000      -9.185055813077721E-002
   3.96899875000000        6.71538250000000      -8.275299663198105E-002
   3.96899875000000        7.02053625000000      -7.560490357189940E-002
   3.96899875000000        7.32569000000000      -7.109235887364439E-002
   4.27415250000000       2.000000000000000E-003  -1.34993083724216     
   4.27415250000000       0.307153750000000       -1.28354411375692     
   4.27415250000000       0.612307500000000       -1.11066461320434     
   4.27415250000000       0.917461250000000      -0.896538307110275     
   4.27415250000000        1.22261500000000      -0.698146952175273     
   4.27415250000000        1.52776875000000      -0.547788604138117     
   4.27415250000000        1.83292250000000      -0.437000600797906     
   4.27415250000000        2.13807625000000      -0.355860400303171     
   4.27415250000000        2.44323000000000      -0.297952592991257     
   4.27415250000000        2.74838375000000      -0.257578305918820     
   4.27415250000000        3.05353750000000      -0.229097233841524     
   4.27415250000000        3.35869125000000      -0.207632631563314     
   4.27415250000000        3.66384500000000      -0.189932397334769     
   4.27415250000000        3.96899875000000      -0.174499948348763     
   4.27415250000000        4.27415250000000      -0.160950970176491     
   4.27415250000000        4.57930625000000      -0.149171416074096     
   4.27415250000000        4.88446000000000      -0.138796429415908     
   4.27415250000000        5.18961375000000      -0.129211568964306     
   4.27415250000000        5.49476750000000      -0.119880035370422     
   4.27415250000000        5.79992125000000      -0.110587873748133     
   4.27415250000000        6.10507500000000      -0.101375702327669     
   4.27415250000000        6.41022875000000      -9.229846705243554E-002
   4.27415250000000        6.71538250000000      -8.379421922073471E-002
   4.27415250000000        7.02053625000000      -7.680696063292514E-002
   4.27415250000000        7.32569000000000      -7.214603475167955E-002
   4.57930625000000       2.000000000000000E-003  -1.06868373706683     
   4.57930625000000       0.307153750000000       -1.02208990619455     
   4.57930625000000       0.612307500000000      -0.901313843099045     
   4.57930625000000       0.917461250000000      -0.748621092310120     
   4.57930625000000        1.22261500000000      -0.607410656156788     
   4.57930625000000        1.52776875000000      -0.492916040687143     
   4.57930625000000        1.83292250000000      -0.403235952959769     
   4.57930625000000        2.13807625000000      -0.335375689240268     
   4.57930625000000        2.44323000000000      -0.285860694355472     
   4.57930625000000        2.74838375000000      -0.250459121669376     
   4.57930625000000        3.05353750000000      -0.224607394716427     
   4.57930625000000        3.35869125000000      -0.204387793846451     
   4.57930625000000        3.66384500000000      -0.187282998625077     
   4.57930625000000        3.96899875000000      -0.172215095392832     
   4.57930625000000        4.27415250000000      -0.158962511638710     
   4.57930625000000        4.57930625000000      -0.147429272839667     
   4.57930625000000        4.88446000000000      -0.137240438372050     
   4.57930625000000        5.18961375000000      -0.127815026786877     
   4.57930625000000        5.49476750000000      -0.118691086768098     
   4.57930625000000        5.79992125000000      -0.109734973396020     
   4.57930625000000        6.10507500000000      -0.101066128919572     
   4.57930625000000        6.41022875000000      -9.281949853374358E-002
   4.57930625000000        6.71538250000000      -8.517984484740289E-002
   4.57930625000000        7.02053625000000      -7.872838182075412E-002
   4.57930625000000        7.32569000000000      -7.394106593956039E-002
   4.88446000000000       2.000000000000000E-003 -0.808047571923777     
   4.88446000000000       0.307153750000000      -0.779213342128285     
   4.88446000000000       0.612307500000000      -0.704362657389973     
   4.88446000000000       0.917461250000000      -0.610215371911598     
   4.88446000000000        1.22261500000000      -0.516713776900265     
   4.88446000000000        1.52776875000000      -0.433777473339540     
   4.88446000000000        1.83292250000000      -0.365205517674965     
   4.88446000000000        2.13807625000000      -0.311551272673321     
   4.88446000000000        2.44323000000000      -0.271260241903437     
   4.88446000000000        2.74838375000000      -0.241370633450751     
   4.88446000000000        3.05353750000000      -0.218470637271477     
   4.88446000000000        3.35869125000000      -0.199722190298730     
   4.88446000000000        3.66384500000000      -0.183429927236444     
   4.88446000000000        3.96899875000000      -0.168957414641684     
   4.88446000000000        4.27415250000000      -0.156205129279357     
   4.88446000000000        4.57930625000000      -0.145052891152224     
   4.88446000000000        4.88446000000000      -0.135118565334857     
   4.88446000000000        5.18961375000000      -0.125895167079024     
   4.88446000000000        5.49476750000000      -0.117038480514108     
   4.88446000000000        5.79992125000000      -0.108506575950709     
   4.88446000000000        6.10507500000000      -0.100455869024983     
   4.88446000000000        6.41022875000000      -9.304116462258373E-002
   4.88446000000000        6.71538250000000      -8.633896099278625E-002
   4.88446000000000        7.02053625000000      -8.047397902201525E-002
   4.88446000000000        7.32569000000000      -7.569734932712434E-002
   5.18961375000000       2.000000000000000E-003 -0.610589362132831     
   5.18961375000000       0.307153750000000      -0.595219172419314     
   5.18961375000000       0.612307500000000      -0.553908986884027     
   5.18961375000000       0.917461250000000      -0.497206438062638     
   5.18961375000000        1.22261500000000      -0.435904862522417     
   5.18961375000000        1.52776875000000      -0.377913322512133     
   5.18961375000000        1.83292250000000      -0.327783209626166     
   5.18961375000000        2.13807625000000      -0.287167360448717     
   5.18961375000000        2.44323000000000      -0.255478540128456     
   5.18961375000000        2.74838375000000      -0.230759960447359     
   5.18961375000000        3.05353750000000      -0.210715189495333     
   5.18961375000000        3.35869125000000      -0.193558291777273     
   5.18961375000000        3.66384500000000      -0.178341245127743     
   5.18961375000000        3.96899875000000      -0.164763077031251     
   5.18961375000000        4.27415250000000      -0.152747655459423     
   5.18961375000000        4.57930625000000      -0.142106814948221     
   5.18961375000000        4.88446000000000      -0.132473388501917     
   5.18961375000000        5.18961375000000      -0.123471835452433     
   5.18961375000000        5.49476750000000      -0.114921926150046     
   5.18961375000000        5.79992125000000      -0.106877500609723     
   5.18961375000000        6.10507500000000      -9.948674514301671E-002
   5.18961375000000        6.41022875000000      -9.282762850801023E-002
   5.18961375000000        6.71538250000000      -8.687163181883079E-002
   5.18961375000000        7.02053625000000      -8.157765311079850E-002
   5.18961375000000        7.32569000000000      -7.696374512654509E-002
   5.49476750000000       2.000000000000000E-003 -0.472394454554185     
   5.49476750000000       0.307153750000000      -0.463988136033432     
   5.49476750000000       0.612307500000000      -0.440876169990018     
   5.49476750000000       0.917461250000000      -0.407464479166737     
   5.49476750000000        1.22261500000000      -0.368582961081824     
   5.49476750000000        1.52776875000000      -0.329473223267742     
   5.49476750000000        1.83292250000000      -0.294049086890169     
   5.49476750000000        2.13807625000000      -0.264043407849152     
   5.49476750000000        2.44323000000000      -0.239352046718316     
   5.49476750000000        2.74838375000000      -0.218854453965998     
   5.49476750000000        3.05353750000000      -0.201292024201058     
   5.49476750000000        3.35869125000000      -0.185816110071277     
   5.49476750000000        3.66384500000000      -0.172030887241775     
   5.49476750000000        3.96899875000000      -0.159736833242170     
   5.49476750000000        4.27415250000000      -0.148717159843613     
   5.49476750000000        4.57930625000000      -0.138687395427423     
   5.49476750000000        4.88446000000000      -0.129361877588408     
   5.49476750000000        5.18961375000000      -0.120574981658501     
   5.49476750000000        5.49476750000000      -0.112351141184782     
   5.49476750000000        5.79992125000000      -0.104835922466644     
   5.49476750000000        6.10507500000000      -9.813675873738897E-002
   5.49476750000000        6.41022875000000      -9.221289815298314E-002
   5.49476750000000        6.71538250000000      -8.691051801488001E-002
   5.49476750000000        7.02053625000000      -8.209307506020581E-002
   5.49476750000000        7.32569000000000      -7.769739255351030E-002
   5.79992125000000       2.000000000000000E-003 -0.377016232403849     
   5.79992125000000       0.307153750000000      -0.372452031744481     
   5.79992125000000       0.612307500000000      -0.359259973152885     
   5.79992125000000       0.917461250000000      -0.339276571968444     
   5.79992125000000        1.22261500000000      -0.315291463465656     
   5.79992125000000        1.52776875000000      -0.289923007002497     
   5.79992125000000        1.83292250000000      -0.265226853813846     
   5.79992125000000        2.13807625000000      -0.242904422714917     
   5.79992125000000        2.44323000000000      -0.223193612230809     
   5.79992125000000        2.74838375000000      -0.205703874482056     
   5.79992125000000        3.05353750000000      -0.190125579907505     
   5.79992125000000        3.35869125000000      -0.176450727136427     
   5.79992125000000        3.66384500000000      -0.164612437027986     
   5.79992125000000        3.96899875000000      -0.154122940919741     
   5.79992125000000        4.27415250000000      -0.144350811087790     
   5.79992125000000        4.57930625000000      -0.134945283371584     
   5.79992125000000        4.88446000000000      -0.125861601524381     
   5.79992125000000        5.18961375000000      -0.117246155419766     
   5.79992125000000        5.49476750000000      -0.109345238432704     
   5.79992125000000        5.79992125000000      -0.102373856472498     
   5.79992125000000        6.10507500000000      -9.638173292417314E-002
   5.79992125000000        6.41022875000000      -9.122995580661984E-002
   5.79992125000000        6.71538250000000      -8.667892078577567E-002
   5.79992125000000        7.02053625000000      -8.246302799202238E-002
   5.79992125000000        7.32569000000000      -7.838292312391372E-002
   6.10507500000000       2.000000000000000E-003 -0.312664140921262     
   6.10507500000000       0.307153750000000      -0.310679461977542     
   6.10507500000000       0.612307500000000      -0.303854490002345     
   6.10507500000000       0.917461250000000      -0.291749642218968     
   6.10507500000000        1.22261500000000      -0.276105722400559     
   6.10507500000000        1.52776875000000      -0.258855535744494     
   6.10507500000000        1.83292250000000      -0.241083940960482     
   6.10507500000000        2.13807625000000      -0.223659505137231     
   6.10507500000000        2.44323000000000      -0.207015450979542     
   6.10507500000000        2.74838375000000      -0.191282177678249     
   6.10507500000000        3.05353750000000      -0.176991362470971     
   6.10507500000000        3.35869125000000      -0.165211755875455     
   6.10507500000000        3.66384500000000      -0.156272290133390     
   6.10507500000000        3.96899875000000      -0.148497394207325     
   6.10507500000000        4.27415250000000      -0.140145976641813     
   6.10507500000000        4.57930625000000      -0.131125351961975     
   6.10507500000000        4.88446000000000      -0.122063605675835     
   6.10507500000000        5.18961375000000      -0.113523797399583     
   6.10507500000000        5.49476750000000      -0.105916086293985     
   6.10507500000000        5.79992125000000      -9.945819488403738E-002
   6.10507500000000        6.10507500000000      -9.418993824237004E-002
   6.10507500000000        6.41022875000000      -8.988886207446234E-002
   6.10507500000000        6.71538250000000      -8.620694163061378E-002
   6.10507500000000        7.02053625000000      -8.276774580567543E-002
   6.10507500000000        7.32569000000000      -7.914881641916291E-002
   6.41022875000000       2.000000000000000E-003 -0.269403867833899     
   6.41022875000000       0.307153750000000      -0.269973905640317     
   6.41022875000000       0.612307500000000      -0.267253325267842     
   6.41022875000000       0.917461250000000      -0.258969565791611     
   6.41022875000000        1.22261500000000      -0.247480723350979     
   6.41022875000000        1.52776875000000      -0.234531207426852     
   6.41022875000000        1.83292250000000      -0.220557927906884     
   6.41022875000000        2.13807625000000      -0.205927683218690     
   6.41022875000000        2.44323000000000      -0.190916546246382     
   6.41022875000000        2.74838375000000      -0.175598100309200     
   6.41022875000000        3.05353750000000      -0.161552133314914     
   6.41022875000000        3.35869125000000      -0.152020620366830     
   6.41022875000000        3.66384500000000      -0.147388989306238     
   6.41022875000000        3.96899875000000      -0.143587778643130     
   6.41022875000000        4.27415250000000      -0.136841477731717     
   6.41022875000000        4.57930625000000      -0.127544749537212     
   6.41022875000000        4.88446000000000      -0.118011142918263     
   6.41022875000000        5.18961375000000      -0.109410307610193     
   6.41022875000000        5.49476750000000      -0.102048419990480     
   6.41022875000000        5.79992125000000      -9.610195675427492E-002
   6.41022875000000        6.10507500000000      -9.162822744456434E-002
   6.41022875000000        6.41022875000000      -8.821095318327188E-002
   6.41022875000000        6.71538250000000      -8.536006957551449E-002
   6.41022875000000        7.02053625000000      -8.278850968680231E-002
   6.41022875000000        7.32569000000000      -7.990424233486947E-002
   6.71538250000000       2.000000000000000E-003 -0.238685999592979     
   6.71538250000000       0.307153750000000      -0.242683468084536     
   6.71538250000000       0.612307500000000      -0.241381377946509     
   6.71538250000000       0.917461250000000      -0.233873746095925     
   6.71538250000000        1.22261500000000      -0.224398037808712     
   6.71538250000000        1.52776875000000      -0.213960637513595     
   6.71538250000000        1.83292250000000      -0.202389232954264     
   6.71538250000000        2.13807625000000      -0.189569005286694     
   6.71538250000000        2.44323000000000      -0.175558754650012     
   6.71538250000000        2.74838375000000      -0.160056436308718     
   6.71538250000000        3.05353750000000      -0.146119901137800     
   6.71538250000000        3.35869125000000      -0.138617569072797     
   6.71538250000000        3.66384500000000      -0.139528356602387     
   6.71538250000000        3.96899875000000      -0.140184152202351     
   6.71538250000000        4.27415250000000      -0.134022361097259     
   6.71538250000000        4.57930625000000      -0.123865964655758     
   6.71538250000000        4.88446000000000      -0.113536276146549     
   6.71538250000000        5.18961375000000      -0.104848634430620     
   6.71538250000000        5.49476750000000      -9.775197682212286E-002
   6.71538250000000        5.79992125000000      -9.247027763096619E-002
   6.71538250000000        6.10507500000000      -8.894188067518063E-002
   6.71538250000000        6.41022875000000      -8.649698157143625E-002
   6.71538250000000        6.71538250000000      -8.420242732567461E-002
   6.71538250000000        7.02053625000000      -8.210749150847964E-002
   6.71538250000000        7.32569000000000      -8.047135175657651E-002
   7.02053625000000       2.000000000000000E-003 -0.218376820124432     
   7.02053625000000       0.307153750000000      -0.223147663850189     
   7.02053625000000       0.612307500000000      -0.216849031763654     
   7.02053625000000       0.917461250000000      -0.210420261581708     
   7.02053625000000        1.22261500000000      -0.203400328834580     
   7.02053625000000        1.52776875000000      -0.195245291310963     
   7.02053625000000        1.83292250000000      -0.185790558189735     
   7.02053625000000        2.13807625000000      -0.174910837486165     
   7.02053625000000        2.44323000000000      -0.162430632854344     
   7.02053625000000        2.74838375000000      -0.148330146891897     
   7.02053625000000        3.05353750000000      -0.135442523636862     
   7.02053625000000        3.35869125000000      -0.129968390930381     
   7.02053625000000        3.66384500000000      -0.135376462190681     
   7.02053625000000        3.96899875000000      -0.136872858841365     
   7.02053625000000        4.27415250000000      -0.129416641299175     
   7.02053625000000        4.57930625000000      -0.118525284715454     
   7.02053625000000        4.88446000000000      -0.108156567801316     
   7.02053625000000        5.18961375000000      -9.978641474029078E-002
   7.02053625000000        5.49476750000000      -9.319764037229054E-002
   7.02053625000000        5.79992125000000      -8.878358018435145E-002
   7.02053625000000        6.10507500000000      -8.640577046952892E-002
   7.02053625000000        6.41022875000000      -8.538649565745056E-002
   7.02053625000000        6.71538250000000      -8.415579606276322E-002
   7.02053625000000        7.02053625000000      -8.167875685338988E-002
   7.02053625000000        7.32569000000000      -8.113414188516596E-002
   7.32569000000000       2.000000000000000E-003 -0.205950495937140     
   7.32569000000000       0.307153750000000      -0.201838043282069     
   7.32569000000000       0.612307500000000      -0.194325720531072     
   7.32569000000000       0.917461250000000      -0.189674728758139     
   7.32569000000000        1.22261500000000      -0.184575823150699     
   7.32569000000000        1.52776875000000      -0.178335140554574     
   7.32569000000000        1.83292250000000      -0.170908229415901     
   7.32569000000000        2.13807625000000      -0.162383938151787     
   7.32569000000000        2.44323000000000      -0.152764303904253     
   7.32569000000000        2.74838375000000      -0.142482816023280     
   7.32569000000000        3.05353750000000      -0.134151124220617     
   7.32569000000000        3.35869125000000      -0.132230977395107     
   7.32569000000000        3.66384500000000      -0.132386174186693     
   7.32569000000000        3.96899875000000      -0.126916036359686     
   7.32569000000000        4.27415250000000      -0.120128086576908     
   7.32569000000000        4.57930625000000      -0.110689098442071     
   7.32569000000000        4.88446000000000      -0.101665201576512     
   7.32569000000000        5.18961375000000      -9.436837152732944E-002
   7.32569000000000        5.49476750000000      -8.862999176642807E-002
   7.32569000000000        5.79992125000000      -8.511983442994457E-002
   7.32569000000000        6.10507500000000      -8.382534492081478E-002
   7.32569000000000        6.41022875000000      -8.427870060862044E-002
   7.32569000000000        6.71538250000000      -8.519188448838259E-002
   7.32569000000000        7.02053625000000      -8.362070910787500E-002
   7.32569000000000        7.32569000000000      -7.921171919767511E-002
