  2.000000000000000E-003  2.000000000000000E-003 -0.571778409075929     
  2.000000000000000E-003  0.307153750000000      -0.594350528126189     
  2.000000000000000E-003  0.612307500000000      -0.546849938154855     
  2.000000000000000E-003  0.917461250000000      -0.466034168326925     
  2.000000000000000E-003   1.22261500000000      -0.395366623582974     
  2.000000000000000E-003   1.52776875000000      -0.339257797045476     
  2.000000000000000E-003   1.83292250000000      -0.294372302500082     
  2.000000000000000E-003   2.13807625000000      -0.257567631448528     
  2.000000000000000E-003   2.44323000000000      -0.225738159554445     
  2.000000000000000E-003   2.74838375000000      -0.198858321726389     
  2.000000000000000E-003   3.05353750000000      -0.180387024927842     
  2.000000000000000E-003   3.35869125000000      -0.175497661111436     
  2.000000000000000E-003   3.66384500000000      -0.176977734076389     
  2.000000000000000E-003   3.96899875000000      -0.151387879937717     
  2.000000000000000E-003   4.27415250000000      -0.130335143137270     
  2.000000000000000E-003   4.57930625000000      -0.116451045654302     
  2.000000000000000E-003   4.88446000000000      -0.107764870694333     
  2.000000000000000E-003   5.18961375000000      -0.101864232766439     
  2.000000000000000E-003   5.49476750000000      -9.701055658015303E-002
  2.000000000000000E-003   5.79992125000000      -9.413808254469412E-002
  2.000000000000000E-003   6.10507500000000      -9.236549976301975E-002
  2.000000000000000E-003   6.41022875000000      -8.987950473958596E-002
  2.000000000000000E-003   6.71538250000000      -8.524498519824372E-002
  2.000000000000000E-003   7.02053625000000      -8.271909340239648E-002
  2.000000000000000E-003   7.32569000000000      -8.227929425869697E-002
  0.307153750000000       2.000000000000000E-003 -0.576445621856066     
  0.307153750000000       0.307153750000000      -0.551091449367610     
  0.307153750000000       0.612307500000000      -0.530145178481231     
  0.307153750000000       0.917461250000000      -0.477375992632015     
  0.307153750000000        1.22261500000000      -0.416317070651344     
  0.307153750000000        1.52776875000000      -0.361094351382812     
  0.307153750000000        1.83292250000000      -0.314035692754093     
  0.307153750000000        2.13807625000000      -0.274209061015040     
  0.307153750000000        2.44323000000000      -0.239549498397359     
  0.307153750000000        2.74838375000000      -0.209227194737247     
  0.307153750000000        3.05353750000000      -0.187136078252003     
  0.307153750000000        3.35869125000000      -0.179106484693599     
  0.307153750000000        3.66384500000000      -0.179856082947105     
  0.307153750000000        3.96899875000000      -0.161935188458254     
  0.307153750000000        4.27415250000000      -0.139639447523684     
  0.307153750000000        4.57930625000000      -0.123746439807263     
  0.307153750000000        4.88446000000000      -0.113494206562008     
  0.307153750000000        5.18961375000000      -0.106231160274836     
  0.307153750000000        5.49476750000000      -0.100461498152370     
  0.307153750000000        5.79992125000000      -9.666281746288223E-002
  0.307153750000000        6.10507500000000      -9.398495495468236E-002
  0.307153750000000        6.41022875000000      -9.107276691808840E-002
  0.307153750000000        6.71538250000000      -8.746486784903594E-002
  0.307153750000000        7.02053625000000      -8.681321621267324E-002
  0.307153750000000        7.32569000000000      -8.760195356006226E-002
  0.612307500000000       2.000000000000000E-003 -0.567564665554974     
  0.612307500000000       0.307153750000000      -0.547828817901203     
  0.612307500000000       0.612307500000000      -0.519633812640868     
  0.612307500000000       0.917461250000000      -0.479600594982568     
  0.612307500000000        1.22261500000000      -0.428722120461502     
  0.612307500000000        1.52776875000000      -0.377227843952935     
  0.612307500000000        1.83292250000000      -0.330196350720847     
  0.612307500000000        2.13807625000000      -0.289604746988295     
  0.612307500000000        2.44323000000000      -0.254893998018749     
  0.612307500000000        2.74838375000000      -0.224544064353222     
  0.612307500000000        3.05353750000000      -0.202120716350270     
  0.612307500000000        3.35869125000000      -0.190049367741034     
  0.612307500000000        3.66384500000000      -0.182830335622284     
  0.612307500000000        3.96899875000000      -0.168022076836582     
  0.612307500000000        4.27415250000000      -0.148294171119364     
  0.612307500000000        4.57930625000000      -0.131633349115422     
  0.612307500000000        4.88446000000000      -0.119799756834308     
  0.612307500000000        5.18961375000000      -0.110955496264475     
  0.612307500000000        5.49476750000000      -0.104205582379968     
  0.612307500000000        5.79992125000000      -9.929691824249907E-002
  0.612307500000000        6.10507500000000      -9.556203781176395E-002
  0.612307500000000        6.41022875000000      -9.226130068284079E-002
  0.612307500000000        6.71538250000000      -8.972161327410628E-002
  0.612307500000000        7.02053625000000      -8.947123376676427E-002
  0.612307500000000        7.32569000000000      -8.817651995504305E-002
  0.917461250000000       2.000000000000000E-003 -0.589551809743599     
  0.917461250000000       0.307153750000000      -0.572841501463070     
  0.917461250000000       0.612307500000000      -0.536119704928423     
  0.917461250000000       0.917461250000000      -0.490647474439414     
  0.917461250000000        1.22261500000000      -0.440293886520631     
  0.917461250000000        1.52776875000000      -0.389709616067294     
  0.917461250000000        1.83292250000000      -0.342781045621430     
  0.917461250000000        2.13807625000000      -0.302564132922185     
  0.917461250000000        2.44323000000000      -0.268313218843742     
  0.917461250000000        2.74838375000000      -0.239114363698972     
  0.917461250000000        3.05353750000000      -0.215969758691614     
  0.917461250000000        3.35869125000000      -0.199567865618078     
  0.917461250000000        3.66384500000000      -0.186185803425102     
  0.917461250000000        3.96899875000000      -0.170705302987721     
  0.917461250000000        4.27415250000000      -0.153318767371111     
  0.917461250000000        4.57930625000000      -0.137615408582673     
  0.917461250000000        4.88446000000000      -0.125133565617829     
  0.917461250000000        5.18961375000000      -0.115456553856729     
  0.917461250000000        5.49476750000000      -0.107996843672267     
  0.917461250000000        5.79992125000000      -0.102127218179816     
  0.917461250000000        6.10507500000000      -9.735314194578257E-002
  0.917461250000000        6.41022875000000      -9.325569387016115E-002
  0.917461250000000        6.71538250000000      -8.999891014983011E-002
  0.917461250000000        7.02053625000000      -8.771273191899540E-002
  0.917461250000000        7.32569000000000      -8.486104928986289E-002
   1.22261500000000       2.000000000000000E-003 -0.600380045404331     
   1.22261500000000       0.307153750000000      -0.586007386093797     
   1.22261500000000       0.612307500000000      -0.549151137212526     
   1.22261500000000       0.917461250000000      -0.501257505422154     
   1.22261500000000        1.22261500000000      -0.449439166687862     
   1.22261500000000        1.52776875000000      -0.398312668865322     
   1.22261500000000        1.83292250000000      -0.351891789264622     
   1.22261500000000        2.13807625000000      -0.312102978281513     
   1.22261500000000        2.44323000000000      -0.277902957265463     
   1.22261500000000        2.74838375000000      -0.248923440193865     
   1.22261500000000        3.05353750000000      -0.225031003778301     
   1.22261500000000        3.35869125000000      -0.205667348640135     
   1.22261500000000        3.66384500000000      -0.188877331553456     
   1.22261500000000        3.96899875000000      -0.172461737642221     
   1.22261500000000        4.27415250000000      -0.156282002711419     
   1.22261500000000        4.57930625000000      -0.141653380230058     
   1.22261500000000        4.88446000000000      -0.129370334305117     
   1.22261500000000        5.18961375000000      -0.119490890339269     
   1.22261500000000        5.49476750000000      -0.111620304027596     
   1.22261500000000        5.79992125000000      -0.105114558708340     
   1.22261500000000        6.10507500000000      -9.948086278358965E-002
   1.22261500000000        6.41022875000000      -9.448186488319607E-002
   1.22261500000000        6.71538250000000      -9.015122046799239E-002
   1.22261500000000        7.02053625000000      -8.646139453264984E-002
   1.22261500000000        7.32569000000000      -8.297111136863441E-002
   1.52776875000000       2.000000000000000E-003 -0.596027158235268     
   1.52776875000000       0.307153750000000      -0.583482025437068     
   1.52776875000000       0.612307500000000      -0.549996894586306     
   1.52776875000000       0.917461250000000      -0.503600200428802     
   1.52776875000000        1.22261500000000      -0.452222719867669     
   1.52776875000000        1.52776875000000      -0.401979081784860     
   1.52776875000000        1.83292250000000      -0.357079382077625     
   1.52776875000000        2.13807625000000      -0.317405223230438     
   1.52776875000000        2.44323000000000      -0.283008429780095     
   1.52776875000000        2.74838375000000      -0.253800283241232     
   1.52776875000000        3.05353750000000      -0.229320272352456     
   1.52776875000000        3.35869125000000      -0.208640106456600     
   1.52776875000000        3.66384500000000      -0.190482661926492     
   1.52776875000000        3.96899875000000      -0.173796783185732     
   1.52776875000000        4.27415250000000      -0.158354025189140     
   1.52776875000000        4.57930625000000      -0.144548387066946     
   1.52776875000000        4.88446000000000      -0.132756519752236     
   1.52776875000000        5.18961375000000      -0.122996454277946     
   1.52776875000000        5.49476750000000      -0.114936299146553     
   1.52776875000000        5.79992125000000      -0.108060927211245     
   1.52776875000000        6.10507500000000      -0.101872916288308     
   1.52776875000000        6.41022875000000      -9.620337402588079E-002
   1.52776875000000        6.71538250000000      -9.113825888086063E-002
   1.52776875000000        7.02053625000000      -8.674714789099171E-002
   1.52776875000000        7.32569000000000      -8.290904114505038E-002
   1.83292250000000       2.000000000000000E-003 -0.580541025734772     
   1.83292250000000       0.307153750000000      -0.569567956135794     
   1.83292250000000       0.612307500000000      -0.538860252283573     
   1.83292250000000       0.917461250000000      -0.495598255406899     
   1.83292250000000        1.22261500000000      -0.448156296843602     
   1.83292250000000        1.52776875000000      -0.401294157122878     
   1.83292250000000        1.83292250000000      -0.357333767849172     
   1.83292250000000        2.13807625000000      -0.317766204046105     
   1.83292250000000        2.44323000000000      -0.283418749612248     
   1.83292250000000        2.74838375000000      -0.254365893303873     
   1.83292250000000        3.05353750000000      -0.229980775102197     
   1.83292250000000        3.35869125000000      -0.209206871682167     
   1.83292250000000        3.66384500000000      -0.190960971057083     
   1.83292250000000        3.96899875000000      -0.174521972646211     
   1.83292250000000        4.27415250000000      -0.159692008636664     
   1.83292250000000        4.57930625000000      -0.146606676365375     
   1.83292250000000        4.88446000000000      -0.135382004345861     
   1.83292250000000        5.18961375000000      -0.125894632573376     
   1.83292250000000        5.49476750000000      -0.117794420198359     
   1.83292250000000        5.79992125000000      -0.110661245771282     
   1.83292250000000        6.10507500000000      -0.104172118185464     
   1.83292250000000        6.41022875000000      -9.818821540576336E-002
   1.83292250000000        6.71538250000000      -9.276427066424754E-002
   1.83292250000000        7.02053625000000      -8.805363696924333E-002
   1.83292250000000        7.32569000000000      -8.402836171432379E-002
   2.13807625000000       2.000000000000000E-003 -0.560133639094869     
   2.13807625000000       0.307153750000000      -0.550011476602416     
   2.13807625000000       0.612307500000000      -0.522618316871194     
   2.13807625000000       0.917461250000000      -0.484003231539839     
   2.13807625000000        1.22261500000000      -0.439977855131480     
   2.13807625000000        1.52776875000000      -0.394866955300088     
   2.13807625000000        1.83292250000000      -0.351775930537658     
   2.13807625000000        2.13807625000000      -0.312865584350806     
   2.13807625000000        2.44323000000000      -0.279293883866551     
   2.13807625000000        2.74838375000000      -0.251147349016252     
   2.13807625000000        3.05353750000000      -0.227646192996299     
   2.13807625000000        3.35869125000000      -0.207617495118871     
   2.13807625000000        3.66384500000000      -0.190015209015983     
   2.13807625000000        3.96899875000000      -0.174242777547739     
   2.13807625000000        4.27415250000000      -0.160156422242846     
   2.13807625000000        4.57930625000000      -0.147816188264079     
   2.13807625000000        4.88446000000000      -0.137196014638095     
   2.13807625000000        5.18961375000000      -0.128052899571378     
   2.13807625000000        5.49476750000000      -0.120001909286780     
   2.13807625000000        5.79992125000000      -0.112692574530187     
   2.13807625000000        6.10507500000000      -0.105948115960613     
   2.13807625000000        6.41022875000000      -9.979079858472809E-002
   2.13807625000000        6.71538250000000      -9.435230051419237E-002
   2.13807625000000        7.02053625000000      -8.970779682788059E-002
   2.13807625000000        7.32569000000000      -8.572883182005042E-002
   2.44323000000000       2.000000000000000E-003 -0.551718808142461     
   2.44323000000000       0.307153750000000      -0.540337313354058     
   2.44323000000000       0.612307500000000      -0.510207042578404     
   2.44323000000000       0.917461250000000      -0.470182561186182     
   2.44323000000000        1.22261500000000      -0.426278584007902     
   2.44323000000000        1.52776875000000      -0.382139741489198     
   2.44323000000000        1.83292250000000      -0.340431859656731     
   2.44323000000000        2.13807625000000      -0.303135882432566     
   2.44323000000000        2.44323000000000      -0.271300448882237     
   2.44323000000000        2.74838375000000      -0.244874323224044     
   2.44323000000000        3.05353750000000      -0.222931575751049     
   2.44323000000000        3.35869125000000      -0.204217839174291     
   2.44323000000000        3.66384500000000      -0.187709047885766     
   2.44323000000000        3.96899875000000      -0.172892581630883     
   2.44323000000000        4.27415250000000      -0.159684829863662     
   2.44323000000000        4.57930625000000      -0.148129404865102     
   2.44323000000000        4.88446000000000      -0.138122555255223     
   2.44323000000000        5.18961375000000      -0.129341928723526     
   2.44323000000000        5.49476750000000      -0.121380126648735     
   2.44323000000000        5.79992125000000      -0.113943182284500     
   2.44323000000000        6.10507500000000      -0.106972573848052     
   2.44323000000000        6.41022875000000      -0.100643831516847     
   2.44323000000000        6.71538250000000      -9.526155817516992E-002
   2.44323000000000        7.02053625000000      -9.100332775470318E-002
   2.44323000000000        7.32569000000000      -8.750630571584657E-002
   2.74838375000000       2.000000000000000E-003 -0.544771892515425     
   2.74838375000000       0.307153750000000      -0.532434010724052     
   2.74838375000000       0.612307500000000      -0.499292933793551     
   2.74838375000000       0.917461250000000      -0.454090597800853     
   2.74838375000000        1.22261500000000      -0.407618812240654     
   2.74838375000000        1.52776875000000      -0.364134838591494     
   2.74838375000000        1.83292250000000      -0.324513402755407     
   2.74838375000000        2.13807625000000      -0.289788295066309     
   2.74838375000000        2.44323000000000      -0.260529931871782     
   2.74838375000000        2.74838375000000      -0.236444161056982     
   2.74838375000000        3.05353750000000      -0.216495302793859     
   2.74838375000000        3.35869125000000      -0.199417125631448     
   2.74838375000000        3.66384500000000      -0.184244386035187     
   2.74838375000000        3.96899875000000      -0.170548672759102     
   2.74838375000000        4.27415250000000      -0.158302571790975     
   2.74838375000000        4.57930625000000      -0.147547797616872     
   2.74838375000000        4.88446000000000      -0.138135381542991     
   2.74838375000000        5.18961375000000      -0.129700565215148     
   2.74838375000000        5.49476750000000      -0.121834491483307     
   2.74838375000000        5.79992125000000      -0.114286342552023     
   2.74838375000000        6.10507500000000      -0.107065425797587     
   2.74838375000000        6.41022875000000      -0.100458699038452     
   2.74838375000000        6.71538250000000      -9.509528547695827E-002
   2.74838375000000        7.02053625000000      -9.153889120591041E-002
   2.74838375000000        7.32569000000000      -8.914222850870725E-002
   3.05353750000000       2.000000000000000E-003 -0.531672333983489     
   3.05353750000000       0.307153750000000      -0.518701556720273     
   3.05353750000000       0.612307500000000      -0.482939202621992     
   3.05353750000000       0.917461250000000      -0.434778841633421     
   3.05353750000000        1.22261500000000      -0.385646784472009     
   3.05353750000000        1.52776875000000      -0.342799848620101     
   3.05353750000000        1.83292250000000      -0.305852857595687     
   3.05353750000000        2.13807625000000      -0.274339730841839     
   3.05353750000000        2.44323000000000      -0.248140899889093     
   3.05353750000000        2.74838375000000      -0.226690019786570     
   3.05353750000000        3.05353750000000      -0.208902281511840     
   3.05353750000000        3.35869125000000      -0.193573106901579     
   3.05353750000000        3.66384500000000      -0.179833197898898     
   3.05353750000000        3.96899875000000      -0.167334513115926     
   3.05353750000000        4.27415250000000      -0.156088026101441     
   3.05353750000000        4.57930625000000      -0.146128153848139     
   3.05353750000000        4.88446000000000      -0.137278701021967     
   3.05353750000000        5.18961375000000      -0.129165218193379     
   3.05353750000000        5.49476750000000      -0.121399451833854     
   3.05353750000000        5.79992125000000      -0.113753336933271     
   3.05353750000000        6.10507500000000      -0.106201347866985     
   3.05353750000000        6.41022875000000      -9.899667369975801E-002
   3.05353750000000        6.71538250000000      -9.331004689543386E-002
   3.05353750000000        7.02053625000000      -9.054462663154483E-002
   3.05353750000000        7.32569000000000      -8.989168800937400E-002
   3.35869125000000       2.000000000000000E-003 -0.510380680061894     
   3.35869125000000       0.307153750000000      -0.499193192903420     
   3.35869125000000       0.612307500000000      -0.461362758647051     
   3.35869125000000       0.917461250000000      -0.410401870099699     
   3.35869125000000        1.22261500000000      -0.360987230480577     
   3.35869125000000        1.52776875000000      -0.319610925397482     
   3.35869125000000        1.83292250000000      -0.285918251374194     
   3.35869125000000        2.13807625000000      -0.257953619210860     
   3.35869125000000        2.44323000000000      -0.234962620882569     
   3.35869125000000        2.74838375000000      -0.216176007901146     
   3.35869125000000        3.05353750000000      -0.200532451826146     
   3.35869125000000        3.35869125000000      -0.186943612308225     
   3.35869125000000        3.66384500000000      -0.174653737287064     
   3.35869125000000        3.96899875000000      -0.163378418548201     
   3.35869125000000        4.27415250000000      -0.153141620180556     
   3.35869125000000        4.57930625000000      -0.143960837369398     
   3.35869125000000        4.88446000000000      -0.135648942397903     
   3.35869125000000        5.18961375000000      -0.127853747345480     
   3.35869125000000        5.49476750000000      -0.120232110953348     
   3.35869125000000        5.79992125000000      -0.112570177129937     
   3.35869125000000        6.10507500000000      -0.104708323138120     
   3.35869125000000        6.41022875000000      -9.683844303333873E-002
   3.35869125000000        6.71538250000000      -9.041607098430091E-002
   3.35869125000000        7.02053625000000      -8.792488001943449E-002
   3.35869125000000        7.32569000000000      -8.863793543573385E-002
   3.66384500000000       2.000000000000000E-003 -0.471261766753023     
   3.66384500000000       0.307153750000000      -0.465066223662294     
   3.66384500000000       0.612307500000000      -0.427648985270176     
   3.66384500000000       0.917461250000000      -0.378337421975658     
   3.66384500000000        1.22261500000000      -0.332332315957006     
   3.66384500000000        1.52776875000000      -0.294814572234601     
   3.66384500000000        1.83292250000000      -0.265250904727282     
   3.66384500000000        2.13807625000000      -0.241110917527808     
   3.66384500000000        2.44323000000000      -0.221363939769172     
   3.66384500000000        2.74838375000000      -0.205190427290488     
   3.66384500000000        3.05353750000000      -0.191624939227290     
   3.66384500000000        3.35869125000000      -0.179729374713975     
   3.66384500000000        3.66384500000000      -0.168868832946910     
   3.66384500000000        3.96899875000000      -0.158808941342441     
   3.66384500000000        4.27415250000000      -0.149567919448390     
   3.66384500000000        4.57930625000000      -0.141143546951788     
   3.66384500000000        4.88446000000000      -0.133358149526958     
   3.66384500000000        5.18961375000000      -0.125913623299904     
   3.66384500000000        5.49476750000000      -0.118541309130267     
   3.66384500000000        5.79992125000000      -0.111073696412909     
   3.66384500000000        6.10507500000000      -0.103305319148337     
   3.66384500000000        6.41022875000000      -9.543480764677867E-002
   3.66384500000000        6.71538250000000      -8.892545101544640E-002
   3.66384500000000        7.02053625000000      -8.656802716466054E-002
   3.66384500000000        7.32569000000000      -8.662226701484248E-002
   3.96899875000000       2.000000000000000E-003 -0.404966154596896     
   3.96899875000000       0.307153750000000      -0.399525589642440     
   3.96899875000000       0.612307500000000      -0.373416595844458     
   3.96899875000000       0.917461250000000      -0.335606963899578     
   3.96899875000000        1.22261500000000      -0.298668446736013     
   3.96899875000000        1.52776875000000      -0.268120538133421     
   3.96899875000000        1.83292250000000      -0.243791746221367     
   3.96899875000000        2.13807625000000      -0.223853367861543     
   3.96899875000000        2.44323000000000      -0.207467620401975     
   3.96899875000000        2.74838375000000      -0.193922888425807     
   3.96899875000000        3.05353750000000      -0.182406079334226     
   3.96899875000000        3.35869125000000      -0.172153311960185     
   3.96899875000000        3.66384500000000      -0.162664762097754     
   3.96899875000000        3.96899875000000      -0.153763853924109     
   3.96899875000000        4.27415250000000      -0.145463992666708     
   3.96899875000000        4.57930625000000      -0.137754643521805     
   3.96899875000000        4.88446000000000      -0.130492238478732     
   3.96899875000000        5.18961375000000      -0.123457712856471     
   3.96899875000000        5.49476750000000      -0.116478838366523     
   3.96899875000000        5.79992125000000      -0.109481395351975     
   3.96899875000000        6.10507500000000      -0.102397315220670     
   3.96899875000000        6.41022875000000      -9.551730074359628E-002
   3.96899875000000        6.71538250000000      -9.027751789134564E-002
   3.96899875000000        7.02053625000000      -8.854606737923489E-002
   3.96899875000000        7.32569000000000      -8.810797599405726E-002
   4.27415250000000       2.000000000000000E-003 -0.325942226931464     
   4.27415250000000       0.307153750000000      -0.322859382309960     
   4.27415250000000       0.612307500000000      -0.309204238341832     
   4.27415250000000       0.917461250000000      -0.286598383964853     
   4.27415250000000        1.22261500000000      -0.261876098976320     
   4.27415250000000        1.52776875000000      -0.240065141298366     
   4.27415250000000        1.83292250000000      -0.221715382695127     
   4.27415250000000        2.13807625000000      -0.206339863953665     
   4.27415250000000        2.44323000000000      -0.193496660083644     
   4.27415250000000        2.74838375000000      -0.182649414628734     
   4.27415250000000        3.05353750000000      -0.173164459897683     
   4.27415250000000        3.35869125000000      -0.164474718277266     
   4.27415250000000        3.66384500000000      -0.156240641562726     
   4.27415250000000        3.96899875000000      -0.148369955025054     
   4.27415250000000        4.27415250000000      -0.140897725962611     
   4.27415250000000        4.57930625000000      -0.133832077472369     
   4.27415250000000        4.88446000000000      -0.127085855240121     
   4.27415250000000        5.18961375000000      -0.120527396096893     
   4.27415250000000        5.49476750000000      -0.114075316591189     
   4.27415250000000        5.79992125000000      -0.107745232705930     
   4.27415250000000        6.10507500000000      -0.101637848175889     
   4.27415250000000        6.41022875000000      -9.607804226787779E-002
   4.27415250000000        6.71538250000000      -9.208269887810296E-002
   4.27415250000000        7.02053625000000      -9.030964402781272E-002
   4.27415250000000        7.32569000000000      -8.902930551707312E-002
   4.57930625000000       2.000000000000000E-003 -0.259099395637709     
   4.57930625000000       0.307153750000000      -0.257747853154794     
   4.57930625000000       0.612307500000000      -0.251704260176312     
   4.57930625000000       0.917461250000000      -0.240402148697185     
   4.57930625000000        1.22261500000000      -0.226245070521289     
   4.57930625000000        1.52776875000000      -0.212348414230104     
   4.57930625000000        1.83292250000000      -0.199934897098695     
   4.57930625000000        2.13807625000000      -0.189195418674816     
   4.57930625000000        2.44323000000000      -0.179931130430221     
   4.57930625000000        2.74838375000000      -0.171743680236285     
   4.57930625000000        3.05353750000000      -0.164178685097283     
   4.57930625000000        3.35869125000000      -0.156884711507539     
   4.57930625000000        3.66384500000000      -0.149709767953654     
   4.57930625000000        3.96899875000000      -0.142678043060222     
   4.57930625000000        4.27415250000000      -0.135881487563983     
   4.57930625000000        4.57930625000000      -0.129374373296050     
   4.57930625000000        4.88446000000000      -0.123136060474854     
   4.57930625000000        5.18961375000000      -0.117110465708802     
   4.57930625000000        5.49476750000000      -0.111274893216561     
   4.57930625000000        5.79992125000000      -0.105679959189180     
   4.57930625000000        6.10507500000000      -0.100460231332794     
   4.57930625000000        6.41022875000000      -9.588476088375901E-002
   4.57930625000000        6.71538250000000      -9.241059741927957E-002
   4.57930625000000        7.02053625000000      -9.007332442249637E-002
   4.57930625000000        7.32569000000000      -8.781190831594150E-002
   4.88446000000000       2.000000000000000E-003 -0.210314087699633     
   4.88446000000000       0.307153750000000      -0.210003106608585     
   4.88446000000000       0.612307500000000      -0.207707991075626     
   4.88446000000000       0.917461250000000      -0.202206420748611     
   4.88446000000000        1.22261500000000      -0.194798194080953     
   4.88446000000000        1.52776875000000      -0.187076014268478     
   4.88446000000000        1.83292250000000      -0.179864979892497     
   4.88446000000000        2.13807625000000      -0.173343733975708     
   4.88446000000000        2.44323000000000      -0.167327219444650     
   4.88446000000000        2.74838375000000      -0.161491568021880     
   4.88446000000000        3.05353750000000      -0.155552001081544     
   4.88446000000000        3.35869125000000      -0.149379058477504     
   4.88446000000000        3.66384500000000      -0.143019805863512     
   4.88446000000000        3.96899875000000      -0.136630432251119     
   4.88446000000000        4.27415250000000      -0.130377239366488     
   4.88446000000000        4.57930625000000      -0.124369139937919     
   4.88446000000000        4.88446000000000      -0.118643486022840     
   4.88446000000000        5.18961375000000      -0.113195111326547     
   4.88446000000000        5.49476750000000      -0.108021885767661     
   4.88446000000000        5.79992125000000      -0.103155197481682     
   4.88446000000000        6.10507500000000      -9.867114781226824E-002
   4.88446000000000        6.41022875000000      -9.469347693733703E-002
   4.88446000000000        6.71538250000000      -9.135445456229120E-002
   4.88446000000000        7.02053625000000      -8.858147980436060E-002
   4.88446000000000        7.32569000000000      -8.579608311611522E-002
   5.18961375000000       2.000000000000000E-003 -0.175329681917209     
   5.18961375000000       0.307153750000000      -0.175169031476100     
   5.18961375000000       0.612307500000000      -0.174170782044042     
   5.18961375000000       0.917461250000000      -0.172047021180683     
   5.18961375000000        1.22261500000000      -0.169108793184655     
   5.18961375000000        1.52776875000000      -0.165894603019841     
   5.18961375000000        1.83292250000000      -0.162701112489045     
   5.18961375000000        2.13807625000000      -0.159475735588990     
   5.18961375000000        2.44323000000000      -0.155955531246320     
   5.18961375000000        2.74838375000000      -0.151871265071691     
   5.18961375000000        3.05353750000000      -0.147103182006892     
   5.18961375000000        3.35869125000000      -0.141731364847178     
   5.18961375000000        3.66384500000000      -0.135980572979182     
   5.18961375000000        3.96899875000000      -0.130115130841363     
   5.18961375000000        4.27415250000000      -0.124355173015292     
   5.18961375000000        4.57930625000000      -0.118845652763359     
   5.18961375000000        4.88446000000000      -0.113661197704498     
   5.18961375000000        5.18961375000000      -0.108824205279681     
   5.18961375000000        5.49476750000000      -0.104327895277812     
   5.18961375000000        5.79992125000000      -0.100159810452799     
   5.18961375000000        6.10507500000000      -9.632403956237398E-002
   5.18961375000000        6.41022875000000      -9.284842484243427E-002
   5.18961375000000        6.71538250000000      -8.973990619420909E-002
   5.18961375000000        7.02053625000000      -8.687897259253387E-002
   5.18961375000000        7.32569000000000      -8.398472616457703E-002
   5.49476750000000       2.000000000000000E-003 -0.147579125550425     
   5.49476750000000       0.307153750000000      -0.147911646373555     
   5.49476750000000       0.612307500000000      -0.148658423773481     
   5.49476750000000       0.917461250000000      -0.149314968719712     
   5.49476750000000        1.22261500000000      -0.149536638026715     
   5.49476750000000        1.52776875000000      -0.149343887803607     
   5.49476750000000        1.83292250000000      -0.148766059568942     
   5.49476750000000        2.13807625000000      -0.147611267567081     
   5.49476750000000        2.44323000000000      -0.145589504674849     
   5.49476750000000        2.74838375000000      -0.142514654761876     
   5.49476750000000        3.05353750000000      -0.138432151161956     
   5.49476750000000        3.35869125000000      -0.133605176365207     
   5.49476750000000        3.66384500000000      -0.128384836193574     
   5.49476750000000        3.96899875000000      -0.123072132434246     
   5.49476750000000        4.27415250000000      -0.117872771033017     
   5.49476750000000        4.57930625000000      -0.112926615587896     
   5.49476750000000        4.88446000000000      -0.108329291375477     
   5.49476750000000        5.18961375000000      -0.104124174278893     
   5.49476750000000        5.49476750000000      -0.100295260679243     
   5.49476750000000        5.79992125000000      -9.678653630559615E-002
   5.49476750000000        6.10507500000000      -9.355146905314293E-002
   5.49476750000000        6.41022875000000      -9.060021076517923E-002
   5.49476750000000        6.71538250000000      -8.796475698006657E-002
   5.49476750000000        7.02053625000000      -8.551230471099706E-002
   5.49476750000000        7.32569000000000      -8.288259130006820E-002
   5.79992125000000       2.000000000000000E-003 -0.127376632709345     
   5.79992125000000       0.307153750000000      -0.128425707841491     
   5.79992125000000       0.612307500000000      -0.130688234503767     
   5.79992125000000       0.917461250000000      -0.133064670520427     
   5.79992125000000        1.22261500000000      -0.135135488477881     
   5.79992125000000        1.52776875000000      -0.136701133405898     
   5.79992125000000        1.83292250000000      -0.137409403483458     
   5.79992125000000        2.13807625000000      -0.137137704779757     
   5.79992125000000        2.44323000000000      -0.135668896184399     
   5.79992125000000        2.74838375000000      -0.132931329008481     
   5.79992125000000        3.05353750000000      -0.129133024250786     
   5.79992125000000        3.35869125000000      -0.124716201981027     
   5.79992125000000        3.66384500000000      -0.120123954101423     
   5.79992125000000        3.96899875000000      -0.115574296760307     
   5.79992125000000        4.27415250000000      -0.111119520540894     
   5.79992125000000        4.57930625000000      -0.106840484416472     
   5.79992125000000        4.88446000000000      -0.102868337862256     
   5.79992125000000        5.18961375000000      -9.929222515595741E-002
   5.79992125000000        5.49476750000000      -9.610129335782197E-002
   5.79992125000000        5.79992125000000      -9.320043958636304E-002
   5.79992125000000        6.10507500000000      -9.050350598351918E-002
   5.79992125000000        6.41022875000000      -8.814380935065440E-002
   5.79992125000000        6.71538250000000      -8.627958958870836E-002
   5.79992125000000        7.02053625000000      -8.466900937925835E-002
   5.79992125000000        7.32569000000000      -8.253240883157208E-002
   6.10507500000000       2.000000000000000E-003 -0.111114910078249     
   6.10507500000000       0.307153750000000      -0.113713091172112     
   6.10507500000000       0.612307500000000      -0.118539554270547     
   6.10507500000000       0.917461250000000      -0.122228372221498     
   6.10507500000000        1.22261500000000      -0.124701769646373     
   6.10507500000000        1.52776875000000      -0.126557596933828     
   6.10507500000000        1.83292250000000      -0.127549753900510     
   6.10507500000000        2.13807625000000      -0.127315944883247     
   6.10507500000000        2.44323000000000      -0.125745263530256     
   6.10507500000000        2.74838375000000      -0.122840197438688     
   6.10507500000000        3.05353750000000      -0.118940106804619     
   6.10507500000000        3.35869125000000      -0.114797196960456     
   6.10507500000000        3.66384500000000      -0.111132101921981     
   6.10507500000000        3.96899875000000      -0.107821384293342     
   6.10507500000000        4.27415250000000      -0.104409351332292     
   6.10507500000000        4.57930625000000      -0.100880922468740     
   6.10507500000000        4.88446000000000      -9.752397492837567E-002
   6.10507500000000        5.18961375000000      -9.454347843323965E-002
   6.10507500000000        5.49476750000000      -9.195770917384025E-002
   6.10507500000000        5.79992125000000      -8.962158175378643E-002
   6.10507500000000        6.10507500000000      -8.748184691405871E-002
   6.10507500000000        6.41022875000000      -8.572920172574326E-002
   6.10507500000000        6.71538250000000      -8.481837413210255E-002
   6.10507500000000        7.02053625000000      -8.462527562859011E-002
   6.10507500000000        7.32569000000000      -8.326500678114208E-002
   6.41022875000000       2.000000000000000E-003 -9.309383065055493E-002
   6.41022875000000       0.307153750000000      -0.100070144938264     
   6.41022875000000       0.612307500000000      -0.110053848211759     
   6.41022875000000       0.917461250000000      -0.114798651324691     
   6.41022875000000        1.22261500000000      -0.116669453295666     
   6.41022875000000        1.52776875000000      -0.117844809538945     
   6.41022875000000        1.83292250000000      -0.118432186511434     
   6.41022875000000        2.13807625000000      -0.117856381428699     
   6.41022875000000        2.44323000000000      -0.115886363675287     
   6.41022875000000        2.74838375000000      -0.112373384274001     
   6.41022875000000        3.05353750000000      -0.107779628360277     
   6.41022875000000        3.35869125000000      -0.103902776355104     
   6.41022875000000        3.66384500000000      -0.101848125733464     
   6.41022875000000        3.96899875000000      -0.100424103994247     
   6.41022875000000        4.27415250000000      -9.820300824673667E-002
   6.41022875000000        4.57930625000000      -9.532378144272292E-002
   6.41022875000000        4.88446000000000      -9.247778448492874E-002
   6.41022875000000        5.18961375000000      -9.003602729177747E-002
   6.41022875000000        5.49476750000000      -8.805862038898878E-002
   6.41022875000000        5.79992125000000      -8.641302594812619E-002
   6.41022875000000        6.10507500000000      -8.492626422862205E-002
   6.41022875000000        6.41022875000000      -8.360276361675757E-002
   6.41022875000000        6.71538250000000      -8.337472622772918E-002
   6.41022875000000        7.02053625000000      -8.529717899260678E-002
   6.41022875000000        7.32569000000000      -8.541380373651962E-002
   6.71538250000000       2.000000000000000E-003 -7.158636765126304E-002
   6.71538250000000       0.307153750000000      -8.840489548887047E-002
   6.71538250000000       0.612307500000000      -0.104407549825138     
   6.71538250000000       0.917461250000000      -0.108635136416881     
   6.71538250000000        1.22261500000000      -0.109501048547932     
   6.71538250000000        1.52776875000000      -0.109944911901289     
   6.71538250000000        1.83292250000000      -0.110005251385000     
   6.71538250000000        2.13807625000000      -0.109112819337266     
   6.71538250000000        2.44323000000000      -0.106784622325800     
   6.71538250000000        2.74838375000000      -0.102480591709237     
   6.71538250000000        3.05353750000000      -9.714754948878668E-002
   6.71538250000000        3.35869125000000      -9.371440569491706E-002
   6.71538250000000        3.66384500000000      -9.424395849535942E-002
   6.71538250000000        3.96899875000000      -9.494311193396157E-002
   6.71538250000000        4.27415250000000      -9.317109687646180E-002
   6.71538250000000        4.57930625000000      -9.031742863540260E-002
   6.71538250000000        4.88446000000000      -8.775295752168125E-002
   6.71538250000000        5.18961375000000      -8.580134155117598E-002
   6.71538250000000        5.49476750000000      -8.450263496087837E-002
   6.71538250000000        5.79992125000000      -8.381901196063997E-002
   6.71538250000000        6.10507500000000      -8.335394655428237E-002
   6.71538250000000        6.41022875000000      -8.251077673743747E-002
   6.71538250000000        6.71538250000000      -8.169406129295766E-002
   6.71538250000000        7.02053625000000      -8.482478609306439E-002
   6.71538250000000        7.32569000000000      -8.790937011295133E-002
   7.02053625000000       2.000000000000000E-003 -7.200319862802691E-002
   7.02053625000000       0.307153750000000      -9.105658729916584E-002
   7.02053625000000       0.612307500000000      -9.863740893167297E-002
   7.02053625000000       0.917461250000000      -0.101105855085772     
   7.02053625000000        1.22261500000000      -0.102319945900692     
   7.02053625000000        1.52776875000000      -0.102792983810763     
   7.02053625000000        1.83292250000000      -0.102664872037731     
   7.02053625000000        2.13807625000000      -0.101736129906172     
   7.02053625000000        2.44323000000000      -9.949884870723670E-002
   7.02053625000000        2.74838375000000      -9.542160130158427E-002
   7.02053625000000        3.05353750000000      -9.046748789658648E-002
   7.02053625000000        3.35869125000000      -8.828400466023999E-002
   7.02053625000000        3.66384500000000      -9.191374622160371E-002
   7.02053625000000        3.96899875000000      -9.214760332642548E-002
   7.02053625000000        4.27415250000000      -8.900352446107367E-002
   7.02053625000000        4.57930625000000      -8.566713071855998E-002
   7.02053625000000        4.88446000000000      -8.320034873986096E-002
   7.02053625000000        5.18961375000000      -8.173072484168967E-002
   7.02053625000000        5.49476750000000      -8.114631116574526E-002
   7.02053625000000        5.79992125000000      -8.158910013972456E-002
   7.02053625000000        6.10507500000000      -8.271432088781623E-002
   7.02053625000000        6.41022875000000      -8.356677779177692E-002
   7.02053625000000        6.71538250000000      -8.241947385458845E-002
   7.02053625000000        7.02053625000000      -8.023408311856929E-002
   7.02053625000000        7.32569000000000      -8.388217550360180E-002
   7.32569000000000       2.000000000000000E-003 -9.467481324216914E-002
   7.32569000000000       0.307153750000000      -9.326932939250962E-002
   7.32569000000000       0.612307500000000      -9.058639751126343E-002
   7.32569000000000       0.917461250000000      -9.385496444592549E-002
   7.32569000000000        1.22261500000000      -9.602219965551193E-002
   7.32569000000000        1.52776875000000      -9.674915527224939E-002
   7.32569000000000        1.83292250000000      -9.666103354080817E-002
   7.32569000000000        2.13807625000000      -9.602011191321544E-002
   7.32569000000000        2.44323000000000      -9.465027760986769E-002
   7.32569000000000        2.74838375000000      -9.257304209153944E-002
   7.32569000000000        3.05353750000000      -9.074562170903425E-002
   7.32569000000000        3.35869125000000      -9.104711297867689E-002
   7.32569000000000        3.66384500000000      -9.225435473210082E-002
   7.32569000000000        3.96899875000000      -8.792762512713233E-002
   7.32569000000000        4.27415250000000      -8.432525692376262E-002
   7.32569000000000        4.57930625000000      -8.099367041817816E-002
   7.32569000000000        4.88446000000000      -7.873868875633097E-002
   7.32569000000000        5.18961375000000      -7.768057206906026E-002
   7.32569000000000        5.49476750000000      -7.762533338679646E-002
   7.32569000000000        5.79992125000000      -7.884240109763466E-002
   7.32569000000000        6.10507500000000      -8.112731829615771E-002
   7.32569000000000        6.41022875000000      -8.381632278272584E-002
   7.32569000000000        6.71538250000000      -8.529046957047615E-002
   7.32569000000000        7.02053625000000      -8.200894714950951E-002
   7.32569000000000        7.32569000000000      -7.397051032183814E-002
